1643172552.43	8200	1.999999	0.355	546328	250	-92.3
1643172552.65	11700	3.781871	0.0	1102047	106	8.2
1643172552.81	11700	5.622815	0.0	1111083	55	11.7
1643172552.97	11700	7.470856	0.0	1066380	52	11.7
1643172553.31	11700	9.124876	0.0	3938957	223	11.7
1643172554.41	32800	10.023896	0.0	15664097	897	11.699999999999996
1643172555.73	32800	10.707799	0.0	15560661	1140	32.8
1643172556.91	32800	11.530309	0.0	15851372	1008	32.8
1643172557.92	32800	12.516092	0.0	14688721	862	32.8
1643172560.18	32800	12.251365	0.0	12381646	2108	32.8
1643172562.08	32800	12.358867	0.0	10179458	1754	32.8
1643172563.2	32800	13.566887	0.0	7987681	993	32.8
1643172563.71	32800	15.244862	0.0	6249975	396	32.8
1643172564.2	32800	16.927539	0.0	6462926	369	32.8
1643172564.65	32800	18.623219	0.0	6930236	323	32.8
1643172565.11	32800	20.270448	0.0	7176786	333	32.8
1643172565.54	32800	21.920866	0.0	6963959	305	32.8
1643172570.23	260000	21.169658	0.0	78574581	3828	32.80000000000001
1643172574.5	260000	20.38769	0.0	78901633	3827	260.0
1643172578.3	260000	19.733535	0.0	79414941	3336	260.0
1643172582.18	260000	18.818403	0.0	73704781	3453	260.0
1643172586.57	260000	17.262463	0.0	80783826	3929	260.0
1643172591.53	260000	14.915396	0.0	77638812	4486	260.0
1643172594.24	260000	14.699782	0.0	74749470	2249	260.0
1643172595.7	260000	15.806416	0.0	75910911	1042	260.0
1643172597.12	260000	17.576963	0.0	74070687	827	260.0
1643172598.69	260000	19.289392	0.0	73938718	1139	260.0
1643172601.89	260000	20.804019	0.0	73613985	2672	260.0
1643172604.2	260000	22.627157	0.0	69503182	1840	260.0
1643172608.62	260000	23.885774	0.0	72822670	4035	260.0
1643172612.34	260000	25.035654	0.0	70991563	3210	260.0
1643172615.73	260000	26.498665	0.0	66218671	2943	260.0
1643172619.67	260000	27.829381	0.0	71469145	3532	260.0
1643172622.51	260000	29.195248	0.0	64074874	2335	260.0
1643172625.32	260000	30.679	0.0	65041967	2395	260.0
1643172628.63	260000	32.032831	0.0	65860507	2709	260.0
1643172631.81	260000	33.600154	0.0	60900183	2784	260.0
1643172635.02	260000	35.038151	0.0	65223805	2713	260.0
1643172638.0	260000	36.27411	0.0	61492275	2616	260.0
1643172640.46	260000	37.516052	0.0	57534179	2117	260.0
1643172643.64	260000	39.264435	0.0	64191273	2777	260.0
1643172646.24	260000	40.673527	0.0	57421190	2219	260.0
1643172649.53	260000	42.133591	0.0	60358582	2840	260.0
1643172652.28	260000	43.828822	0.0	60581734	2312	260.0
1643172656.21	260000	44.984448	0.0	55686462	3552	260.0
1643172660.07	260000	46.311448	0.0	61687104	3343	260.0
1643172663.1	260000	47.815788	0.0	56994559	2668	260.0
1643172666.02	260000	49.211592	0.0	55162012	2554	260.0
1643172669.76	260000	50.506622	0.0	63612323	3287	260.0
1643172670.34	32800	52.364361	0.0	7160738	451	-194.39999999999998
1643172674.26	260000	53.707982	0.0	59826276	3510	32.80000000000001
1643172678.48	260000	54.783141	0.0	58861434	3768	260.0
1643172678.81	32800	56.783141	0.0	7308924	195	-194.39999999999998
1643172679.11	32800	58.748267	0.0	7936123	172	32.8
1643172683.31	32800	59.902941	0.0	7845705	70	32.8
1643172693.52	32800	59.797692	0.0	7682661	67	32.8
1643172702.91	32800	59.778059	0.0	8703604	677	32.8
1643172714.77	260000	59.887734	0.0	50406269	1411	32.80000000000001
1643172724.39	260000	59.898972	0.0	43226513	2046	260.0
1643172734.38	260000	59.804008	0.0	35938085	1240	260.0
1643172734.89	260000	59.837342	0.0	631698	332	260.0

1643172735.35	8200	1.999999	0.114	427088	8	-29.64
1643172735.56	32800	3.824636	0.0	1705511	94	8.199999999999996
1643172735.68	32800	5.703152	0.0	1560846	19	32.8
1643172735.8	32800	7.583393	0.0	1542804	17	32.8
1643172736.19	32800	9.19846	0.0	12166782	200	32.8
1643172736.63	32800	10.752414	0.0	15664097	277	32.8
1643172739.41	260000	9.973445	0.0	84756689	1680	32.80000000000001
1643172741.05	260000	10.336538	0.0	85798884	1022	260.0
1643172743.31	260000	10.073665	0.0	86059829	1739	260.0
1643172745.6	260000	10.283319	0.0	83431241	1832	260.0
1643172748.05	260000	10.792086	0.0	82198417	1952	260.0
1643172750.35	260000	11.772832	0.0	79299299	1831	260.0
