1642838590.91	8200	1.999999	0.52	546328	413	-135.2
1642838591.59	8200	3.326485	0.0	790650	555	8.2
1642838592.33	8200	4.582937	0.0	911646	637	8.2
1642838593.04	8200	5.877702	0.0	844970	590	8.2
1642838593.9	8200	7.015994	0.0	2973194	734	8.2
1642838595.19	11700	7.722089	0.0	4536725	1160	8.2
1642838595.96	11700	8.957057	0.0	5378836	640	11.7
1642838596.54	11700	10.379323	0.0	4892753	455	11.7
1642838598.06	32800	10.858438	0.0	14688721	1271	11.699999999999996
1642838599.53	32800	11.386099	0.0	12381646	1316	32.8
1642838600.69	32800	12.221343	0.0	10179458	1018	32.8
1642838601.57	32800	13.545239	0.0	7987681	741	32.8
1642838602.09	32800	15.052504	0.0	6249975	397	32.8
1642838602.59	32800	16.551076	0.0	6462926	374	32.8
1642838603.06	32800	18.078843	0.0	6930236	348	32.8
1642838603.58	32800	19.563619	0.0	7176786	383	32.8
1642838604.15	32800	21.17646	0.0	6963959	443	32.8
1642838605.1	32800	22.297628	0.0	7320305	810	32.8
1642838606.46	32800	23.135236	0.0	7420242	1239	32.8
1642838607.06	32800	24.533669	0.0	7455282	473	32.8
1642838607.69	32800	26.027134	0.0	7960895	486	32.8
1642838608.19	32800	27.774662	0.0	6396912	373	32.8
1642838608.95	32800	29.304194	0.0	7253832	623	32.8
1642838610.01	32800	30.725222	0.0	7034316	939	32.8
1642838610.75	32800	32.230988	0.0	7133512	608	32.8
1642838611.25	32800	33.930549	0.0	7041401	378	32.8
1642838611.77	32800	35.613586	0.0	7143328	385	32.8
1642838612.29	32800	37.357341	0.0	7338535	396	32.8
1642838612.93	32800	38.884971	0.0	6896645	517	32.8
1642838613.58	32800	40.350568	0.0	6714054	510	32.8
1642838614.2	32800	42.136371	0.0	7018701	492	32.8
1642838615.14	32800	43.330938	0.0	6838204	819	32.8
1642838615.95	32800	44.661189	0.0	6922846	677	32.8
1642838616.63	32800	46.04034	0.0	6926196	547	32.8
1642838617.21	32800	47.595941	0.0	7072104	451	32.8
1642838617.74	32800	49.236209	0.0	7515735	403	32.8
1642838618.21	32800	50.982028	0.0	7011028	350	32.8
1642838618.69	32800	52.655381	0.0	7307337	350	32.8
1642838619.17	32800	54.211099	0.0	7344127	342	32.8
1642838619.77	32800	55.70501	0.0	7064203	475	32.8
1642838620.66	32800	56.817591	0.0	7516082	755	32.8
1642838621.73	32800	57.867272	0.0	7278398	940	32.8
1642838622.44	32800	59.322529	0.0	7481760	582	32.8
1642838624.27	32800	59.852976	0.0	7871221	690	32.8
1642838626.44	32800	59.730757	0.0	7236548	1037	32.8
1642838628.6	32800	59.98477	0.0	7418057	518	32.8
1642838631.76	32800	59.846016	0.0	7580084	530	32.8
1642838634.03	32800	59.594878	0.0	7306910	1136	32.8
1642838636.53	32800	59.602821	0.0	7790808	859	32.8
1642838638.99	32800	59.610633	0.0	7160738	822	32.8
1642838641.03	32800	59.985359	0.0	7565820	406	32.8
1642838643.16	32800	59.842987	0.0	8064139	503	32.8
1642838645.6	32800	59.573807	0.0	7308924	293	32.8
1642838647.94	32800	59.675106	0.0	7936123	198	32.8
1642838650.81	32800	59.21666	0.0	7845705	1341	32.8
1642838652.76	32800	59.843562	0.0	7682661	317	32.8
1642838654.69	32800	59.843544	0.0	8703604	291	32.8
1642838656.82	152400	59.631115	0.0	37213320	1651	32.80000000000001
1642838658.71	152400	59.743102	0.0	34267546	1623	152.4
1642838660.66	152400	59.791659	0.0	32823233	1689	152.4
1642838660.81	152400	59.681648	0.0	629903	35	152.4

1642838660.84	32800	59.673185	0.52	629903	35	-135.2
1642838661.24	8200	1.999999	-0.404	427088	20	88.64000000000001
1642838661.46	152400	3.82345	0.0	1757078	88	8.200000000000017
1642838661.64	32800	5.642733	0.0	1560846	68	-86.8
1642838661.65	152400	5.633352	0.0	1560846	68	32.80000000000001
1642838661.84	152400	7.447123	0.0	1542805	67	152.4
1642838675.95	152400	59.9032	0.0	7515735	85	152.4
1642838678.89	260000	59.92969	0.0	60900183	1176	152.4
1642838682.45	260000	59.905696	0.0	65223805	1623	260.0
1642838686.26	260000	59.945414	0.0	61492275	1417	260.0
1642838689.46	260000	59.878877	0.0	57534179	1308	260.0
1642838693.87	260000	58.643386	0.0	64191273	3980	260.0
1642838696.55	260000	58.366029	0.0	57421190	2288	260.0
1642838699.34	260000	57.743993	0.0	60358582	2363	260.0
1642838699.35	152400	57.734044	0.0	60358582	2363	44.80000000000001
1642838700.71	152400	58.728432	0.0	35599566	1098	152.4
1642838702.21	152400	59.402607	0.0	31880015	1120	152.4
1642838704.29	152400	59.868786	0.0	35467287	1309	152.4
1642838706.91	152400	59.840137	0.0	35220717	1300	152.4
1642838709.44	152400	59.769472	0.0	32694645	2216	152.4
1642838712.01	152400	59.830865	0.0	39805936	1747	152.4
1642838713.75	152400	59.981332	0.0	33801477	1453	152.4
1642838716.75	152400	59.89355	0.0	36845834	1658	152.4
1642838721.29	152400	57.800573	0.0	38920703	4202	152.4
1642838721.3	32800	57.790108	0.0	38920703	4202	-86.8
1642838721.59	32800	59.543282	0.0	7308924	157	32.8
1642838721.6	152400	59.537073	0.0	7308924	157	32.80000000000001
1642838723.78	152400	59.525193	0.0	37188900	359	152.4
1642838723.78	260000	59.450255	0.0	37188900	359	152.4
1642838725.69	260000	59.663623	0.0	53458888	997	260.0
1642838727.7	260000	59.876595	0.0	53798130	545	260.0
1642838730.0	260000	59.83809	0.0	61358299	882	260.0
1642838732.24	260000	59.846174	0.0	50406269	906	260.0
1642838734.16	260000	59.981907	0.0	43226513	1027	260.0
1642838736.33	260000	59.981949	0.0	35938085	889	260.0
1642838736.43	260000	59.681691	0.0	631698	6	260.0
