1642844264.67	8200	1.999999	0.518	546328	413	-134.68
1642844265.29	8200	3.387634	0.0	790650	508	8.2
1642844265.71	8200	4.965801	0.0	911646	319	8.2
1642844266.11	8200	6.569054	0.0	844970	295	8.2
1642844268.26	8200	6.411746	0.0	2973194	2039	8.2
1642844269.86	8200	6.8187	0.0	3361033	1474	8.2
1642844271.99	8200	6.683061	0.0	3920262	2015	8.2
1642844274.47	8200	6.205261	0.0	3861716	2353	8.2
1642844276.27	8200	6.402181	0.0	3391749	1687	8.2
1642844278.43	11700	6.324125	0.0	4371099	2030	8.2
1642844279.73	11700	7.026248	0.0	3375218	1181	11.7
1642844281.25	11700	7.503588	0.0	2615238	1411	11.7
1642844282.6	11700	8.156123	0.0	2255191	1235	11.7
1642844283.54	11700	9.208324	0.0	2392223	837	11.7
1642844284.8	11700	9.953454	0.0	2491394	1143	11.7
1642844286.5	11700	10.322193	0.0	2629283	1593	11.7
1642844287.84	11700	11.04657	0.0	2662617	1222	11.7
1642844290.78	11700	10.102664	0.0	2614451	2829	11.7
1642844293.2	8200	9.680478	0.0	1872134	2311	4.699999999999999
1642844296.15	11700	8.737487	0.0	2700523	1888	8.2
1642844298.59	8200	8.288695	0.0	1917979	1340	4.699999999999999
1642844303.3	11700	5.587284	0.0	2343098	4594	8.2
1642844304.26	11700	6.624806	0.0	2430789	855	11.7
1642844307.05	11700	5.837826	0.0	2399571	2680	11.7
1642844307.64	8200	7.248779	0.0	1790499	482	4.699999999999999
1642844308.34	11700	8.541718	0.0	2410904	590	8.2
1642844309.07	8200	9.815274	0.0	1757517	614	4.699999999999999
1642844309.79	8200	11.092939	0.0	1761101	616	8.2
1642844310.5	8200	12.384977	0.0	1733219	606	8.2
1642844311.19	8200	13.690829	0.0	1691448	591	8.2
1642844311.5	8200	15.386593	0.0	1734337	200	8.2
1642844311.8	8200	17.082989	0.0	1716793	199	8.2
1642844312.2	11700	18.682037	0.0	2448718	284	8.2
1642844312.74	11700	20.145186	0.0	2478629	432	11.7
1642844313.28	11700	21.60672	0.0	2529063	430	11.7
1642844313.7	11700	23.182604	0.0	2621613	305	11.7
1642844314.11	11700	24.776069	0.0	2518225	292	11.7
1642844314.58	11700	26.297841	0.0	2654985	364	11.7
1642844315.06	11700	27.824021	0.0	2594029	363	11.7
1642844315.93	32800	28.956124	0.0	7064203	730	11.699999999999996
1642844316.7	32800	30.18541	0.0	7516082	631	32.8
1642844317.38	32800	31.500907	0.0	7278398	553	32.8
1642844318.03	32800	32.849732	0.0	7481760	523	32.8
1642844318.62	32800	34.26456	0.0	7871221	448	32.8
1642844319.13	32800	35.749926	0.0	7236548	388	32.8
1642844319.63	32800	37.252382	0.0	7418057	371	32.8
1642844320.14	32800	38.745997	0.0	7580084	379	32.8
1642844320.66	32800	40.227222	0.0	7306910	393	32.8
1642844321.21	32800	41.678052	0.0	7790808	420	32.8
1642844321.84	32800	43.050048	0.0	7160738	501	32.8
1642844322.59	32800	44.289098	0.0	7565820	626	32.8
1642844323.5	32800	45.381416	0.0	8064139	773	32.8
1642844324.27	32800	46.613178	0.0	7308924	639	32.8
1642844325.19	32800	47.689738	0.0	7936123	793	32.8
1642844326.11	32800	48.773832	0.0	7845705	785	32.8
1642844327.01	32800	49.877689	0.0	7682661	769	32.8
1642844328.13	32800	50.755363	0.0	8703604	992	32.8
1642844329.22	32800	51.664219	0.0	8166986	953	32.8
1642844330.31	32800	52.577027	0.0	8155312	956	32.8
1642844331.71	32800	53.176362	0.0	9057843	1268	32.8
1642844331.85	32800	53.070072	0.0	296571	40	32.8

1642844332.27	8200	1.999999	0.133	427088	29	-34.58
1642844332.3	8200	3.999999	0.0	790650	3	8.2
1642844332.32	8200	5.986946	0.0	911646	3	8.2
1642844332.34	8200	7.970357	0.0	844970	2	8.2
1642844332.74	11700	9.566202	0.0	3938957	273	8.2
1642844333.18	11700	11.131392	0.0	4536725	317	11.7
1642844333.59	11700	12.717475	0.0	5378836	289	11.7
1642844333.98	11700	14.328509	0.0	4892753	262	11.7
1642844334.42	11700	15.892446	0.0	5587559	311	11.7
1642844335.32	32800	16.988851	0.0	12381646	722	11.699999999999996
1642844336.01	32800	18.297084	0.0	10179458	546	32.8
1642844336.6	32800	19.711489	0.0	7987681	455	32.8
1642844337.09	32800	21.221611	0.0	6249975	365	32.8
1642844337.52	32800	22.787677	0.0	6462926	314	32.8
1642844337.97	32800	24.342202	0.0	6930236	324	32.8
1642844338.43	32800	25.876965	0.0	7176786	335	32.8
1642844338.89	32800	27.421512	0.0	6963959	333	32.8
1642844339.35	32800	28.959325	0.0	7320305	335	32.8
1642844339.8	32800	30.507486	0.0	7420242	323	32.8
1642844340.25	32800	32.053374	0.0	7455282	326	32.8
1642844340.78	32800	33.524285	0.0	7960895	398	32.8
1642844341.23	32800	35.077613	0.0	6396912	318	32.8
1642844341.67	32800	36.634036	0.0	7253832	316	32.8
1642844342.11	32800	38.200169	0.0	7034316	308	32.8
1642844342.59	32800	39.71961	0.0	7133512	352	32.8
1642844343.07	32800	41.239908	0.0	7041401	351	32.8
1642844343.58	32800	42.731793	0.0	7143328	379	32.8
1642844344.1	32800	44.206118	0.0	7338535	396	32.8
1642844344.64	32800	45.67855	0.0	6896645	400	32.8
1642844345.16	32800	47.150185	0.0	6714054	390	32.8
1642844345.69	32800	48.618092	0.0	7018701	409	32.8
1642844346.22	32800	50.092929	0.0	6838204	399	32.8
1642844346.75	32800	51.561386	0.0	6922846	403	32.8
1642844347.28	32800	53.032698	0.0	6926196	403	32.8
1642844347.86	32800	54.444537	0.0	7072104	450	32.8
1642844348.42	32800	55.951378	0.0	7515735	425	32.8
1642844348.87	32800	57.6951	0.0	7011028	326	32.8
1642844349.34	32800	59.235284	0.0	7307337	340	32.8
1642844350.82	32800	59.99562	0.0	7344127	342	32.8
1642844353.76	32800	59.976558	0.0	7064203	309	32.8
1642844356.63	32800	59.724505	0.0	7516082	729	32.8
1642844359.06	32800	59.874142	0.0	7278398	300	32.8
1642844361.55	32800	59.432997	0.0	7481760	351	32.8
1642844364.02	32800	59.68982	0.0	7871221	344	32.8
1642844365.99	32800	59.845043	0.0	7236548	323	32.8
1642844369.02	32800	59.669821	0.0	7418057	374	32.8
1642844371.1	32800	59.998843	0.0	7580084	452	32.8
1642844373.87	32800	59.841221	0.0	7306910	630	32.8
1642844376.11	32800	59.994013	0.0	7790808	612	32.8
1642844378.06	32800	59.995895	0.0	7160738	823	32.8
1642844380.38	32800	59.845994	0.0	7565820	681	32.8
1642844382.41	32800	59.845935	0.0	8064139	895	32.8
1642844384.62	32800	59.595937	0.0	7308924	567	32.8
1642844386.86	32800	59.60672	0.0	7936123	606	32.8
1642844389.02	32800	59.607756	0.0	7845705	515	32.8
1642844390.69	32800	59.981951	0.0	7682661	538	32.8
1642844393.51	32800	59.828214	0.0	8703604	676	32.8
1642844395.78	32800	59.327962	0.0	8166986	633	32.8
1642844397.51	32800	59.828147	0.0	8155312	593	32.8
1642844399.9	32800	59.642261	0.0	9057843	759	32.8
1642844399.92	32800	59.675595	0.0	296571	1	32.8

1642844400.19	8200	1.999999	0.016	427088	1	-4.16
1642844400.21	8200	3.999999	0.0	790650	2	8.2
1642844400.22	8200	5.999999	0.0	911646	2	8.2
1642844400.24	8200	7.986104	0.0	844970	2	8.2
1642844400.29	11700	9.932413	0.0	3938957	7	8.2
1642844400.33	11700	11.896975	0.0	4536725	7	11.7
1642844400.92	11700	13.303314	0.0	5378836	469	11.7
1642844401.42	11700	14.800513	0.0	4892753	383	11.7
1642844401.93	11700	16.291079	0.0	5587559	390	11.7
1642844402.92	32800	17.304897	0.0	12381646	806	11.699999999999996
1642844403.75	32800	18.474998	0.0	10179458	691	32.8
1642844404.44	32800	19.784823	0.0	7987681	559	32.8
1642844405.0	32800	21.224793	0.0	6249975	436	32.8
1642844405.62	32800	22.609157	0.0	6462926	495	32.8
1642844406.28	32800	23.943699	0.0	6930236	540	32.8
1642844407.04	32800	25.189564	0.0	7176786	627	32.8
1642844407.71	32800	26.511524	0.0	6963959	552	32.8
1642844408.43	32800	27.793765	0.0	7320305	587	32.8
1642844409.21	32800	29.05884	0.0	7420242	648	32.8
1642844409.92	32800	30.347416	0.0	7455282	580	32.8
1642844410.79	32800	31.481706	0.0	7960895	733	32.8
1642844411.51	32800	32.754223	0.0	6396912	605	32.8
1642844412.28	32800	33.992546	0.0	7253832	636	32.8
1642844413.1	32800	35.36751	0.0	7034316	703	32.8
1642844413.87	32800	36.707412	0.0	7133512	630	32.8
1642844414.61	32800	38.007563	0.0	7041401	616	32.8
1642844415.38	32800	39.241105	0.0	7143328	639	32.8
1642844416.24	32800	40.378207	0.0	7338535	733	32.8
1642844416.98	32800	41.641821	0.0	6896645	597	32.8
1642844417.75	32800	42.869568	0.0	6714054	647	32.8
1642844418.54	32800	44.081404	0.0	7018701	664	32.8
1642844419.26	32800	45.435663	0.0	6838204	599	32.8
1642844420.0	32800	46.873293	0.0	6922846	606	32.8
1642844420.84	32800	48.300337	0.0	6926196	717	32.8
1642844421.67	32800	49.786295	0.0	7072104	707	32.8
1642844422.6	32800	51.285728	0.0	7515735	799	32.8
1642844423.51	32800	52.71895	0.0	7011028	778	32.8
1642844424.37	32800	53.985835	0.0	7307337	730	32.8
1642844425.23	32800	55.505993	0.0	7344127	734	32.8
1642844425.9	32800	57.015262	0.0	7064203	549	32.8
1642844426.66	32800	58.408025	0.0	7516082	626	32.8
1642844427.49	32800	59.693827	0.0	7278398	688	32.8
1642844429.97	32800	59.904353	0.0	7481760	841	32.8
1642844432.42	32800	59.719058	0.0	7871221	812	32.8
1642844434.42	32800	59.837446	0.0	7236548	867	32.8
1642844436.49	32800	59.863905	0.0	7418057	432	32.8
1642844439.0	32800	59.723248	0.0	7580084	379	32.8
1642844441.04	32800	59.843432	0.0	7306910	403	32.8
1642844443.58	32800	59.791782	0.0	7790808	388	32.8
1642844445.51	32800	59.791782	0.0	7160738	295	32.8
1642844448.45	32800	59.784319	0.0	7565820	311	32.8
1642844450.38	32800	59.784346	0.0	8064139	298	32.8
1642844452.38	32800	59.986885	0.0	7308924	364	32.8
1642844454.86	32800	59.657673	0.0	7936123	346	32.8
1642844457.42	32800	59.477169	0.0	7845705	434	32.8
1642844459.39	32800	59.863858	0.0	7682661	336	32.8
1642844461.87	32800	59.808078	0.0	8703604	845	32.8
1642844464.48	32800	59.736749	0.0	8166986	978	32.8
1642844466.63	32800	59.513292	0.0	8155312	518	32.8
1642844468.73	32800	59.836144	0.0	9057843	454	32.8
1642844468.75	32800	59.757429	0.0	296571	1	32.8

1642844469.03	8200	1.999999	0.029	427088	9	-7.54
1642844469.05	8200	3.999999	0.0	790650	2	8.2
1642844469.07	8200	5.999999	0.0	911646	1	8.2
1642844469.09	8200	7.981385	0.0	844970	2	8.2
1642844469.13	11700	9.933452	0.0	3938957	8	8.2
1642844469.17	11700	11.895349	0.0	4536725	10	11.7
1642844469.59	11700	13.481509	0.0	5378836	285	11.7
1642844469.97	11700	15.099215	0.0	4892753	263	11.7
1642844470.37	11700	16.697995	0.0	5587559	277	11.7
1642844471.11	32800	17.959027	0.0	12381646	541	11.699999999999996
1642844471.72	32800	19.345244	0.0	10179458	473	32.8
1642844472.23	32800	20.840897	0.0	7987681	372	32.8
1642844472.63	32800	22.441678	0.0	6249975	273	32.8
1642844473.03	32800	24.03751	0.0	6462926	282	32.8
1642844473.44	32800	25.632233	0.0	6930236	281	32.8
1642844473.84	32800	27.227189	0.0	7176786	278	32.8
1642844474.24	32800	28.829953	0.0	6963959	270	32.8
1642844474.64	32800	30.433232	0.0	7320305	271	32.8
1642844475.04	32800	32.032423	0.0	7420242	273	32.8
1642844475.45	32800	33.617643	0.0	7455282	284	32.8
1642844477.28	152400	33.791949	0.0	36020729	1442	32.80000000000001
1642844478.94	152400	34.245923	0.0	36493721	1390	152.4
1642844480.64	152400	34.636137	0.0	37585290	1451	152.4
1642844482.2	152400	35.152988	0.0	34459282	1297	152.4
1642844483.84	152400	35.68393	0.0	37576374	1363	152.4
1642844485.27	152400	36.382589	0.0	34095545	1175	152.4
1642844486.58	152400	37.242652	0.0	34314045	1052	152.4
1642844487.96	152400	37.86495	0.0	34563011	1100	152.4
1642844489.09	152400	39.291048	0.0	31292175	899	152.4
1642844490.32	152400	40.545936	0.0	32834126	955	152.4
1642844497.14	152400	37.423837	0.0	33877878	6571	152.4
1642844505.31	32800	32.043035	0.0	6838204	3607	-86.8
1642844506.69	11700	32.774153	0.0	2448718	1275	-9.400000000000002
1642844508.08	11700	33.772041	0.0	2478629	1281	11.7
1642844509.6	11700	34.336555	0.0	2529063	1418	11.7
1642844511.01	11700	35.113	0.0	2621613	1297	11.7
1642844512.57	11700	35.905881	0.0	2518225	1445	11.7
1642844513.96	11700	36.57036	0.0	2654985	1284	11.7
1642844515.07	11700	37.848511	0.0	2594029	992	11.7
1642844516.56	11700	39.326152	0.0	2522793	1383	11.7
1642844517.58	11700	40.8787	0.0	2591593	906	11.7
1642844518.97	11700	42.168886	0.0	2642305	1287	11.7
1642844520.62	11700	43.686647	0.0	2719235	1537	11.7
1642844521.7	11700	45.374576	0.0	2765120	968	11.7
1642844523.2	11700	46.862282	0.0	2628469	1395	11.7
1642844524.73	11700	48.213213	0.0	2728942	1426	11.7
1642844527.34	11700	49.398512	0.0	2718244	2497	11.7
1642844528.75	8200	50.827295	0.0	1854838	1300	4.699999999999999
1642844531.21	8200	52.17822	0.0	1928522	2349	8.2
1642844534.05	11700	53.112783	0.0	2573837	1802	8.2
1642844536.45	8200	54.036577	0.0	1838013	2286	4.699999999999999
1642844541.37	11700	54.561774	0.0	2747985	4805	8.2
1642844542.56	11700	56.10079	0.0	2644475	1077	11.7
1642844545.39	11700	57.21222	0.0	2864046	2723	11.7
1642844545.97	8200	58.997385	0.0	1925179	447	4.699999999999999
1642844548.97	11700	59.814304	0.0	2752189	880	8.2
1642844554.44	8200	59.780527	0.0	2009816	341	4.699999999999999
1642844561.15	8200	59.895744	0.0	1977335	504	8.2
