1643765374.32	8200	1.999999	0.357	546328	250	-92.82
1643765374.54	11700	3.793509	0.0	1102047	90	8.2
1643765374.65	11700	5.679671	0.0	1111083	12	11.7
1643765374.77	11700	7.566714	0.0	1066380	13	11.7
1643765374.99	11700	9.346598	0.0	3938957	93	11.7
1643765375.43	32800	10.899471	0.0	15664097	255	11.699999999999996
1643765377.67	260000	10.662992	0.0	84756689	1244	32.80000000000001
1643765379.3	260000	11.03139	0.0	85798884	1109	260.0
1643765380.97	260000	11.362573	0.0	86059829	1019	260.0
1643765382.42	260000	11.918905	0.0	83431241	938	260.0
1643765384.17	260000	12.163796	0.0	82198417	1287	260.0
1643765386.02	260000	13.197855	0.0	79299299	1219	260.0
1643765388.01	260000	13.748628	0.0	75092129	1553	260.0
1643765390.37	260000	15.599091	0.0	78844622	1772	260.0
1643765392.44	260000	17.285116	0.0	77654479	1637	260.0
1643765394.46	260000	18.854476	0.0	75220977	1587	260.0
1643765396.75	260000	20.524933	0.0	79740890	1746	260.0
1643765406.31	260000	20.912268	0.21	78574581	9121	260.0
1643765407.53	32800	22.757286	0.0	7420242	1015	-194.39999999999998
1643765408.38	32800	24.526078	0.0	7455282	725	32.8
1643765409.5	32800	26.37178	0.0	7960895	996	32.8
1643765410.52	32800	28.226185	0.0	6396912	896	32.8
1643765411.56	32800	29.981593	0.0	7253832	919	32.8
1643765412.5	32800	31.861215	0.0	7034316	820	32.8
1643765413.64	32800	33.633266	0.0	7133512	1017	32.8
1643765414.81	32800	35.476463	0.0	7041401	1050	32.8
1643765415.94	32800	37.318037	0.0	7143328	1000	32.8
1643765417.08	32800	39.086044	0.0	7338535	1027	32.8
1643765418.17	32800	40.923355	0.0	6896645	964	32.8
1643765419.2	32800	42.676435	0.0	6714054	916	32.8
1643765420.15	32800	44.526715	0.0	7018701	828	32.8
1643765421.25	32800	46.300438	0.0	6838204	992	32.8
1643765422.58	32800	48.135491	0.0	6922846	1212	32.8
1643765423.92	32800	49.850642	0.0	6926196	1213	32.8
1643765425.27	32800	51.601014	0.0	7072104	1237	32.8
1643765426.92	32800	53.304194	0.0	7515735	1523	32.8
1643765428.97	32800	55.036987	0.0	7011028	1931	32.8
1643765433.14	32800	56.518961	0.0	7307337	4056	32.8
1643765434.24	11700	58.218174	0.0	2594029	993	-9.400000000000002
1643765436.09	11700	59.866971	0.0	2522793	1245	11.7
1643765447.66	11700	59.404682	0.0	2591593	452	11.7
1643765458.1	11700	59.78446	0.0	2642305	744	11.7
1643765468.92	11700	59.867337	0.0	2719235	608	11.7
1643765478.58	11700	59.826934	0.0	2765120	507	11.7
1643765490.78	11700	59.87943	0.0	2628469	505	11.7
1643765501.19	260000	59.753435	0.0	7418057	681	11.699999999999996
1643765512.58	260000	59.88911	0.0	7580084	675	32.8
1643765523.47	260000	59.844884	0.0	7306910	671	32.8
1643765525.85	260000	59.601634	0.0	7790808	675	32.8
1643765527.64	260000	59.842355	0.0	7160738	166	32.8
1643765529.93	260000	59.849346	0.0	7565820	169	32.8
1643765532.23	260000	59.537379	0.0	8064139	171	32.8
1643765534.21	260000	59.537365	0.0	7308924	356	32.8
1643765536.02	260000	59.822439	0.0	7936123	180	32.8
1643765538.09	260000	59.776422	0.0	53458888	1211	32.80000000000001
1643765540.56	260000	59.722354	0.0	53798130	1117	260.0
1643765542.72	260000	59.792737	0.0	61358299	1213	260.0
1643765545.48	260000	59.466148	0.0	50406269	932	260.0
1643765547.26	260000	59.854775	0.0	43226513	972	260.0
1643765549.29	260000	59.986735	0.0	35938085	781	260.0
1643765549.42	260000	59.966504	0.0	631698	31	260.0

1643765549.9	8200	1.999999	0.141	2049018	29	-36.66
1643765550.05	260000	3.888042	0.0	1757078	31	8.199999999999989
1643765550.18	32800	5.75894	0.0	1560846	18	-194.39999999999998
1643765550.3	32800	7.640473	0.0	1542804	17	32.8
1643765550.78	32800	9.156178	0.0	12166782	298	32.8
1643765554.0	260000	7.941551	0.0	88770741	2095	32.80000000000001
1643765556.43	260000	7.510544	0.0	84756689	1951	260.0
1643765558.96	260000	7.436032	0.0	85798884	2040	260.0
1643765561.36	260000	7.511	0.0	86059829	1865	260.0
1643765563.68	260000	9.511	0.0	83431241	1776	260.0
1643765565.72	260000	11.300389	0.0	82198417	1510	260.0
1643765567.98	260000	12.995045	0.0	79299299	1770	260.0
1643765569.87	260000	14.600898	0.0	75092129	1445	260.0
1643765571.87	260000	16.253115	0.0	78844622	1357	260.0
