1641955454.19	8200	1.999999	0.526	546328	413	-136.76
1641955455.54	260000	2.659103	0.0	1757078	1230	8.199999999999989
1641955456.0	260000	4.193591	0.0	1560847	359	260.0
1641955456.32	260000	5.877177	0.0	1542805	214	260.0
1641955463.63	260000	1.854447	1.081	83554460	6238	-21.060000000000002
1641955467.81	260000	3.177317	0.0	88770741	3428	260.0
1641955471.17	260000	4.607345	0.0	84756689	2815	260.0
1641955474.29	260000	6.138632	0.0	85798884	2583	260.0
1641955477.26	260000	7.752552	0.0	86059829	2433	260.0
1641955480.47	260000	9.270168	0.0	83431241	2583	260.0
1641955483.63	260000	10.798171	0.0	82198417	2634	260.0
1641955487.11	260000	12.104296	0.0	79299299	2754	260.0
1641955490.44	260000	13.559233	0.0	75092129	2712	260.0
1641955493.61	260000	15.01961	0.0	78844622	2668	260.0
1641955497.96	260000	16.183045	0.0	77654479	3701	260.0
1641955503.98	260000	17.129556	0.0	75220977	5380	260.0
1641955517.47	260000	16.805277	0.0	79740890	12888	260.0
1641955519.51	260000	18.423849	0.0	78574581	1570	260.0
1641955520.82	260000	20.229691	0.0	78901633	735	260.0
1641955522.2	260000	22.031236	0.0	79414941	863	260.0
1641955524.18	260000	23.749955	0.0	73704781	1299	260.0
1641955526.42	260000	25.196322	0.0	80783826	1615	260.0
1641955528.91	260000	26.876188	0.0	77638812	1869	260.0
1641955531.11	260000	28.492999	0.0	74749470	1702	260.0
1641955533.29	260000	30.07273	0.0	75910911	1685	260.0
1641955535.42	260000	31.761609	0.0	74070687	1624	260.0
1641955537.54	260000	33.330394	0.0	73938718	1624	260.0
1641955540.08	260000	34.838166	0.0	73613985	1877	260.0
1641955542.5	260000	36.390923	0.0	69503182	1933	260.0
1641955545.12	260000	37.972808	0.0	72822670	2154	260.0
1641955547.54	260000	39.570801	0.0	70991563	1929	260.0
1641955549.79	260000	40.968028	0.0	66218671	1748	260.0
1641955552.13	260000	42.78779	0.0	71469145	1842	260.0
1641955554.21	260000	44.368309	0.0	64074874	1611	260.0
1641955556.25	260000	45.646482	0.0	65041967	1532	260.0
1641955558.32	260000	47.58612	0.0	65860507	1559	260.0
1641955560.17	260000	49.172432	0.0	60900183	1383	260.0
1641955564.54	260000	50.41853	0.0	65223805	3895	260.0
1641955568.65	260000	51.53401	0.0	61492275	3488	260.0
1641955574.09	260000	52.641669	0.0	57534179	5031	260.0
1641955577.5	260000	54.007681	0.0	64191273	2735	260.0
1641955580.31	260000	55.466934	0.0	57421190	2359	260.0
1641955583.52	260000	56.815313	0.0	60358582	2782	260.0
1641955587.49	260000	58.244617	0.0	60581734	3539	260.0
1641955591.36	260000	59.483681	0.0	55686462	3387	260.0
1641955599.14	260000	59.851624	0.0	61687104	2652	260.0
1641955609.59	260000	59.822644	0.0	56994559	2953	260.0
1641955620.06	260000	59.784308	0.0	55162012	3998	260.0
1641955630.85	260000	59.798919	0.0	63612323	2754	260.0
1641955641.64	260000	59.977973	0.0	53712380	2844	260.0
1641955652.9	260000	59.786164	0.0	59826276	2755	260.0
1641955663.64	260000	59.791405	0.0	58861434	3251	260.0
1641955674.94	260000	59.974693	0.0	53320981	3770	260.0
1641955685.57	260000	59.658708	0.0	62494429	2926	260.0
1641955697.27	260000	59.877051	0.0	53458888	9677	260.0
1641955706.76	260000	59.784827	0.0	53798130	3525	260.0
1641955716.33	260000	59.878191	0.0	61358299	2579	260.0
1641955726.02	260000	59.891923	0.0	50406269	2062	260.0
1641955736.12	260000	59.894962	0.0	43226513	2189	260.0
1641955745.26	260000	59.823061	0.0	35938085	3745	260.0
1641955745.82	260000	59.856395	0.0	631698	374	260.0

1641955746.32	8200	1.999999	0.114	546328	18	-29.64
1641955746.42	260000	3.945617	0.0	1757078	15	8.199999999999989
1641955746.45	260000	5.915977	0.0	1560847	7	260.0
1641955746.47	260000	7.890668	0.0	1542805	4	260.0
