1643145433.0	8200	1.999999	0.35	546328	246	-91.0
1643145433.3	260000	3.708356	0.0	1757078	96	8.199999999999989
1643145433.49	260000	5.520289	0.0	1560847	12	260.0
1643145433.69	260000	7.321015	0.0	1542805	21	260.0
1643145434.19	32800	8.815728	0.0	12166782	229	-194.39999999999998
1643145434.44	11700	10.571428	0.0	4536725	41	-9.400000000000002
1643145437.05	260000	9.962328	0.0	84756689	1632	11.699999999999989
1643145438.95	260000	10.065929	0.0	85798884	1222	260.0
1643145441.17	260000	9.894168	0.0	86059829	1631	260.0
1643145443.92	260000	9.69652	0.0	83431241	2039	260.0
1643145446.41	260000	9.782969	0.0	82198417	1849	260.0
1643145449.09	260000	11.452289	0.0	79299299	1958	260.0
1643145451.64	260000	12.929997	0.0	75092129	1841	260.0
1643145454.28	260000	14.490172	0.0	78844622	1858	260.0
1643145456.76	260000	16.027612	0.0	77654479	1936	260.0
1643145459.01	260000	17.557993	0.0	75220977	1694	260.0
1643145461.22	260000	19.160614	0.0	79740890	1642	260.0
1643145463.27	260000	20.791554	0.0	78574581	1462	260.0
1643145465.64	260000	22.382517	0.0	78901633	1619	260.0
1643145468.07	260000	23.874162	0.0	79414941	1703	260.0
1643145470.26	260000	25.607325	0.0	73704781	1456	260.0
1643145472.64	260000	27.206984	0.0	80783826	1779	260.0
1643145474.93	260000	28.791708	0.0	77638812	1625	260.0
1643145477.0	260000	30.418523	0.0	74749470	1520	260.0
1643145479.52	260000	32.020481	0.0	75910911	1957	260.0
1643145485.55	260000	33.064888	0.0	74070687	1491	260.0
1643145487.47	260000	34.595044	0.0	73938718	1268	260.0
1643145489.35	260000	36.413057	0.0	73613985	1283	260.0
1643145490.67	260000	38.198742	0.0	69503182	828	260.0
1643145492.07	260000	39.870277	0.0	72822670	800	260.0
1643145493.95	260000	41.576282	0.0	70991563	1229	260.0
1643145495.58	260000	43.17527	0.0	66218671	1104	260.0
1643145497.55	260000	44.816422	0.0	71469145	1438	260.0
1643145499.03	260000	46.521931	0.0	64074874	957	260.0
1643145500.69	260000	48.219272	0.0	65041967	955	260.0
1643145502.25	260000	49.989499	0.0	65860507	958	260.0
1643145504.22	260000	51.553864	0.0	60900183	1269	260.0
1643145506.23	260000	53.166615	0.0	65223805	1275	260.0
1643145507.99	260000	54.941955	0.0	61492275	1180	260.0
1643145509.92	260000	56.502149	0.0	57534179	1449	260.0
1643145512.47	260000	57.9956	0.0	64191273	1933	260.0
1643145514.61	260000	59.577621	0.0	57421190	1695	260.0
1643145522.65	260000	59.841888	0.0	60358582	1879	260.0
1643145533.19	260000	59.915698	0.0	60581734	1441	260.0
1643145544.2	260000	59.868331	0.0	55686462	1461	260.0
1643145554.48	260000	59.82403	0.0	61687104	1584	260.0
1643145564.67	260000	59.817218	0.0	56994559	1620	260.0
1643145575.55	260000	59.878897	0.0	55162012	1329	260.0
1643145586.21	260000	59.930875	0.0	63612323	1546	260.0
1643145596.65	260000	59.994191	0.0	53712380	1414	260.0
1643145607.13	260000	59.838843	0.0	59826276	1380	260.0
1643145618.13	260000	59.847171	0.0	58861434	1406	260.0
1643145629.67	260000	59.774506	0.0	53320981	1481	260.0
1643145596.65	260000	59.994191	0.0	53712380	1414	260.0
1643145607.13	260000	59.838843	0.0	59826276	1380	260.0
1643145618.13	260000	59.847171	0.0	58861434	1406	260.0
1643145629.67	260000	59.774506	0.0	53320981	1481	260.0
1643145596.65	260000	59.994191	0.0	53712380	1414	260.0
1643145607.13	260000	59.838843	0.0	59826276	1380	260.0
1643145618.13	260000	59.847171	0.0	58861434	1406	260.0
1643145629.67	260000	59.774506	0.0	53320981	1481	260.0
