1643766776.73	8200	1.999999	0.352	546328	248	-91.52
1643766776.95	11700	3.780014	0.0	1102047	106	8.2
1643766777.11	11700	5.622908	0.0	1111083	53	11.7
1643766777.27	11700	7.465158	0.0	1066380	52	11.7
1643766777.6	11700	9.13868	0.0	3938957	196	11.7
1643766778.61	32800	10.130993	0.0	15664097	784	11.699999999999996
1643766779.97	32800	10.764856	0.0	15560661	1207	32.8
1643766781.14	32800	11.592049	0.0	15851372	1008	32.8
1643766782.17	32800	12.56467	0.0	14688721	876	32.8
1643766783.29	32800	13.448981	0.0	12381646	968	32.8
1643766786.86	32800	11.947221	0.0	10179458	3432	32.8
1643766787.8	32800	13.495455	0.0	7987681	800	32.8
1643766788.32	32800	15.325115	0.0	6249975	396	32.8
1643766788.77	32800	17.056268	0.0	6462926	333	32.8
1643766789.22	32800	18.752163	0.0	6930236	324	32.8
1643766789.46	11700	20.589801	0.0	2629283	120	-9.400000000000002
1643766789.89	32800	22.292719	0.0	6963959	304	11.699999999999996
1643766794.69	260000	21.499343	0.0	78574581	3809	32.80000000000001
1643766798.97	260000	20.799787	0.0	78901633	3813	260.0
1643766802.91	260000	20.136963	0.0	79414941	3349	260.0
1643766806.83	260000	19.201617	0.0	73704781	3412	260.0
1643766811.38	260000	17.282359	0.0	80783826	3959	260.0
1643766816.5	260000	14.672232	0.0	77638812	4697	260.0
1643766818.8	260000	14.635423	0.0	74749470	1870	260.0
1643766820.28	260000	15.787341	0.0	75910911	1014	260.0
1643766821.54	260000	17.608664	0.0	74070687	817	260.0
1643766823.08	260000	19.382919	0.0	73938718	1123	260.0
1643766826.27	260000	20.82895	0.0	73613985	2673	260.0
1643766828.5	260000	22.529468	0.0	69503182	1857	260.0
1643766833.0	260000	23.7209	0.0	72822670	4081	260.0
1643766836.71	260000	25.085806	0.0	70991563	3208	260.0
1643766840.05	260000	26.485521	0.0	66218671	2938	260.0
1643766844.02	260000	27.894979	0.0	71469145	3562	260.0
1643766846.74	260000	29.300095	0.0	64074874	2323	260.0
1643766849.54	260000	30.793732	0.0	65041967	2428	260.0
1643766852.66	260000	32.138038	0.0	65860507	2691	260.0
1643766855.91	260000	33.700448	0.0	60900183	2758	260.0
1643766859.06	260000	35.047893	0.0	65223805	2731	260.0
1643766862.16	260000	36.311697	0.0	61492275	2652	260.0
1643766864.63	260000	37.785623	0.0	57534179	2067	260.0
1643766867.79	260000	39.318298	0.0	64191273	2726	260.0
1643766870.4	260000	40.786409	0.0	57421190	2266	260.0
1643766873.45	260000	42.27056	0.0	60358582	2711	260.0
1643766876.39	260000	43.761713	0.0	60581734	2452	260.0
1643766880.34	260000	44.951293	0.0	55686462	3497	260.0
1643766884.28	260000	46.223513	0.0	61687104	3464	260.0
1643766887.34	260000	47.770222	0.0	56994559	2685	260.0
1643766890.35	260000	49.190918	0.0	55162012	2536	260.0
1643766894.0	260000	50.494216	0.0	63612323	3232	260.0
1643766894.61	260000	52.302873	0.0	7160738	484	-194.39999999999998
1643766898.5	260000	53.5514	0.0	59826276	3535	32.80000000000001
1643766902.51	260000	54.873521	0.0	58861434	3661	260.0
1643766902.83	260000	56.783604	0.0	7308924	196	-194.39999999999998
1643766903.17	260000	58.697885	0.0	7936123	214	32.8
1643766906.51	260000	59.940477	0.0	7845705	211	32.8
1643766916.23	260000	59.994325	0.0	7682661	79	32.8
1643766928.13	260000	59.89218	0.0	8703604	680	32.8
1643766937.91	260000	59.796521	0.0	50406269	1370	32.80000000000001
1643766948.14	260000	59.880336	0.0	43226513	1364	260.0
1643766957.73	260000	59.816055	0.0	35938085	1272	260.0
1643766958.25	260000	59.849389	0.0	631698	338	260.0

1643766958.36	32800	59.849389	0.352	296571	5	-91.52
1643766958.37	32800	59.849389	0.0	296571	1	32.8
1643766958.39	32800	59.849389	0.0	296571	1	32.8
1643766958.4	32800	59.849389	0.0	296571	1	32.8
1643766958.93	8200	1.999999	-0.073	385365	163	2.5799999999999983
1643766958.97	11700	3.995654	0.0	1102047	4	8.2
1643766958.99	11700	5.978076	0.0	1111083	2	11.7
1643766959.27	32800	7.700369	0.0	1542804	167	11.699999999999996
1643766959.85	32800	9.121152	0.0	12166782	376	32.8
1643766960.41	32800	10.560987	0.0	15664097	369	32.8
1643766962.96	260000	10.007145	0.0	84756689	1380	32.80000000000001
1643766964.5	260000	10.474788	0.0	85798884	960	260.0
1643766966.56	260000	10.415444	0.0	86059829	1529	260.0
1643766968.81	260000	10.881776	0.0	83431241	1695	260.0
1643766971.41	260000	11.234754	0.0	82198417	2091	260.0
1643766974.37	260000	11.738615	0.0	79299299	2419	260.0
