1642450060.49	8200	1.999999	0.352	546328	248	-91.52
1642450060.76	260000	3.732305	0.0	1757078	97	8.199999999999989
1642450060.96	260000	5.537717	0.0	1560847	16	260.0
1642450061.16	260000	7.340262	0.0	1542805	19	260.0
1642450061.68	32800	8.81613	0.0	12166782	262	-194.39999999999998
1642450062.23	32800	10.262698	0.0	15664097	310	32.8
1642450062.76	32800	11.737001	0.0	15560661	288	32.8
1642450064.79	260000	11.708984	0.0	85798884	964	32.80000000000001
1642450067.3	260000	11.201017	0.0	86059829	1819	260.0
1642450069.57	260000	11.360787	0.0	83431241	1641	260.0
1642450071.34	260000	11.932429	0.0	82198417	1279	260.0
1642450073.27	260000	13.050321	0.0	79299299	1483	260.0
1642450075.25	260000	13.773619	0.0	75092129	1368	260.0
1642450077.17	260000	14.664424	0.0	78844622	1430	260.0
1642450079.42	260000	15.765833	0.0	77654479	1794	260.0
1642450081.52	260000	17.444488	0.0	75220977	1640	260.0
1642450083.72	260000	19.047325	0.0	79740890	1726	260.0
1642450087.87	260000	20.580996	0.0	78574581	3613	260.0
1642450099.43	260000	20.569799	0.0	78901633	11093	260.0
1642450111.18	260000	20.683468	0.0	79414941	11088	260.0
1642450122.84	152400	20.633654	0.0	36020729	11240	44.80000000000001
1642450124.91	32800	22.248323	0.0	6396912	1785	-86.8
1642450126.98	32800	23.869083	0.0	7253832	1884	32.8
1642450131.64	32800	25.36631	0.0	7034316	4464	32.8
1642450133.68	32800	26.911943	0.0	7133512	1854	32.8
1642450135.01	32800	28.633607	0.0	7041401	1137	32.8
1642450136.21	32800	30.373666	0.0	7143328	1009	32.8
1642450137.69	32800	32.134032	0.0	7338535	1285	32.8
1642450139.35	32800	33.85698	0.0	6896645	1458	32.8
1642450140.71	32800	35.569742	0.0	6714054	1175	32.8
1642450142.12	32800	37.301189	0.0	7018701	1228	32.8
1642450143.26	32800	39.077922	0.0	6838204	958	32.8
1642450147.18	152400	40.462007	0.0	34031025	3635	32.80000000000001
1642450150.44	152400	41.984144	0.0	30869167	2900	152.4
1642450153.52	152400	43.262328	0.0	31753337	2784	152.4
1642450156.71	260000	44.679524	0.0	65860507	2746	152.4
1642450161.24	260000	46.034111	0.0	60900183	4100	260.0
1642450162.58	260000	47.715344	0.0	65223805	811	260.0
1642450163.83	260000	49.423772	0.0	61492275	798	260.0
1642450165.44	260000	51.01144	0.0	57534179	1201	260.0
1642450167.81	260000	52.739661	0.0	64191273	1760	260.0
1642450169.07	260000	54.421736	0.0	57421190	746	260.0
1642450170.51	260000	56.421736	0.0	60358582	957	260.0
1642450171.86	260000	58.120384	0.0	60581734	863	260.0
1642450173.42	260000	59.826997	0.0	55686462	1102	260.0
1642450183.34	260000	59.991961	0.0	61687104	1438	260.0
1642450195.52	260000	59.847604	0.0	56994559	1702	260.0
1642450206.61	260000	59.872236	0.0	55162012	1522	260.0
1642450217.8	260000	59.796344	0.0	63612323	1634	260.0
1642450228.71	260000	59.897679	0.0	53712380	1449	260.0
1642450233.75	260000	59.885866	0.0	59826276	1555	260.0
1642450235.83	260000	59.827126	0.0	58861434	1106	260.0
1642450238.19	260000	59.897792	0.0	53320981	933	260.0
