1643148345.42	8200	1.999999	0.346	546328	250	-89.96
1643148345.79	260000	3.641089	0.0	1757078	185	8.199999999999989
1643148346.08	260000	5.344679	0.0	1560847	122	260.0
1643148346.38	260000	7.047873	0.0	1542805	119	260.0
1643148347.65	32800	7.779403	0.0	12166782	988	-194.39999999999998
1643148350.52	32800	6.903967	0.0	15664097	2622	32.8
1643148351.1	11700	8.321787	0.0	5378836	376	-9.400000000000002
1643148351.73	11700	9.702593	0.0	4892753	428	11.7
1643148353.05	32800	10.373739	0.0	14688721	1082	11.699999999999996
1643148354.14	32800	11.56572	0.0	12381646	868	32.8
1643148359.72	152400	9.660025	0.0	57184643	4687	32.80000000000001
1643148367.49	152400	5.473652	0.0	48821461	7346	152.4
1643148369.42	152400	6.143401	0.0	44466772	1441	152.4
1643148370.8	152400	7.793183	0.0	45810515	928	152.4
1643148372.21	152400	9.374277	0.0	42807747	981	152.4
1643148373.39	152400	11.13298	0.0	40301174	788	152.4
1643148375.68	260000	12.51664	0.0	79740890	1371	152.4
1643148378.01	260000	13.966178	0.0	78574581	1577	260.0
1643148380.18	260000	15.174602	0.0	78901633	1572	260.0
1643148384.32	260000	16.213332	0.0	79414941	3527	260.0
1643148390.56	260000	16.410266	0.0	73704781	5655	260.0
1643148397.24	260000	16.361577	0.0	80783826	5873	260.0
1643148402.98	260000	16.829855	0.0	77638812	4965	260.0
1643148408.64	260000	17.149439	0.0	74749470	5080	260.0
1643148410.48	260000	18.556331	0.0	75910911	1265	260.0
1643148420.95	260000	18.472509	0.0	74070687	9808	260.0
1643148441.71	260000	16.662403	0.0	73938718	15648	260.0
1643148452.91	260000	16.637714	0.0	73613985	10652	260.0
1643148455.21	260000	18.26974	0.0	69503182	1691	260.0
1643148457.08	260000	19.799981	0.0	72822670	1278	260.0
1643148458.82	260000	21.636432	0.0	70991563	1182	260.0
1643148461.25	260000	23.041436	0.0	66218671	1916	260.0
1643148462.95	260000	24.760931	0.0	71469145	1047	260.0
1643148464.79	260000	26.2742	0.0	64074874	1301	260.0
1643148466.59	260000	27.789255	0.0	65041967	1124	260.0
1643148468.52	260000	29.473076	0.0	65860507	1399	260.0
1643148470.88	260000	31.16949	0.0	60900183	1792	260.0
1643148473.17	260000	32.803501	0.0	65223805	1761	260.0
1643148475.69	260000	34.282353	0.0	61492275	1999	260.0
1643148478.16	260000	35.845203	0.0	57534179	1938	260.0
1643148480.56	260000	37.278143	0.0	64191273	1841	260.0
1643148482.49	260000	38.957843	0.0	57421190	1434	260.0
1643148484.83	260000	40.513587	0.0	60358582	1844	260.0
1643148487.01	260000	42.029099	0.0	60581734	1689	260.0
1643148488.99	260000	43.752251	0.0	55686462	1527	260.0
1643148491.15	260000	45.272716	0.0	61687104	1685	260.0
1643148493.22	260000	46.824176	0.0	56994559	1609	260.0
1643148495.35	260000	48.411461	0.0	55162012	1619	260.0
1643148497.73	260000	49.992306	0.0	63612323	1858	260.0
1643148499.59	260000	51.710652	0.0	53712380	1427	260.0
1643148501.64	260000	53.1593	0.0	59826276	1393	260.0
1643148504.02	260000	54.75358	0.0	58861434	1755	260.0
1643148506.43	260000	56.218465	0.0	53320981	1868	260.0
1643148509.88	260000	57.65049	0.0	62494429	2919	260.0
1643148512.5	260000	59.060609	0.0	53458888	2172	260.0
1643148517.65	260000	59.958969	0.0	53798130	4211	260.0
1643148528.73	260000	59.892155	0.0	61358299	3072	260.0
1643148538.22	260000	59.916014	0.0	50406269	3964	260.0
1643148021.04	260000	57.798047	0.0	43226513	631	260.0
1643148021.88	260000	59.636497	0.0	35938085	516	260.0
1643148022.0	260000	59.669831	0.0	631698	7	260.0