1643135627.44	8200	1.999999	0.515	546328	412	-133.9
1643135628.26	260000	3.194061	0.0	1757078	614	8.199999999999989
1643135629.39	260000	4.056128	0.0	1560847	956	260.0
1643135630.61	260000	4.834801	0.0	1542805	1033	260.0
1643135632.82	11700	4.628345	0.0	3938957	1992	-236.60000000000002
1643135635.19	11700	4.259897	0.0	4536725	2177	11.7
1643135636.73	4900	4.80322	0.0	2134063	1337	-1.8999999999999995
1643135637.84	4900	5.695127	0.0	2245725	918	4.9
1643135638.96	4900	6.578047	0.0	1894210	938	4.9
1643135640.64	8200	6.90029	0.0	2809333	1484	4.8999999999999995
1643135641.22	4900	8.316753	0.0	1144854	398	1.6000000000000005
1643135641.99	8200	9.54844	0.0	1614484	563	4.8999999999999995
1643135643.36	11700	10.179471	0.0	2255191	1180	8.2
1643135644.24	4900	11.292447	0.0	1007353	704	-1.8999999999999995
1643135644.87	4900	12.668811	0.0	1057198	444	4.9
1643135645.97	11700	13.56181	0.0	2629283	919	4.8999999999999995
1643135647.61	11700	13.923923	0.0	2662617	1450	11.7
1643135649.1	11700	14.433687	0.0	2614451	1303	11.7
1643135651.86	11700	13.679386	0.0	2649932	2568	11.7
1643135653.44	8200	14.097614	0.0	1934696	1353	4.699999999999999
1643135656.92	8200	12.617698	0.0	1917979	2341	8.2
1643135659.75	11700	11.78444	0.0	2343098	2640	8.2
1643135662.63	11700	10.906764	0.0	2430789	2701	11.7
1643135665.8	8200	9.737183	0.0	1737147	2993	4.699999999999999
1643135666.65	8200	10.886904	0.0	1790499	663	8.2
1643135669.04	8200	10.497279	0.0	1726085	2206	8.2
1643135669.87	8200	11.669373	0.0	1757517	647	8.2
1643135670.46	8200	13.072683	0.0	1761101	411	8.2
1643135671.51	11700	14.027808	0.0	2434805	851	8.2
1643135672.53	11700	15.008416	0.0	2397182	838	11.7
1643135673.32	8200	16.217354	0.0	1734337	606	4.699999999999999
1643135674.37	32800	17.161834	0.0	6838204	841	8.199999999999996
1643135675.72	32800	17.820456	0.0	6922846	1141	32.8
1643135676.83	32800	18.708349	0.0	6926196	853	32.8
1643135677.9	32800	19.635032	0.0	7072104	867	32.8
1643135678.79	32800	20.740709	0.0	7515735	693	32.8
1643135679.53	32800	22.003271	0.0	7011028	546	32.8
1643135680.24	32800	23.294837	0.0	7307337	517	32.8
1643135682.54	152400	22.995668	0.0	34638995	1851	32.80000000000001
1643135684.81	152400	22.724343	0.0	30969970	1934	152.4
1643135688.53	152400	21.004568	0.0	35313058	3391	152.4
1643135692.5	152400	19.091029	0.0	32767078	3679	152.4
1643135696.08	152400	17.64435	0.0	34143965	3299	152.4
1643135698.39	152400	17.661543	0.0	35599566	1993	152.4
1643135700.39	152400	17.713561	0.0	31880015	1695	152.4
1643135702.33	152400	17.832144	0.0	35467287	1615	152.4
1643135704.39	152400	17.910207	0.0	35220717	1666	152.4
1643135706.38	152400	19.285214	0.0	32694645	1683	152.4
1643135710.69	260000	19.660035	0.0	63612323	3775	152.4
1643135713.61	260000	20.328138	0.0	53712380	2455	260.0
1643135716.41	260000	21.403611	0.0	59826276	2287	260.0
1643135719.23	260000	22.230168	0.0	58861434	2366	260.0
1643135722.08	260000	22.978352	0.0	53320981	2406	260.0
1643135725.39	260000	23.685155	0.0	62494429	2850	260.0
1643135728.21	260000	24.561601	0.0	53458888	2428	260.0
1643135731.71	260000	25.38504	0.0	53798130	3015	260.0
1643135736.55	260000	25.385502	0.0	61358299	4367	260.0
1643135741.93	260000	25.007673	0.0	50406269	4932	260.0
1643135746.5	260000	25.204056	0.0	43226513	4042	260.0
1643135749.36	260000	26.174764	0.0	35938085	2496	260.0
1643135749.54	260000	26.139817	0.0	631698	35	260.0

1643135749.67	11700	26.02714	0.515	139786	14	-133.9
1643135749.73	260000	25.963379	0.0	631698	1	11.699999999999989
1643135750.49	8200	1.999999	0.003	2049018	406	-244.38000000000002
1643135750.59	260000	3.933699	0.0	1757078	3	8.199999999999989
1643135750.69	260000	5.839687	0.0	1560847	3	260.0
1643135750.81	260000	7.715477	0.0	1542805	4	260.0
1643135756.96	152400	3.566112	0.0	68504102	5187	44.80000000000001
1643135758.2	32800	4.322227	0.0	15664097	1011	-86.8
1643135759.69	32800	5.713125	0.0	15560661	1214	32.8
1643135760.35	11700	7.497122	0.0	4892753	439	-9.400000000000002
1643135760.94	11700	9.497122	0.0	5587559	400	11.7
1643135761.42	11700	11.359214	0.0	4371099	306	11.7
1643135761.87	11700	13.221037	0.0	3375218	263	11.7
1643135762.7	32800	15.07845	0.0	7987681	633	11.699999999999996
1643135763.44	32800	16.935455	0.0	6249975	549	32.8
1643135766.95	152400	18.083622	0.0	45810515	3118	32.80000000000001
1643135770.71	152400	17.964255	0.0	42807747	3393	152.4
1643135774.67	152400	17.58557	0.0	40301174	3527	152.4
1643135778.72	152400	15.673052	0.0	39676104	3687	152.4
1643135782.8	152400	13.646475	0.0	40793176	3699	152.4
1643135787.05	152400	12.016143	0.0	37608977	3905	152.4
1643135793.59	152400	11.8203	0.0	35738670	6176	152.4
1643135797.78	152400	12.746178	0.0	36020729	3733	152.4
1643135800.13	152400	13.943397	0.0	36493721	1982	152.4
1643135802.6	152400	15.080087	0.0	37585290	2122	152.4
1643135804.66	152400	16.350095	0.0	34459282	1723	152.4
1643135805.26	32800	18.10028	0.0	7133512	384	-86.8
1643135807.08	152400	19.508235	0.0	34095545	1477	32.80000000000001
1643135811.12	260000	19.960063	0.0	73938718	3317	152.4
1643135815.0	260000	20.889845	0.0	73613985	3235	260.0
1643135819.27	260000	21.403199	0.0	69503182	3778	260.0
1643135824.1	260000	21.667674	0.0	72822670	4353	260.0
