1642911122.03	8200	1.999999	0.359	546328	256	-93.34
1642911122.34	11700	3.702849	0.0	1102047	190	8.2
1642911122.63	11700	5.405627	0.0	1111083	194	11.7
1642911122.92	11700	7.117524	0.0	1066380	185	11.7
1642911123.74	11700	8.303258	0.0	3938957	688	11.7
1642911125.99	32800	8.052576	0.0	15664097	2006	11.699999999999996
1642911128.48	32800	7.563284	0.0	15560661	2317	32.8
1642911130.6	32800	7.443778	0.0	15851372	1932	32.8
1642911132.46	32800	7.714606	0.0	14688721	1700	32.8
1642911134.17	32800	8.626951	0.0	12381646	1554	32.8
1642911135.43	32800	9.816014	0.0	10179458	1105	32.8
1642911136.34	32800	11.184721	0.0	7987681	761	32.8
1642911137.08	32800	12.730891	0.0	6249975	618	32.8
1642911137.92	32800	14.115376	0.0	6462926	715	32.8
1642911138.66	32800	15.698125	0.0	6930236	609	32.8
1642911139.43	32800	17.216877	0.0	7176786	629	32.8
1642911140.21	32800	18.763152	0.0	6963959	659	32.8
1642911141.04	32800	20.17902	0.0	7320305	698	32.8
1642911141.83	32800	21.773112	0.0	7420242	650	32.8
1642911142.71	32800	23.140688	0.0	7455282	745	32.8
1642911143.54	32800	24.576679	0.0	7960895	695	32.8
1642911144.36	32800	25.939593	0.0	6396912	698	32.8
1642911145.15	32800	27.640963	0.0	7253832	670	32.8
1642911145.84	32800	29.122241	0.0	7034316	550	32.8
1642911146.59	32800	30.499358	0.0	7133512	624	32.8
1642911147.41	32800	31.86823	0.0	7041401	689	32.8
1642911148.15	32800	33.219709	0.0	7143328	617	32.8
1642911148.85	32800	34.665755	0.0	7338535	571	32.8
1642911149.51	32800	36.012481	0.0	6896645	537	32.8
1642911150.16	32800	37.479471	0.0	6714054	523	32.8
1642911150.84	32800	38.802199	0.0	7018701	547	32.8
1642911151.49	32800	40.175845	0.0	6838204	532	32.8
1642911152.12	32800	41.61967	0.0	6922846	502	32.8
1642911152.73	32800	43.159078	0.0	6926196	485	32.8
1642911153.33	32800	44.61347	0.0	7072104	450	32.8
1642911153.93	32800	46.217259	0.0	7515735	467	32.8
1642911154.48	32800	47.839951	0.0	7011028	408	32.8
1642911155.08	32800	49.417728	0.0	7307337	470	32.8
1642911155.72	32800	50.805748	0.0	7344127	515	32.8
1642911156.29	32800	52.232305	0.0	7064203	449	32.8
1642911156.92	32800	53.680473	0.0	7516082	487	32.8
1642911157.55	32800	55.128921	0.0	7278398	509	32.8
1642911158.21	32800	56.474685	0.0	7481760	523	32.8
1642911158.89	32800	57.925856	0.0	7871221	551	32.8
1642911159.54	32800	59.347488	0.0	7236548	507	32.8
1642911161.35	32800	59.844614	0.0	7418057	681	32.8
1642911163.54	32800	59.593473	0.0	7580084	552	32.8
1642911165.67	32800	59.814122	0.0	7306910	497	32.8
1642911168.27	32800	59.89085	0.0	7790808	454	32.8
1642911170.98	32800	59.582343	0.0	7160738	583	32.8
1642911172.6	32800	59.946798	0.0	7565820	480	32.8
1642911174.85	32800	59.910606	0.0	8064139	619	32.8
1642911176.99	32800	59.910634	0.0	7308924	510	32.8
1642911178.82	32800	59.945842	0.0	7936123	690	32.8
1642911181.41	32800	59.656927	0.0	7845705	456	32.8
1642911183.05	32800	59.907077	0.0	7682661	515	32.8
1642911185.24	32800	59.657027	0.0	8703604	553	32.8
1642911187.44	32800	59.774074	0.0	8166986	549	32.8
1642911189.01	32800	59.960986	0.0	8155312	1445	32.8
1642911191.53	32800	59.52403	0.0	9057843	878	32.8
1642911191.64	32800	59.36492	0.0	296571	17	32.8

1642911192.04	8200	1.999999	0.126	427088	29	-32.76
1642911192.28	32800	3.801954	0.0	1705511	116	8.199999999999996
1642911192.5	32800	5.5853	0.0	1560846	109	32.8
1642911192.71	32800	7.374109	0.0	1542804	107	32.8
1642911193.89	32800	8.189998	0.0	12166782	946	32.8
1642911195.65	32800	8.437931	0.0	15664097	1565	32.8
1642911197.92	32800	8.165673	0.0	15560661	2097	32.8
1642911199.13	32800	8.956691	0.0	15851372	1033	32.8
1642911200.26	32800	9.888976	0.0	14688721	985	32.8
1642911201.21	32800	11.421293	0.0	12381646	788	32.8
1642911202.02	32800	12.961427	0.0	10179458	685	32.8
1642911202.78	32800	14.263289	0.0	7987681	622	32.8
1642911203.38	32800	15.917949	0.0	6249975	487	32.8
1642911204.11	32800	17.4457	0.0	6462926	604	32.8
1642911204.97	32800	18.93172	0.0	6930236	728	32.8
1642911205.66	32800	20.591205	0.0	7176786	558	32.8
1642911206.34	32800	22.110911	0.0	6963959	541	32.8
1642911207.11	32800	23.672872	0.0	7320305	636	32.8
1642911207.93	32800	25.045074	0.0	7420242	689	32.8
1642911208.59	32800	26.593122	0.0	7455282	522	32.8
1642911209.47	32800	27.895046	0.0	7960895	757	32.8
1642911210.4	32800	29.4677	0.0	6396912	813	32.8
1642911211.22	32800	30.976008	0.0	7253832	686	32.8
1642911211.88	32800	32.54457	0.0	7034316	538	32.8
1642911212.5	32800	34.171252	0.0	7133512	499	32.8
1642911213.09	32800	36.004465	0.0	7041401	463	32.8
1642911213.67	32800	37.664693	0.0	7143328	454	32.8
1642911214.36	32800	39.315891	0.0	7338535	569	32.8
1642911215.79	32800	40.332463	0.0	6896645	1304	32.8
1642911216.9	32800	41.792219	0.0	6714054	988	32.8
1642911217.18	32800	43.557689	0.0	7018701	165	32.8
1642911217.47	32800	45.369056	0.0	6838204	160	32.8
1642911217.75	32800	47.192259	0.0	6922846	161	32.8
1642911217.94	32800	49.034484	0.0	6926196	63	32.8
1642911218.12	32800	50.887667	0.0	7072104	67	32.8
1642911220.42	260000	51.714461	0.0	65860507	1290	32.80000000000001
1642911221.64	260000	52.985147	0.0	60900183	813	260.0
1642911223.83	260000	53.198624	0.0	65223805	1764	260.0
1642911225.09	260000	54.029624	0.0	61492275	873	260.0
1642911226.38	260000	54.883048	0.0	57534179	869	260.0
1642911227.76	260000	55.579568	0.0	64191273	987	260.0
1642911229.68	260000	55.931529	0.0	57421190	1532	260.0
1642911230.94	260000	56.771231	0.0	60358582	852	260.0
1642911232.2	260000	57.667861	0.0	60581734	920	260.0
1642911233.32	260000	58.612429	0.0	55686462	806	260.0
1642911234.7	260000	59.555756	0.0	61687104	946	260.0
1642911236.78	260000	59.963921	0.0	56994559	683	260.0
1642911238.98	260000	59.93739	0.0	55162012	741	260.0
1642911244.44	260000	57.168333	0.0	63612323	4971	260.0
1642911244.7	32800	58.90162	0.0	7160738	128	-194.39999999999998
1642911245.95	32800	59.856947	0.0	7565820	125	32.8
1642911248.26	32800	59.834559	0.0	8064139	176	32.8
1642911250.53	32800	59.509037	0.0	7308924	146	32.8
1642911252.31	32800	59.994556	0.0	7936123	143	32.8
1642911254.7	260000	59.610204	0.0	53458888	997	32.80000000000001
1642911256.46	260000	59.993658	0.0	53798130	883	260.0
1642911258.39	260000	59.993842	0.0	61358299	957	260.0
1642911261.26	260000	59.794231	0.0	50406269	563	260.0
1642911263.52	260000	59.544079	0.0	43226513	492	260.0
1642911265.24	260000	59.794151	0.0	35938085	483	260.0
1642911265.35	260000	59.617006	0.0	631698	8	260.0

1642911265.77	8200	1.999999	0.142	2049018	22	-36.92
1642911265.9	260000	3.901712	0.0	1757078	20	8.199999999999989
1642911265.93	32800	5.868976	0.0	1560846	5	-194.39999999999998
1642911265.96	32800	7.845789	0.0	1542804	3	32.8
1642911266.29	32800	9.513377	0.0	12166782	145	32.8
1642911268.18	260000	9.62559	0.0	88770741	1005	32.80000000000001
1642911269.69	260000	10.1163	0.0	84756689	1034	260.0
1642911271.29	260000	10.520043	0.0	85798884	910	260.0
1642911272.83	260000	10.97701	0.0	86059829	849	260.0
1642911274.31	260000	11.753061	0.0	83431241	907	260.0
1642911276.2	260000	12.346754	0.0	82198417	1170	260.0
1642911277.92	260000	13.791194	0.0	79299299	1175	260.0
1642911279.75	260000	15.497925	0.0	75092129	1143	260.0
1642911281.58	260000	17.25077	0.0	78844622	1173	260.0
1642911283.39	260000	18.982964	0.0	77654479	1224	260.0
1642911285.18	260000	20.642666	0.0	75220977	1368	260.0
1642911287.17	260000	22.254768	0.0	79740890	1458	260.0
1642911289.25	260000	23.877062	0.0	78574581	1384	260.0
1642911291.17	260000	25.583768	0.0	78901633	1407	260.0
1642911293.25	260000	27.144842	0.0	79414941	1392	260.0
1642911295.25	260000	28.821484	0.0	73704781	1313	260.0
1642911297.92	260000	30.239573	0.0	80783826	1924	260.0
1642911300.74	260000	31.882412	0.0	77638812	2101	260.0
1642911303.25	260000	33.327885	0.0	74749470	1869	260.0
1642911305.8	260000	34.989144	0.0	75910911	2101	260.0
1642911308.26	260000	36.597188	0.0	74070687	1960	260.0
1642911310.82	260000	38.128398	0.0	73938718	1870	260.0
1642911313.19	260000	39.793229	0.0	73613985	1775	260.0
1642911315.16	260000	41.460812	0.0	69503182	1527	260.0
1642911317.06	260000	43.061299	0.0	72822670	1434	260.0
1642911318.75	260000	44.793975	0.0	70991563	1312	260.0
1642911320.18	260000	46.542095	0.0	66218671	1061	260.0
