1643774018.7	8200	1.999999	0.347	546328	250	-90.22
1643774018.91	11700	3.801355	0.0	1102047	92	8.2
1643774019.03	11700	5.685423	0.0	1111083	14	11.7
1643774019.14	11700	7.573513	0.0	1066380	12	11.7
1643774019.35	11700	9.362409	0.0	3938957	90	11.7
1643774019.89	32800	10.824966	0.0	15664097	322	11.699999999999996
1643774022.23	260000	10.48167	0.0	84756689	1443	32.80000000000001
1643774024.2	260000	10.513391	0.0	85798884	1445	260.0
1643774026.27	260000	10.442401	0.0	86059829	1449	260.0
1643774027.98	260000	10.733994	0.0	83431241	1221	260.0
1643774030.04	260000	11.358731	0.0	82198417	1372	260.0
1643774032.14	260000	12.094383	0.0	79299299	1605	260.0
1643774034.1	260000	13.762787	0.0	75092129	1479	260.0
1643774036.07	260000	15.416082	0.0	78844622	1473	260.0
1643774038.08	260000	16.952248	0.0	77654479	1542	260.0
1643774039.94	260000	18.787158	0.0	75220977	1411	260.0
1643774041.76	260000	20.505941	0.0	79740890	1362	260.0
1643774044.12	260000	21.920527	0.0	78574581	1836	260.0
1643774046.51	260000	23.576203	0.0	78901633	1938	260.0
1643774048.93	260000	25.203467	0.0	79414941	1932	260.0
1643774051.7	260000	26.584783	0.0	73704781	2265	260.0
1643774054.45	260000	28.239137	0.0	80783826	2286	260.0
1643774057.0	260000	29.686651	0.0	77638812	2091	260.0
1643774059.5	260000	31.327027	0.0	74749470	2062	260.0
1643774061.88	260000	32.919772	0.0	75910911	1788	260.0
1643774064.05	260000	34.520787	0.0	74070687	1528	260.0
1643774066.02	260000	36.280243	0.0	73938718	1533	260.0
1643774067.9	260000	37.792073	0.0	73613985	1296	260.0
1643774069.45	260000	39.5938	0.0	69503182	1098	260.0
1643774070.97	260000	41.42175	0.0	72822670	1033	260.0
1643774072.41	260000	43.197496	0.0	70991563	916	260.0
1643774073.86	260000	44.907369	0.0	66218671	903	260.0
1643774075.34	260000	46.536055	0.0	71469145	1033	260.0
1643774077.18	260000	48.22776	0.0	64074874	1424	260.0
1643774079.22	260000	49.869959	0.0	65041967	1513	260.0
1643774081.16	260000	51.489243	0.0	65860507	1436	260.0
1643774082.81	260000	53.343162	0.0	60900183	1280	260.0
1643774085.01	260000	54.895765	0.0	65223805	1607	260.0
1643774087.15	260000	56.500987	0.0	61492275	1707	260.0
1643774089.11	260000	58.102962	0.0	57534179	1595	260.0
1643774091.27	260000	59.523706	0.0	64191273	1750	260.0
1643774102.36	260000	59.954716	0.0	57421190	1700	260.0
1643774111.97	260000	59.941925	0.0	60358582	1590	260.0
1643774122.96	260000	59.90982	0.0	60581734	1465	260.0
1643774134.41	260000	59.886088	0.0	55686462	1486	260.0
1643774144.37	260000	59.799052	0.0	61687104	1451	260.0
1643774155.28	260000	59.883794	0.0	56994559	1408	260.0
1643774165.17	260000	59.569863	0.0	55162012	1412	260.0
1643774175.22	260000	59.978436	0.0	63612323	1561	260.0
1643774186.63	260000	59.885679	0.0	53712380	1467	260.0
1643774196.29	260000	59.983286	0.0	59826276	3029	260.0
1643774207.25	260000	59.903795	0.0	58861434	1487	260.0
1643774219.11	260000	59.877067	0.0	53320981	1378	260.0
1643774229.86	260000	59.796164	0.0	62494429	1624	260.0
1643774240.25	260000	59.572441	0.0	53458888	1350	260.0
1643774250.24	260000	59.792893	0.0	53798130	1550	260.0
1643774259.78	260000	59.774133	0.0	61358299	1552	260.0
1643774270.04	260000	59.918057	0.0	50406269	1318	260.0
1643774280.82	260000	59.925013	0.0	43226513	1263	260.0
1643774290.34	260000	59.995649	0.0	35938085	1201	260.0
1643774291.36	260000	59.900075	0.0	631698	334	260.0

1643774291.48	32800	59.866726	0.347	296571	3	-90.22
1643774291.49	32800	59.853158	0.0	296571	1	32.8
1643774291.5	32800	59.841928	0.0	296571	1	32.8
1643774292.04	8200	1.999999	-0.068	427088	169	1.2799999999999976
1643774292.06	11700	3.999999	0.0	1102047	3	8.2
1643774292.08	11700	5.99421	0.0	1111083	3	11.7
1643774292.36	32800	7.710902	0.0	1542804	166	11.699999999999996
1643774292.84	32800	9.233943	0.0	12166782	294	32.8
1643774292.94	32800	11.129262	0.0	15664097	29	32.8
1643774293.38	32800	12.692523	0.0	15560661	284	32.8
1643774295.72	260000	12.355765	0.0	85798884	1215	32.80000000000001
1643774297.43	260000	12.641836	0.0	86059829	1210	260.0
1643774299.46	260000	12.609454	0.0	83431241	1552	260.0
1643774301.52	260000	13.187018	0.0	82198417	1573	260.0
1643774303.78	260000	13.707801	0.0	79299299	1780	260.0
1643774306.05	260000	14.155404	0.0	75092129	1788	260.0
1643774308.46	260000	14.647291	0.0	78844622	1796	260.0
1643774310.72	260000	15.783522	0.0	77654479	1752	260.0
1643774312.83	260000	17.410831	0.0	75220977	1613	260.0
1643774314.92	260000	19.032539	0.0	79740890	1600	260.0
1643774317.03	260000	20.65385	0.0	78574581	1430	260.0
