1642402431.65	8200	1.999999	0.351	546328	247	-91.26
1642402431.94	260000	3.719288	0.0	1757078	97	8.199999999999989
1642402432.2	260000	5.455793	0.0	1560847	87	260.0
1642402432.39	260000	7.262202	0.0	1542805	16	260.0
1642402433.18	32800	8.473559	0.0	12166782	527	-194.39999999999998
1642402433.95	32800	9.705638	0.0	15664097	515	32.8
1642402434.57	32800	11.091056	0.0	15560661	362	32.8
1642402436.79	152400	10.867319	0.0	72320713	1384	32.80000000000001
1642402438.37	152400	11.290212	0.0	70827999	959	152.4
1642402439.41	152400	12.251517	0.0	51846012	633	152.4
1642402441.09	260000	13.264979	0.0	82198417	922	152.4
1642402442.77	260000	14.081516	0.0	79299299	1057	260.0
1642402444.27	260000	15.420956	0.0	75092129	969	260.0
1642402445.94	260000	16.294942	0.0	78844622	1139	260.0
1642402447.6	260000	17.586742	0.0	77654479	1134	260.0
1642402449.35	260000	18.425494	0.0	75220977	1109	260.0
1642402450.99	260000	19.656266	0.0	79740890	1112	260.0
1642402453.07	260000	21.483044	0.0	78574581	1456	260.0
1642402455.04	260000	23.059183	0.0	78901633	1443	260.0
1642402457.27	260000	24.669278	0.0	79414941	1731	260.0
1642402459.44	260000	26.30705	0.0	73704781	1534	260.0
1642402461.62	260000	27.982054	0.0	80783826	1633	260.0
1642402463.68	260000	29.591337	0.0	77638812	1578	260.0
1642402465.86	260000	31.063321	0.0	74749470	1520	260.0
1642402467.87	260000	32.587011	0.0	75910911	1511	260.0
1642402469.78	260000	34.344598	0.0	74070687	1403	260.0
1642402471.68	260000	35.896041	0.0	73938718	1323	260.0
1642402473.47	260000	37.493846	0.0	73613985	1225	260.0
1642402475.1	260000	38.932309	0.0	69503182	1115	260.0
1642402476.62	260000	40.553184	0.0	72822670	993	260.0
1642402478.26	260000	42.083531	0.0	70991563	1103	260.0
1642402479.9	260000	43.733842	0.0	66218671	1194	260.0
1642402481.99	260000	45.311645	0.0	71469145	1612	260.0
1642402484.03	260000	46.884257	0.0	64074874	1614	260.0
1642402486.17	260000	48.484939	0.0	65041967	1612	260.0
1642402488.25	260000	50.168308	0.0	65860507	1626	260.0
1642402490.28	260000	51.879659	0.0	60900183	1611	260.0
1642402492.45	260000	53.485483	0.0	65223805	1692	260.0
1642402494.89	260000	55.085385	0.0	61492275	2005	260.0
1642402497.02	260000	56.619761	0.0	57534179	1687	260.0
1642402499.33	260000	58.113425	0.0	64191273	1693	260.0
1642402501.21	260000	59.804174	0.0	57421190	1362	260.0
1642402511.44	260000	59.827527	0.0	60358582	1276	260.0
1642402523.68	260000	59.871778	0.0	60581734	1703	260.0
1642402534.95	260000	59.882316	0.0	55686462	1743	260.0
1642402544.92	260000	59.756993	0.0	61687104	1796	260.0
1642402556.4	260000	59.914201	0.0	56994559	1478	260.0
1642402567.85	260000	59.95277	0.0	55162012	1462	260.0
1642402579.45	260000	59.871817	0.0	63612323	1561	260.0
1642402590.38	260000	59.998947	0.0	53712380	1462	260.0
1642402600.89	260000	59.996332	0.0	59826276	1457	260.0
