1642463820.39	8200	1.999999	0.348	546328	249	-90.48
1642463820.68	260000	3.721883	0.0	1757078	98	8.199999999999989
1642463820.87	260000	5.532639	0.0	1560847	19	260.0
1642463821.12	260000	7.278981	0.0	1542805	17	260.0
1642463821.74	32800	8.663559	0.0	12166782	348	-194.39999999999998
1642463822.35	32800	10.059196	0.0	15664097	351	32.8
1642463824.08	152400	10.323568	0.0	68626847	1025	32.80000000000001
1642463829.18	260000	7.603173	0.0	85798884	4444	152.4
1642463835.04	260000	6.213566	0.0	86059829	5342	260.0
1642463839.01	260000	7.434301	0.0	83431241	3411	260.0
1642463842.8	260000	8.694962	0.0	82198417	3086	260.0
1642463844.88	260000	10.286493	0.0	79299299	1585	260.0
1642463846.99	260000	11.865271	0.0	75092129	1463	260.0
1642463848.47	260000	13.54075	0.0	78844622	935	260.0
1642463849.76	260000	15.30431	0.0	77654479	756	260.0
1642463855.72	260000	16.392367	0.0	75220977	5515	260.0
1642463858.89	260000	17.832133	0.0	79740890	2624	260.0
1642463861.36	260000	19.334021	0.0	78574581	2008	260.0
1642463864.0	260000	20.793061	0.0	78901633	2135	260.0
1642463866.32	260000	22.418924	0.0	79414941	1767	260.0
1642463868.32	260000	23.872788	0.0	73704781	1362	260.0
1642463869.93	260000	25.872788	0.0	80783826	1118	260.0
1642463871.56	260000	27.559203	0.0	77638812	1073	260.0
1642463873.46	260000	29.160755	0.0	74749470	1444	260.0
1642463874.96	260000	30.929085	0.0	75910911	962	260.0
1642463876.77	260000	32.490045	0.0	74070687	1246	260.0
1642463883.77	260000	33.437825	0.0	73938718	6354	260.0
1642463885.36	260000	35.044488	0.0	73613985	1112	260.0
1642463887.12	260000	36.657933	0.0	69503182	1140	260.0
1642463889.08	260000	38.357091	0.0	72822670	1438	260.0
1642463890.89	260000	40.125558	0.0	70991563	1293	260.0
1642463892.66	260000	41.769329	0.0	66218671	1178	260.0
1642463894.58	260000	43.413385	0.0	71469145	1313	260.0
1642463896.19	260000	45.162946	0.0	64074874	1178	260.0
1642463897.96	260000	46.934481	0.0	65041967	1227	260.0
1642463901.26	260000	48.415413	0.0	65860507	2846	260.0
1642463912.79	260000	48.365987	0.0	60900183	11079	260.0
1642463920.69	260000	48.941501	0.0	65223805	7344	260.0
1642463924.3	260000	50.218004	0.0	61492275	3173	260.0
1642463925.4	260000	52.218004	0.0	57534179	669	260.0
1642463926.67	260000	53.942359	0.0	64191273	815	260.0
1642463927.89	260000	55.744876	0.0	57421190	839	260.0
1642463929.25	260000	57.379459	0.0	60358582	928	260.0
1642463930.72	260000	59.221482	0.0	60581734	900	260.0
1642463937.41	260000	59.895082	0.0	55686462	1771	260.0
1642463947.55	260000	59.867854	0.0	61687104	1592	260.0
1642463959.1	260000	59.899266	0.0	56994559	1533	260.0
1642463970.62	260000	59.882035	0.0	55162012	1481	260.0
1642463981.24	260000	59.881997	0.0	63612323	1585	260.0
1642463992.18	260000	59.797627	0.0	53712380	1452	260.0
1642464001.7	260000	59.978442	0.0	59826276	1487	260.0
1642464012.26	260000	59.922195	0.0	58861434	1514	260.0
1642464024.32	260000	59.877884	0.0	53320981	1599	260.0
1642464034.05	260000	59.819999	0.0	62494429	1745	260.0
1642464045.64	260000	59.86506	0.0	53458888	11051	260.0
1642464056.41	260000	59.983515	0.0	53798130	1303	260.0
1642464067.04	260000	59.900817	0.0	61358299	1540	260.0
1642464077.71	260000	59.792757	0.0	50406269	3234	260.0
1642464088.21	260000	59.919595	0.0	43226513	2450	260.0
1642464099.56	260000	59.908384	0.0	35938085	5414	260.0
1642464100.12	260000	59.791955	0.0	631698	343	260.0

1642464100.68	8200	1.999999	0.123	385365	13	-31.98
1642464100.79	260000	3.930624	0.0	1757078	4	8.199999999999989
1642464100.89	260000	5.835055	0.0	1560847	3	260.0
1642464100.98	260000	7.742568	0.0	1542805	2	260.0
1642464104.36	260000	6.358908	0.0	83554460	2283	260.0
1642464106.65	260000	6.079126	0.0	88770741	1583	260.0
1642464108.36	260000	6.362905	0.0	84756689	1095	260.0
1642464110.83	260000	7.53628	0.0	85798884	1740	260.0
1642464112.4	260000	9.258881	0.0	86059829	999	260.0
1642464114.65	260000	10.794322	0.0	83431241	1604	260.0
