1642464442.93	8200	1.999999	0.354	546328	250	-92.04
1642464443.28	260000	3.654903	0.0	1757078	171	8.199999999999989
1642464443.53	260000	5.41383	0.0	1560847	64	260.0
1642464443.78	260000	7.159617	0.0	1542805	73	260.0
1642464444.51	32800	8.430251	0.0	12166782	472	-194.39999999999998
1642464445.41	32800	9.533385	0.0	15664097	644	32.8
1642464448.93	152400	8.011004	0.0	68626847	2730	32.80000000000001
1642464452.48	152400	7.127979	0.0	72320713	2918	152.4
1642464456.15	152400	6.921809	0.0	70827999	3194	152.4
1642464458.96	152400	7.788907	0.0	51846012	2363	152.4
1642464461.79	152400	9.227178	0.0	57184643	2364	152.4
1642464464.14	152400	10.6392	0.0	48821461	1963	152.4
1642464467.78	260000	12.041507	0.0	75092129	3148	152.4
1642464471.62	260000	13.339718	0.0	78844622	3229	260.0
1642464475.21	260000	14.617768	0.0	77654479	2942	260.0
1642464478.87	260000	16.140045	0.0	75220977	3210	260.0
1642464483.2	260000	17.372946	0.0	79740890	3665	260.0
1642464491.65	260000	17.670531	0.0	78574581	7823	260.0
1642464498.81	260000	17.785549	0.0	78901633	6425	260.0
1642464503.9	260000	18.401993	0.0	79414941	4597	260.0
1642464505.84	260000	20.023828	0.0	73704781	1445	260.0
1642464507.33	260000	21.677001	0.0	80783826	954	260.0
1642464508.94	260000	23.271508	0.0	77638812	874	260.0
1642464510.82	260000	24.790316	0.0	74749470	1197	260.0
1642464512.8	260000	26.113047	0.0	75910911	1468	260.0
1642464514.77	260000	27.578949	0.0	74070687	1443	260.0
1642464516.8	260000	29.311499	0.0	73938718	1567	260.0
1642464518.79	260000	30.897974	0.0	73613985	1532	260.0
1642464520.71	260000	32.550389	0.0	69503182	1385	260.0
1642464523.11	260000	33.99624	0.0	72822670	1772	260.0
1642464525.23	260000	35.664083	0.0	70991563	1642	260.0
1642464527.25	260000	37.272397	0.0	66218671	1484	260.0
1642464529.63	260000	38.903839	0.0	71469145	1799	260.0
1642464533.33	260000	40.16806	0.0	64074874	3214	260.0
1642464540.99	260000	41.091957	0.0	65041967	7110	260.0
1642464550.76	260000	41.169823	0.0	65860507	9289	260.0
1642464560.11	260000	41.435533	0.0	60900183	8719	260.0
1642464565.06	260000	42.455225	0.0	65223805	4309	260.0
1642464566.8	260000	44.277219	0.0	61492275	1277	260.0
1642464568.29	260000	45.826535	0.0	57534179	1055	260.0
1642464569.67	260000	47.746563	0.0	64191273	976	260.0
1642464570.97	260000	49.565155	0.0	57421190	871	260.0
1642464572.3	260000	51.31318	0.0	60358582	862	260.0
1642464573.55	260000	53.022564	0.0	60581734	796	260.0
1642464574.6	260000	54.808878	0.0	55686462	684	260.0
1642464576.9	260000	56.200071	0.0	61687104	1812	260.0
1642464578.17	260000	58.200071	0.0	56994559	853	260.0
1642464579.59	260000	59.863271	0.0	55162012	971	260.0
1642464591.71	260000	59.884101	0.0	63612323	1189	260.0
1642464602.64	260000	59.889065	0.0	53712380	2934	260.0
1642464613.11	260000	59.514395	0.0	59826276	4879	260.0
1642464625.35	260000	59.843607	0.0	58861434	4216	260.0
1642464639.05	260000	59.473563	0.0	53320981	13121	260.0
1642464649.52	260000	59.596389	0.0	62494429	9871	260.0
1642464658.35	260000	59.900914	0.0	53458888	3951	260.0
1642464668.22	260000	59.804284	0.0	53798130	2819	260.0
1642464679.63	260000	59.873613	0.0	61358299	5916	260.0
1642464689.17	260000	59.812571	0.0	50406269	2453	260.0
1642464699.16	260000	59.915059	0.0	43226513	2539	260.0
1642464708.91	260000	59.578585	0.0	35938085	1857	260.0
1642464709.46	260000	59.572977	0.0	631698	340	260.0

1642464709.9	8200	1.999999	0.156	385365	13	-40.56
1642464710.07	260000	3.904342	0.0	1757078	14	8.199999999999989
1642464710.17	260000	5.805843	0.0	1560847	5	260.0
1642464710.27	260000	7.707488	0.0	1542805	7	260.0
1642464714.91	260000	5.064532	0.0	83554460	3518	260.0
1642464719.74	260000	3.716444	0.0	88770741	4066	260.0
1642464726.21	152400	4.413229	0.0	68626847	5828	44.80000000000001
1642464735.26	152400	5.041704	0.0	72320713	8394	152.4
1642464736.62	32800	6.878328	0.0	14688721	1036	-86.8
1642464737.43	32800	8.864074	0.0	12381646	577	32.8
1642464741.62	152400	9.949062	0.0	57184643	3692	32.80000000000001
