1642388311.51	8200	1.999999	0.349	546328	248	-90.74
1642388311.83	260000	3.693974	0.0	1757078	97	8.199999999999989
1642388312.02	260000	5.50401	0.0	1560847	14	260.0
1642388312.25	260000	7.273819	0.0	1542805	16	260.0
1642388312.79	32800	8.729939	0.0	12166782	255	-194.39999999999998
1642388313.06	11700	10.46403	0.0	4536725	61	-9.400000000000002
1642388315.85	260000	9.675204	0.0	84756689	1513	11.699999999999989
1642388317.77	260000	9.755465	0.0	85798884	1262	260.0
1642388319.66	260000	9.880031	0.0	86059829	1269	260.0
1642388321.47	260000	10.736446	0.0	83431241	1229	260.0
1642388323.43	260000	10.963385	0.0	82198417	1386	260.0
1642388325.91	260000	11.689367	0.0	79299299	1777	260.0
1642388328.51	260000	13.323475	0.0	75092129	1927	260.0
1642388331.57	260000	14.775172	0.0	78844622	2467	260.0
1642388334.44	260000	16.327637	0.0	77654479	2288	260.0
1642388337.3	260000	17.843927	0.0	75220977	2166	260.0
1642388340.01	260000	19.407417	0.0	79740890	2125	260.0
1642388342.52	260000	20.924804	0.0	78574581	1892	260.0
1642388344.94	260000	22.372815	0.0	78901633	1630	260.0
1642388346.9	260000	23.99516	0.0	79414941	1393	260.0
1642388348.61	260000	25.817482	0.0	73704781	1139	260.0
1642388350.45	260000	27.47341	0.0	80783826	1169	260.0
1642388352.21	260000	29.106041	0.0	77638812	1136	260.0
1642388353.73	260000	30.911162	0.0	74749470	966	260.0
1642388355.15	260000	32.671814	0.0	75910911	887	260.0
1642388357.09	260000	34.197234	0.0	74070687	1181	260.0
1642388359.0	260000	36.035288	0.0	73938718	1369	260.0
1642388361.08	260000	37.70869	0.0	73613985	1553	260.0
1642388362.96	260000	39.324922	0.0	69503182	1374	260.0
1642388365.39	260000	40.913513	0.0	72822670	1762	260.0
1642388367.62	260000	42.545658	0.0	70991563	1675	260.0
1642388369.69	260000	44.258928	0.0	66218671	1524	260.0
1642388372.17	260000	45.726451	0.0	71469145	1879	260.0
1642388374.38	260000	47.447687	0.0	64074874	1710	260.0
1642388376.48	260000	48.92571	0.0	65041967	1597	260.0
1642388378.82	260000	50.622016	0.0	65860507	1698	260.0
1642388381.16	260000	52.223999	0.0	60900183	1794	260.0
1642388383.44	260000	53.875302	0.0	65223805	1789	260.0
1642388385.62	260000	55.428514	0.0	61492275	1676	260.0
1642388387.95	260000	56.920029	0.0	57534179	1699	260.0
1642388390.29	260000	58.496341	0.0	64191273	1854	260.0
1642388393.42	260000	59.883096	0.0	57421190	1682	260.0
1642388403.55	260000	59.828016	0.0	60358582	1633	260.0
1642388415.16	260000	59.874847	0.0	60581734	1500	260.0
1642388425.86	260000	59.884538	0.0	55686462	1635	260.0
1642388435.59	260000	59.993533	0.0	61687104	1587	260.0
1642388448.16	260000	59.995584	0.0	56994559	1484	260.0
1642388459.28	260000	59.779368	0.0	55162012	1501	260.0
1642388470.44	260000	59.868181	0.0	63612323	1547	260.0
1642388482.44	260000	59.875434	0.0	53712380	1451	260.0
