1643171038.84	8200	1.999999	0.524	546328	415	-136.24
1643171039.43	8200	3.422914	0.0	790650	478	8.2
1643171039.76	11700	5.088405	0.0	1111083	226	8.2
1643171040.06	11700	6.786949	0.0	1066380	200	11.7
1643171041.33	11700	7.520289	0.0	3938957	1139	11.7
1643171041.94	11700	8.909219	0.0	4536725	493	11.7
1643171042.55	11700	10.295418	0.0	5378836	491	11.7
1643171044.24	32800	10.606978	0.0	15851372	1476	11.699999999999996
1643171045.89	32800	10.964566	0.0	14688721	1485	32.8
1643171047.28	32800	11.569004	0.0	12381646	1238	32.8
1643171048.09	32800	12.76372	0.0	10179458	656	32.8
1643171048.66	32800	14.189193	0.0	7987681	444	32.8
1643171049.1	32800	15.754895	0.0	6249975	311	32.8
1643171049.57	32800	17.280442	0.0	6462926	353	32.8
1643171050.14	32800	18.713089	0.0	6930236	441	32.8
1643171051.06	32800	19.789252	0.0	7176786	803	32.8
1643171052.34	32800	20.639005	0.0	6963959	1158	32.8
1643171052.93	32800	22.05232	0.0	7320305	466	32.8
1643171053.52	32800	23.705664	0.0	7420242	464	32.8
1643171054.09	32800	25.410747	0.0	7455282	435	32.8
1643171054.86	32800	26.97061	0.0	7960895	642	32.8
1643171055.78	32800	28.706363	0.0	6396912	791	32.8
1643171056.66	32800	30.069883	0.0	7253832	752	32.8
1643171057.17	32800	31.882325	0.0	7034316	379	32.8
1643171057.69	32800	33.500647	0.0	7133512	385	32.8
1643171058.2	32800	35.185232	0.0	7041401	379	32.8
1643171058.83	32800	36.758311	0.0	7143328	507	32.8
1643171059.52	32800	38.271535	0.0	7338535	561	32.8
1643171060.13	32800	39.761888	0.0	6896645	482	32.8
1643171061.02	32800	41.420653	0.0	6714054	765	32.8
1643171061.87	32800	42.787553	0.0	7018701	720	32.8
1643171062.54	32800	44.30068	0.0	6838204	554	32.8
1643171063.1	32800	45.90394	0.0	6922846	440	32.8
1643171063.62	32800	47.460733	0.0	6926196	388	32.8
1643171064.1	32800	49.112942	0.0	7072104	352	32.8
1643171064.59	32800	50.681087	0.0	7515735	363	32.8
1643171065.05	32800	52.327004	0.0	7011028	327	32.8
1643171065.59	32800	53.913033	0.0	7307337	415	32.8
1643171073.2	260000	49.350998	0.0	61492275	7058	32.80000000000001
1643171074.38	32800	50.450446	0.0	7064203	961	-194.39999999999998
1643171075.03	32800	51.871855	0.0	7516082	525	32.8
1643171075.7	32800	53.267814	0.0	7278398	535	32.8
1643171076.41	32800	54.587312	0.0	7481760	581	32.8
1643171077.48	32800	55.848356	0.0	7871221	933	32.8
1643171078.78	32800	56.54743	0.0	7236548	1178	32.8
1643171079.8	32800	57.633327	0.0	7418057	892	32.8
1643171080.73	32800	58.735596	0.0	7580084	799	32.8
1643171081.76	32800	59.776284	0.0	7306910	909	32.8
1643171083.89	32800	59.832457	0.0	7790808	998	32.8
1643171086.5	32800	59.765306	0.0	7160738	479	32.8
1643171088.57	32800	59.959939	0.0	7565820	441	32.8
1643171090.97	32800	59.596166	0.0	8064139	771	32.8
1643171093.28	32800	59.5891	0.0	7308924	179	32.8
1643171096.67	32800	58.189608	0.0	7936123	3264	32.8
1643171096.89	11700	59.966888	0.0	2785470	114	-9.400000000000002
1643171099.11	11700	59.8847	0.0	2752189	113	11.7
1643171101.33	260000	59.803162	0.0	2884569	96	11.7
1643171103.57	260000	59.981924	0.0	2854371	132	11.7
1643171105.82	260000	59.781443	0.0	2998361	139	11.7
1643171107.85	260000	59.852681	0.0	35938085	1756	11.699999999999989
1643171107.97	260000	59.761418	0.0	631698	26	260.0

1643171108.37	8200	1.999999	0.117	427088	17	-30.42
1643171108.69	32800	3.716129	0.0	1705511	199	8.199999999999996
1643171108.98	32800	5.428322	0.0	1560846	180	32.8
1643171109.28	32800	7.133818	0.0	1542804	186	32.8
1643171109.7	32800	8.713007	0.0	12166782	233	32.8
1643171110.09	32800	10.317407	0.0	15664097	225	32.8
1643171110.46	32800	11.952516	0.0	15560661	202	32.8
1643171112.93	260000	11.477705	0.0	85798884	1506	32.80000000000001
1643171115.05	260000	11.361702	0.0	86059829	1624	260.0
1643171117.37	260000	11.563823	0.0	83431241	1765	260.0
1643171119.68	260000	11.851333	0.0	82198417	1638	260.0
1643171122.03	260000	12.394618	0.0	79299299	1703	260.0
1643171124.56	260000	12.910125	0.0	75092129	2044	260.0
1643171127.08	260000	13.771523	0.0	78844622	2023	260.0
1643171129.61	260000	15.431519	0.0	77654479	2042	260.0
1643171132.06	260000	16.925127	0.0	75220977	1981	260.0
1643171134.57	260000	18.385799	0.0	79740890	2040	260.0
1643171138.55	260000	19.79229	0.0	78574581	3413	260.0
1643171142.72	260000	21.22573	0.0	78901633	3671	260.0
1643171146.17	260000	22.650366	0.0	79414941	2998	260.0
1643171149.15	260000	24.176629	0.0	73704781	2584	260.0
1643171152.7	260000	25.451257	0.0	80783826	3031	260.0
1643171157.68	260000	26.770471	0.0	77638812	4553	260.0
1643171161.49	260000	28.124755	0.0	74749470	3369	260.0
1643171167.81	260000	28.933192	0.0	75910911	5866	260.0
1643171168.71	32800	30.789725	0.0	7041401	691	-194.39999999999998
1643171168.96	32800	32.789725	0.0	7143328	124	32.8
1643171169.19	32800	34.789725	0.0	7338535	104	32.8
1643171169.42	32800	36.629271	0.0	6896645	86	32.8
1643171169.6	32800	38.629271	0.0	6714054	59	32.8
1643171169.79	32800	40.629271	0.0	7018701	66	32.8
1643171171.21	260000	42.393814	0.0	66218671	1014	32.80000000000001
1643171172.56	260000	44.080461	0.0	71469145	936	260.0
1643171173.86	260000	45.879227	0.0	64074874	898	260.0
1643171175.31	260000	47.696933	0.0	65041967	1052	260.0
1643171177.17	260000	49.206373	0.0	65860507	1469	260.0
1643171178.81	260000	51.035803	0.0	60900183	1285	260.0
1643171180.53	260000	52.633377	0.0	65223805	1286	260.0
1643171182.43	260000	54.28362	0.0	61492275	1515	260.0
1643171184.24	260000	55.819227	0.0	57534179	1455	260.0
1643171186.18	260000	57.608809	0.0	64191273	1546	260.0
1643171187.91	260000	59.184761	0.0	57421190	1386	260.0
1643171195.3	260000	59.870099	0.0	60358582	2948	260.0
1643171205.18	260000	59.977291	0.0	60581734	3943	260.0
1643171217.18	260000	59.866239	0.0	55686462	4014	260.0
1643171227.24	32800	59.915361	0.0	7418057	13	-194.39999999999998
