1642402621.06	8200	1.999999	0.354	546328	249	-92.04
1642402621.34	260000	3.727989	0.0	1757078	98	8.199999999999989
1642402621.54	260000	5.528582	0.0	1560847	18	260.0
1642402621.74	260000	7.331326	0.0	1542805	17	260.0
1642402622.3	32800	8.771349	0.0	12166782	303	-194.39999999999998
1642402622.89	32800	10.18022	0.0	15664097	352	32.8
1642402624.64	152400	10.423857	0.0	68626847	1028	32.80000000000001
1642402626.56	152400	10.512695	0.0	72320713	1316	152.4
1642402629.5	260000	9.798968	0.0	86059829	2203	152.4
1642402632.23	260000	9.851868	0.0	83431241	2089	260.0
1642402635.08	260000	10.133423	0.0	82198417	2287	260.0
1642402638.19	260000	11.488187	0.0	79299299	2504	260.0
1642402640.98	260000	12.710928	0.0	75092129	2259	260.0
1642402643.98	260000	14.268051	0.0	78844622	2423	260.0
1642402646.81	260000	15.598877	0.0	77654479	2198	260.0
1642402649.45	260000	17.324629	0.0	75220977	2102	260.0
1642402652.25	260000	18.674524	0.0	79740890	2173	260.0
1642402654.54	260000	20.12817	0.0	78574581	1770	260.0
1642402656.59	260000	21.802959	0.0	78901633	1519	260.0
1642402658.82	260000	23.3839	0.0	79414941	1551	260.0
1642402661.24	260000	25.086588	0.0	73704781	1935	260.0
1642402663.98	260000	26.546342	0.0	80783826	2010	260.0
1642402666.33	260000	28.258297	0.0	77638812	1844	260.0
1642402668.53	260000	29.827998	0.0	74749470	1692	260.0
1642402670.96	260000	31.293117	0.0	75910911	1924	260.0
1642402673.39	260000	32.867074	0.0	74070687	1779	260.0
1642402676.02	260000	34.385634	0.0	73938718	2138	260.0
1642402678.45	260000	36.016131	0.0	73613985	1949	260.0
1642402680.7	260000	37.729639	0.0	69503182	1767	260.0
1642402682.92	260000	39.302684	0.0	72822670	1762	260.0
1642402685.39	260000	40.790925	0.0	70991563	2004	260.0
1642402687.53	260000	42.396994	0.0	66218671	1696	260.0
1642402689.75	260000	44.103514	0.0	71469145	1699	260.0
1642402691.85	260000	45.738555	0.0	64074874	1681	260.0
1642402694.21	260000	47.294644	0.0	65041967	1854	260.0
1642402696.47	260000	48.921942	0.0	65860507	1790	260.0
1642402698.5	260000	50.634768	0.0	60900183	1594	260.0
1642402700.66	260000	52.148772	0.0	65223805	1616	260.0
1642402702.82	260000	53.730241	0.0	61492275	1609	260.0
1642402704.92	260000	55.343191	0.0	57534179	1629	260.0
1642402707.11	260000	56.918494	0.0	64191273	1703	260.0
1642402709.13	260000	58.499517	0.0	57421190	1550	260.0
1642402712.57	260000	59.864019	0.0	60358582	1450	260.0
1642402723.31	260000	59.80266	0.0	60581734	1291	260.0
1642402735.22	260000	59.890642	0.0	55686462	1409	260.0
1642402746.97	260000	59.635819	0.0	61687104	1692	260.0
1642402758.98	260000	59.867745	0.0	56994559	1487	260.0
1642402769.47	260000	59.873458	0.0	55162012	1424	260.0
1642402779.94	260000	59.815935	0.0	63612323	1461	260.0
1642402791.91	260000	59.836076	0.0	53712380	1453	260.0
