1642838278.31	8200	1.999999	0.354	546328	247	-92.04
1642838278.51	11700	3.796096	0.0	1102047	89	8.2
1642838278.64	32800	5.669433	0.0	1560846	16	11.699999999999996
1642838278.76	260000	7.548	0.0	1542805	17	32.80000000000001
1642838281.5	260000	6.808629	0.0	83554460	1520	260.0
1642838282.62	152400	7.692627	0.0	56494032	664	44.80000000000001
1642838282.64	260000	7.681271	0.0	56494032	664	152.4
1642838284.87	260000	7.441819	0.0	84756689	1505	260.0
1642838287.09	260000	7.718993	0.0	85798884	1484	260.0
1642838289.61	260000	9.423173	0.0	86059829	1953	260.0
1642838292.41	260000	10.876426	0.0	83431241	2270	260.0
1642838295.39	260000	12.474213	0.0	82198417	2456	260.0
1642838298.34	260000	14.07352	0.0	79299299	2418	260.0
1642838300.88	260000	15.463519	0.0	75092129	2051	260.0
1642838300.89	152400	15.463519	0.0	75092129	2051	44.80000000000001
1642838302.45	152400	16.939883	0.0	45810515	1262	152.4
1642838302.46	260000	16.939883	0.0	45810515	1262	152.4
1642838304.95	260000	18.250074	0.0	77654479	2038	260.0
1642838307.28	260000	19.852001	0.0	75220977	1702	260.0
1642838309.51	260000	21.438111	0.0	79740890	1534	260.0
1642838311.79	260000	23.014835	0.0	78574581	1622	260.0
1642838313.99	260000	24.768059	0.0	78901633	1698	260.0
1642838316.43	260000	26.39391	0.0	79414941	1950	260.0
1642838318.51	260000	28.07538	0.0	73704781	1629	260.0
1642838320.87	260000	29.653607	0.0	80783826	1738	260.0
1642838323.23	260000	31.141639	0.0	77638812	1879	260.0
1642838325.42	260000	32.722255	0.0	74749470	1709	260.0
1642838327.54	260000	34.55854	0.0	75910911	1637	260.0
1642838329.48	260000	36.246813	0.0	74070687	1480	260.0
1642838331.47	260000	37.75007	0.0	73938718	1319	260.0
1642838333.32	260000	39.588331	0.0	73613985	1214	260.0
1642838335.38	260000	41.256807	0.0	69503182	1445	260.0
1642838337.4	260000	42.794077	0.0	72822670	1372	260.0
1642838339.05	260000	44.562242	0.0	70991563	1206	260.0
1642838340.67	260000	46.355056	0.0	66218671	1116	260.0
1642838342.84	260000	47.788587	0.0	71469145	1711	260.0
1642838344.85	260000	49.593882	0.0	64074874	1445	260.0
1642838346.71	260000	51.376294	0.0	65041967	1435	260.0
1642838348.72	260000	53.03199	0.0	65860507	1569	260.0
1642838350.82	260000	54.764406	0.0	60900183	1697	260.0
1642838352.97	260000	56.391833	0.0	65223805	1706	260.0
1642838354.98	260000	58.018947	0.0	61492275	1593	260.0
1642838356.8	260000	59.734191	0.0	57534179	1442	260.0
1642838367.03	260000	59.888981	0.0	64191273	1787	260.0
1642838378.97	260000	59.891079	0.0	2642305	501	260.0
1642838378.98	152400	59.891079	0.0	2642305	501	44.80000000000001
1642838396.65	152400	59.850982	0.0	2765120	511	152.4
1642838396.66	32800	59.746611	0.0	2765120	511	-86.8
1642838408.59	32800	59.754456	0.0	2628469	508	32.8
1642838408.6	32800	59.754456	0.0	2628469	508	32.8
1642838420.01	32800	59.933259	0.0	2728942	508	32.8
1642838420.02	32800	59.76609	0.0	2728942	508	32.8
1642838430.94	32800	59.994006	0.0	2718244	508	32.8
1642838430.95	32800	59.902985	0.0	2718244	508	32.8
1642838443.87	32800	59.903997	0.0	2695178	505	32.8
1642838443.88	32800	59.903997	0.0	2695178	505	32.8
1642838466.57	32800	59.979402	0.0	2573837	513	32.8
1642838466.58	32800	59.979402	0.0	2573837	513	32.8
1642838491.21	32800	59.868838	0.0	2747985	509	32.8
1642838491.22	32800	59.868838	0.0	2747985	509	32.8
1642838512.84	32800	59.844986	0.0	2864046	515	32.8

1642838512.85	32800	59.844986	0.354	2864046	515	-92.04
1642838513.63	8200	1.999999	-0.069	427088	173	1.5399999999999991
1642838513.65	11700	3.999999	0.0	1102047	2	8.2
1642838513.93	260000	5.741472	0.0	1560847	167	11.699999999999989
1642838514.07	32800	7.601593	0.0	1542804	20	-194.39999999999998
1642838514.08	260000	7.592441	0.0	1542804	20	32.80000000000001
1642838516.73	260000	6.944361	0.0	83554460	1284	260.0
1642838518.02	152400	7.652053	0.0	56494032	875	44.80000000000001
1642838519.89	152400	7.786513	0.0	68626847	1383	152.4
1642838519.9	260000	7.776462	0.0	68626847	1383	152.4
1642838522.5	260000	7.775044	0.0	85798884	2030	260.0
1642838525.1	260000	9.406114	0.0	86059829	1968	260.0
1642838528.07	260000	10.866357	0.0	83431241	2353	260.0
1642838530.86	260000	12.436591	0.0	82198417	2192	260.0
1642838533.39	260000	13.909296	0.0	79299299	2027	260.0
1642838535.98	260000	15.200578	0.0	75092129	2053	260.0
1642838538.23	260000	16.662881	0.0	78844622	1620	260.0
1642838540.28	260000	18.256651	0.0	77654479	1381	260.0
1642838542.26	260000	19.786565	0.0	75220977	1425	260.0
1642838544.43	260000	21.394954	0.0	79740890	1480	260.0
1642838546.36	260000	22.961196	0.0	78574581	1280	260.0
1642838548.28	260000	24.553633	0.0	78901633	1388	260.0
1642838550.49	260000	26.158843	0.0	79414941	1689	260.0
1642838552.95	260000	27.700905	0.0	73704781	1794	260.0
1642838555.4	260000	29.300585	0.0	80783826	1885	260.0
1642838557.82	260000	30.920374	0.0	77638812	1778	260.0
1642838560.04	260000	32.416696	0.0	74749470	1692	260.0
1642838562.4	260000	33.959678	0.0	75910911	1689	260.0
1642838564.44	260000	35.693542	0.0	74070687	1555	260.0
1642838566.47	260000	37.338336	0.0	73938718	1528	260.0
1642838568.71	260000	38.928227	0.0	73613985	1660	260.0
1642838570.57	260000	40.687556	0.0	69503182	1360	260.0
1642838572.49	260000	42.341738	0.0	72822670	1257	260.0
1642838574.22	260000	44.002859	0.0	70991563	1240	260.0
1642838575.69	260000	45.687428	0.0	66218671	1032	260.0
1642838577.2	260000	47.446965	0.0	71469145	1033	260.0
