1642907583.64	8200	1.999999	0.35	546328	248	-91.0
1642907583.84	11700	3.809352	0.0	1102047	91	8.2
1642907583.95	11700	5.701768	0.0	1111083	9	11.7
1642907584.07	11700	7.586563	0.0	1066380	15	11.7
1642907584.28	11700	9.373093	0.0	3938957	91	11.7
1642907584.88	32800	10.773478	0.0	15664097	339	11.699999999999996
1642907586.96	260000	10.690514	0.0	84756689	1151	32.80000000000001
1642907589.3	260000	10.356351	0.0	85798884	1645	260.0
1642907591.92	260000	9.732296	0.0	86059829	1897	260.0
1642907594.17	260000	9.716312	0.0	83431241	1708	260.0
1642907596.64	260000	10.447075	0.0	82198417	1789	260.0
1642907599.09	260000	11.762885	0.0	79299299	1949	260.0
1642907601.35	260000	13.327871	0.0	75092129	1778	260.0
1642907603.77	260000	14.776286	0.0	78844622	1961	260.0
1642907606.26	260000	16.414269	0.0	77654479	1788	260.0
1642907608.56	260000	17.923856	0.0	75220977	1706	260.0
1642907610.79	260000	19.57505	0.0	79740890	1678	260.0
1642907612.79	260000	21.18678	0.0	78574581	1465	260.0
1642907614.62	260000	23.025106	0.0	78901633	1362	260.0
1642907616.29	260000	24.735587	0.0	79414941	1235	260.0
1642907617.84	260000	26.494475	0.0	73704781	1151	260.0
1642907619.58	260000	28.113573	0.0	80783826	1190	260.0
1642907621.26	260000	29.794568	0.0	77638812	1068	260.0
1642907622.64	260000	31.621121	0.0	74749470	972	260.0
1642907624.1	260000	33.304299	0.0	75910911	963	260.0
1642907625.82	260000	35.094623	0.0	74070687	1085	260.0
1642907627.2	260000	36.788599	0.0	73938718	871	260.0
1642907629.09	260000	38.433262	0.0	73613985	1295	260.0
1642907631.06	260000	40.173879	0.0	69503182	1528	260.0
1642907633.35	260000	41.711012	0.0	72822670	1767	260.0
1642907635.63	260000	43.316462	0.0	70991563	1773	260.0
1642907638.05	260000	44.917323	0.0	66218671	1946	260.0
1642907640.57	260000	46.412527	0.0	71469145	1948	260.0
1642907642.87	260000	47.848184	0.0	64074874	1915	260.0
1642907645.69	260000	49.457516	0.0	65041967	2266	260.0
1642907648.2	260000	51.03152	0.0	65860507	2112	260.0
1642907651.04	260000	52.517083	0.0	60900183	2293	260.0
1642907653.7	260000	54.104704	0.0	65223805	2238	260.0
1642907656.16	260000	55.591582	0.0	61492275	2032	260.0
1642907658.46	260000	57.182074	0.0	57534179	1846	260.0
1642907661.02	260000	58.675947	0.0	64191273	2030	260.0
1642907666.66	260000	59.863993	0.0	57421190	1599	260.0
1642907677.22	260000	59.830068	0.0	60358582	1621	260.0
1642907688.44	260000	59.911259	0.0	60581734	1701	260.0
1642907698.07	260000	59.83468	0.0	55686462	2154	260.0
1642907708.63	260000	59.826213	0.0	61687104	1431	260.0
1642907720.26	260000	59.87695	0.0	56994559	1488	260.0
1642907730.66	260000	59.825574	0.0	55162012	1475	260.0
1642907741.59	260000	59.89834	0.0	63612323	1434	260.0
1642907752.85	260000	59.778223	0.0	53712380	1758	260.0
1642907763.42	260000	59.806075	0.0	59826276	1530	260.0
1642907775.41	260000	59.870156	0.0	58861434	1457	260.0
1642907215.82	32800	41.965052	0.0	7936123	660	32.8
1642907216.48	32800	43.312143	0.0	7845705	519	32.8
1642907217.02	32800	44.768594	0.0	7682661	412	32.8
1642907217.66	32800	46.127604	0.0	8703604	493	32.8
1642907218.29	32800	47.498978	0.0	8166986	480	32.8
1642907218.87	32800	48.919876	0.0	8155312	440	32.8
1642907219.51	32800	50.283096	0.0	9057843	498	32.8
1642907219.63	32800	50.19201	0.0	296571	15	32.8