1642449116.71	8200	1.999999	0.52	546328	413	-135.2
1642449118.13	260000	2.586658	0.0	1757078	1229	8.199999999999989
1642449119.4	260000	3.3189	0.0	1560847	1092	260.0
1642449120.5	260000	4.219479	0.0	1542805	868	260.0
1642449122.58	11700	4.135453	0.0	3938957	1877	-236.60000000000002
1642449123.74	4900	4.977771	0.0	2133335	972	-1.8999999999999995
1642449125.35	4900	5.365238	0.0	2134063	1427	4.9
1642449127.5	8200	5.216145	0.0	3861716	1955	4.8999999999999995
1642449128.65	4900	6.062285	0.0	1894210	960	1.6000000000000005
1642449130.36	8200	6.356988	0.0	2809333	1518	4.8999999999999995
1642449131.64	8200	7.077934	0.0	2063908	1090	8.2
1642449132.14	4900	8.576266	0.0	935051	327	1.6000000000000005
1642449132.97	4900	9.746654	0.0	935377	654	4.9
1642449133.57	4900	11.146464	0.0	1007353	414	4.9
1642449134.46	8200	12.2535	0.0	1775648	708	4.8999999999999995
1642449135.35	4900	13.362997	0.0	1103099	699	1.6000000000000005
1642449135.92	4900	14.791258	0.0	1131748	396	4.9
1642449137.03	11700	15.689235	0.0	2614451	915	4.8999999999999995
1642449140.84	32800	13.875121	0.0	7420242	3599	11.699999999999996
1642449145.01	32800	11.707086	0.0	7455282	3961	32.8
1642449154.79	32800	4.01255	0.0	7960895	9576	32.8
1642449156.25	4900	4.747381	0.0	988609	829	-23.0
1642449158.27	4900	4.866652	0.0	1009447	982	4.9
1642449160.7	4900	4.432218	0.0	1002081	418	4.9
1642449161.24	4900	5.893436	0.0	1052991	368	4.9
1642449162.13	4900	7.005644	0.0	1019357	713	4.9
1642449164.01	4900	7.118619	0.0	1039341	731	4.9
1642449164.5	4900	8.635235	0.0	1056656	305	4.9
1642449165.25	11700	9.884538	0.0	2434805	566	4.8999999999999995
1642449165.81	4900	11.322833	0.0	1042935	364	-1.8999999999999995
1642449166.34	4900	12.789298	0.0	1051931	366	4.9
1642449166.88	4900	14.248399	0.0	1030869	361	4.9
1642449167.94	11700	15.195952	0.0	2448718	857	4.8999999999999995
1642449168.52	11700	16.609896	0.0	2478629	401	11.7
1642449169.68	32800	17.451461	0.0	7072104	955	11.699999999999996
1642449170.91	32800	18.227324	0.0	7515735	1016	32.8
1642449172.13	32800	19.002836	0.0	7011028	955	32.8
1642449173.07	32800	20.062092	0.0	7307337	730	32.8
1642449173.85	32800	21.278843	0.0	7344127	587	32.8
1642449174.57	32800	22.564592	0.0	7064203	520	32.8
1642449176.97	152400	22.165282	0.0	35313058	1994	32.80000000000001
1642449179.22	152400	21.916093	0.0	32767078	1938	152.4
1642449182.79	152400	20.347191	0.0	34143965	3273	152.4
1642449187.1	152400	18.030805	0.0	35599566	3933	152.4
1642449190.61	152400	16.783596	0.0	31880015	3182	152.4
1642449192.96	152400	16.638574	0.0	35467287	1995	152.4
1642449195.6	152400	16.100161	0.0	35220717	2295	152.4
1642449197.38	152400	16.389745	0.0	32694645	1463	152.4
1642449199.76	152400	17.364236	0.0	39805936	1852	152.4
1642449201.96	152400	18.380123	0.0	33801477	1892	152.4
1642449204.55	152400	19.262962	0.0	36845834	2204	152.4
1642449206.87	152400	20.326208	0.0	38920703	1963	152.4
1642449209.74	260000	21.170181	0.0	53320981	2278	152.4
1642449212.64	260000	22.098187	0.0	62494429	2354	260.0
1642449215.32	260000	22.974726	0.0	53458888	2245	260.0
1642449218.33	260000	23.88166	0.0	53798130	2590	260.0
1642449221.72	260000	24.367024	0.0	61358299	2810	260.0
1642449224.66	260000	25.229045	0.0	50406269	2468	260.0
1642449227.7	260000	26.307943	0.0	43226513	2588	260.0
1642449230.7	260000	27.256728	0.0	35938085	2715	260.0
1642449230.87	260000	27.290062	0.0	631698	43	260.0

1642449231.0	11700	27.236938	0.52	139786	9	-135.2
1642449231.06	260000	27.206867	0.0	631698	3	11.699999999999989
1642449231.84	8200	1.999999	0.01	2049018	414	-246.20000000000002
1642449231.95	260000	3.923484	0.0	1757078	4	8.199999999999989
1642449232.04	260000	5.835294	0.0	1560847	3	260.0
1642449232.13	260000	7.743377	0.0	1542805	3	260.0
1642449233.51	32800	8.365251	0.0	12166782	1114	-194.39999999999998
1642449235.52	32800	8.358117	0.0	15664097	1768	32.8
1642449237.37	32800	8.498944	0.0	15560661	1619	32.8
1642449239.2	32800	8.671509	0.0	15851372	1565	32.8
1642449240.55	32800	9.554162	0.0	14688721	1117	32.8
1642449241.66	32800	10.678958	0.0	12381646	900	32.8
1642449242.62	32800	11.924771	0.0	10179458	758	32.8
1642449243.36	32800	13.500353	0.0	7987681	547	32.8
1642449243.91	32800	15.186903	0.0	6249975	364	32.8
1642449244.53	32800	16.779396	0.0	6462926	435	32.8
1642449245.28	32800	18.40255	0.0	6930236	550	32.8
1642449248.73	152400	18.373287	0.0	40301174	2932	32.80000000000001
1642449252.0	152400	18.31627	0.0	39676104	2911	152.4
1642449255.45	152400	18.259181	0.0	40793176	3134	152.4
1642449258.74	152400	18.303512	0.0	37608977	2934	152.4
1642449261.5	152400	18.167713	0.0	35738670	2401	152.4
1642449264.7	152400	17.55743	0.0	36020729	2845	152.4
1642449268.13	152400	16.129383	0.0	36493721	3105	152.4
1642449271.9	152400	15.783676	0.0	37585290	3414	152.4
1642449275.56	152400	16.486836	0.0	34459282	3267	152.4
1642449279.5	152400	17.37384	0.0	37576374	3557	152.4
1642449283.11	152400	18.157581	0.0	34095545	3301	152.4
1642449287.01	152400	18.895756	0.0	34314045	3569	152.4
1642449291.52	152400	19.531374	0.0	34563011	4150	152.4
