1642450668.95	8200	1.999999	0.357	546328	253	-92.82
1642450669.33	260000	3.637102	0.0	1757078	190	8.199999999999989
1642450669.69	260000	5.271146	0.0	1560847	187	260.0
1642450670.4	260000	6.557351	0.0	1542805	537	260.0
1642450671.22	11700	7.740336	0.0	3938957	551	-236.60000000000002
1642450671.95	8200	9.016218	0.0	3361033	533	4.699999999999999
1642450673.0	8200	9.958623	0.0	3920262	871	8.2
1642450676.97	32800	7.989628	0.0	15851372	3666	8.199999999999996
1642450678.07	11700	9.005141	0.0	5587559	901	-9.400000000000002
1642450679.23	32800	9.842256	0.0	12381646	942	11.699999999999996
1642450680.21	32800	10.863526	0.0	10179458	768	32.8
1642450681.23	32800	11.844387	0.0	7987681	814	32.8
1642450681.98	32800	13.094189	0.0	6249975	560	32.8
1642450682.66	32800	14.407393	0.0	6462926	490	32.8
1642450683.21	32800	15.944258	0.0	6930236	346	32.8
1642450685.88	152400	16.583531	0.0	40301174	2157	32.80000000000001
1642450687.94	152400	16.987828	0.0	39676104	1724	152.4
1642450689.58	152400	17.73339	0.0	40793176	1254	152.4
1642450691.15	152400	18.534296	0.0	37608977	1227	152.4
1642450694.44	260000	17.96144	0.0	79414941	2638	152.4
1642450697.26	260000	17.395215	0.0	73704781	2192	260.0
1642450700.05	260000	16.65776	0.0	80783826	2314	260.0
1642450703.02	260000	15.887047	0.0	77638812	2434	260.0
1642450705.98	260000	17.049214	0.0	74749470	2481	260.0
1642450709.09	260000	18.060808	0.0	75910911	2525	260.0
1642450712.23	260000	19.036712	0.0	74070687	2691	260.0
1642450715.28	260000	19.805431	0.0	73938718	2498	260.0
1642450719.51	260000	20.58452	0.0	73613985	3688	260.0
1642450724.54	260000	21.112789	0.0	69503182	4465	260.0
1642450734.38	260000	20.876282	0.0	72822670	9323	260.0
1642450741.59	260000	21.504267	0.0	70991563	6553	260.0
1642450743.32	260000	23.197078	0.0	66218671	1270	260.0
1642450744.81	260000	24.858229	0.0	71469145	1007	260.0
1642450745.57	152400	26.778104	0.0	30869167	377	44.80000000000001
1642450746.35	152400	28.411908	0.0	31753337	484	152.4
1642450747.78	260000	30.130988	0.0	65860507	918	152.4
1642450749.18	260000	31.807136	0.0	60900183	963	260.0
1642450750.6	260000	33.596184	0.0	65223805	956	260.0
1642450751.94	260000	35.451395	0.0	61492275	908	260.0
1642450753.29	260000	37.229093	0.0	57534179	803	260.0
1642450754.62	260000	38.946041	0.0	64191273	876	260.0
1642450755.86	260000	40.795873	0.0	57421190	785	260.0
1642450757.15	260000	42.507283	0.0	60358582	782	260.0
1642450758.43	260000	44.13913	0.0	60581734	837	260.0
1642450759.76	260000	45.981899	0.0	55686462	798	260.0
1642450761.12	260000	47.75448	0.0	61687104	876	260.0
1642450762.36	260000	49.47438	0.0	56994559	803	260.0
1642450763.54	260000	51.334344	0.0	55162012	779	260.0
1642450764.98	260000	53.0498	0.0	63612323	957	260.0
1642450766.52	260000	54.756875	0.0	53712380	1111	260.0
1642450768.21	260000	56.431584	0.0	59826276	1275	260.0
1642450769.86	260000	58.095915	0.0	58861434	1231	260.0
1642450771.37	260000	59.881564	0.0	53320981	1091	260.0
1642450781.08	260000	59.777471	0.0	62494429	1204	260.0
1642450791.93	260000	59.888528	0.0	53458888	2871	260.0
1642450803.12	260000	59.921586	0.0	53798130	4642	260.0
1642450813.6	260000	59.900987	0.0	61358299	4417	260.0
1642450823.33	260000	59.821895	0.0	50406269	2288	260.0
1642450833.1	260000	59.9234	0.0	43226513	1808	260.0
1642450843.78	260000	59.877784	0.0	35938085	2811	260.0
1642450844.33	260000	59.782589	0.0	631698	336	260.0

1642450844.45	11700	59.782589	0.357	139786	5	-92.82
1642450844.52	260000	59.782589	0.0	631698	1	11.699999999999989
1642450845.37	8200	1.999999	0.126	2049018	366	-276.36
1642450845.48	260000	3.923078	0.0	1757078	5	8.199999999999989
1642450845.58	260000	5.826478	0.0	1560847	5	260.0
1642450845.68	260000	7.727451	0.0	1542805	7	260.0
1642450846.46	32800	8.946483	0.0	12166782	511	-194.39999999999998
1642450847.44	32800	9.965332	0.0	15664097	730	32.8
1642450848.35	32800	11.051198	0.0	15560661	681	32.8
