1643136930.41	8200	1.999999	0.353	546328	249	-91.78
1643136930.77	260000	3.647158	0.0	1757078	175	8.199999999999989
1643136931.03	260000	5.388892	0.0	1560847	82	260.0
1643136931.29	260000	7.118792	0.0	1542805	90	260.0
1643136932.26	32800	8.151759	0.0	12166782	705	-194.39999999999998
1643136933.63	32800	8.789286	0.0	15664097	1111	32.8
1643136935.43	11700	8.980555	0.0	5378836	1614	-9.400000000000002
1643136936.26	11700	10.152333	0.0	4892753	594	11.7
1643136936.78	11700	11.637841	0.0	5587559	326	11.7
1643136937.23	11700	13.181885	0.0	4371099	272	11.7
1643136938.18	32800	14.24016	0.0	10179458	717	11.699999999999996
1643136939.1	32800	15.748525	0.0	7987681	699	32.8
1643136942.47	152400	15.559151	0.0	44466772	2749	32.80000000000001
1643136946.31	152400	14.556578	0.0	45810515	3366	152.4
1643136949.33	152400	13.63081	0.0	42807747	2596	152.4
1643136951.99	152400	12.966365	0.0	40301174	2307	152.4
1643136957.52	152400	10.412559	0.0	39676104	5178	152.4
1643136961.69	152400	10.93325	0.0	40793176	3736	152.4
1643136964.47	152400	11.826155	0.0	37608977	2339	152.4
1643136965.51	152400	13.656565	0.0	35738670	689	152.4
1643136966.43	152400	15.317892	0.0	36020729	515	152.4
1643136967.53	152400	17.141622	0.0	36493721	740	152.4
1643136968.55	152400	18.857641	0.0	37585290	669	152.4
1643136970.88	260000	20.050362	0.0	74749470	1684	152.4
1643136973.11	260000	21.508617	0.0	75910911	1591	260.0
1643136975.21	260000	22.842022	0.0	74070687	1438	260.0
1643136977.12	260000	24.300285	0.0	73938718	1414	260.0
1643136979.83	260000	25.387033	0.0	73613985	2194	260.0
1643136982.95	260000	26.324476	0.0	69503182	2667	260.0
1643136987.49	260000	26.750772	0.0	72822670	4005	260.0
1643136993.86	260000	26.615673	0.0	70991563	5855	260.0
1643136998.43	260000	27.091182	0.0	66218671	4039	260.0
1643137004.66	260000	26.980235	0.0	71469145	5673	260.0
1643137009.78	260000	27.147876	0.0	64074874	4550	260.0
1643137012.76	152400	28.171655	0.0	31753337	2623	44.80000000000001
1643137017.48	152400	28.939549	0.0	34013525	4394	152.4
1643137018.38	152400	30.531211	0.0	30739933	544	152.4
1643137019.21	152400	32.192422	0.0	34919429	510	152.4
1643137020.84	260000	33.570441	0.0	61492275	1087	152.4
1643137022.14	260000	35.104657	0.0	57534179	872	260.0
1643137023.58	260000	36.574689	0.0	64191273	879	260.0
1643137025.05	260000	37.752702	0.0	57421190	1006	260.0
1643137028.84	260000	39.330391	0.0	60358582	1381	260.0
1643137030.02	260000	41.05492	0.0	60581734	709	260.0
1643137031.21	260000	42.677658	0.0	55686462	755	260.0
1643137032.7	260000	44.419812	0.0	61687104	954	260.0
1643137033.99	260000	46.27201	0.0	56994559	841	260.0
1643137035.18	260000	48.093795	0.0	55162012	775	260.0
1643137037.08	260000	49.600448	0.0	63612323	1401	260.0
1643137038.53	260000	51.456255	0.0	53712380	959	260.0
1643137040.05	260000	53.143116	0.0	59826276	951	260.0
1643137041.41	260000	54.917235	0.0	58861434	872	260.0
1643137042.97	260000	56.501702	0.0	53320981	1050	260.0
1643137044.86	260000	58.174929	0.0	62494429	1356	260.0
1643137046.4	260000	59.892783	0.0	53458888	1100	260.0
1643137056.16	260000	59.924103	0.0	53798130	1375	260.0
1643137065.8	260000	59.997503	0.0	61358299	1607	260.0
1643137075.07	260000	59.81701	0.0	50406269	1336	260.0
1643137085.49	260000	59.909121	0.0	43226513	1403	260.0
1643137094.09	260000	59.820769	0.0	35938085	1232	260.0
1643137094.64	260000	59.854103	0.0	631698	334	260.0

1643137094.75	11700	59.854103	0.353	139786	2	-91.78
1643137094.81	260000	59.854103	0.0	631698	2	11.699999999999989
1643137095.5	8200	1.999999	0.108	2049018	345	-271.68
1643137095.7	11700	3.833838	0.0	1102047	14	8.2
1643137095.9	11700	5.628625	0.0	1111083	25	11.7
1643137096.09	11700	7.443783	0.0	1066380	12	11.7
1643137096.36	11700	9.16814	0.0	3938957	83	11.7
1643137096.6	11700	10.931439	0.0	4536725	39	11.7
1643137098.77	260000	10.75494	0.0	84756689	1327	11.699999999999989
1643137101.55	260000	9.985566	0.0	85798884	2114	260.0
1643137104.61	260000	9.02571	0.0	86059829	2359	260.0
1643137107.37	260000	8.266367	0.0	83431241	2202	260.0
1643137114.23	260000	8.894695	0.0	82198417	6151	260.0
1643137116.72	152400	10.490404	0.0	48821461	2098	44.80000000000001
1643137119.6	152400	12.023563	0.0	44466772	2510	152.4
1643137120.81	152400	13.873095	0.0	45810515	797	152.4
1643137122.04	152400	15.547799	0.0	42807747	865	152.4
1643137122.43	32800	17.547799	0.0	7176786	189	-86.8
1643137124.46	260000	19.133673	0.0	79740890	1465	32.80000000000001
1643137126.09	260000	20.841996	0.0	78574581	1056	260.0
1643137127.65	260000	22.63945	0.0	78901633	1095	260.0
1643137129.17	260000	24.481154	0.0	79414941	905	260.0
