1642387683.83	8200	1.999999	0.355	546328	249	-92.3
1642387684.12	260000	3.721489	0.0	1757078	99	8.199999999999989
1642387684.31	260000	5.530532	0.0	1560847	18	260.0
1642387684.51	260000	7.328922	0.0	1542805	24	260.0
1642387685.05	32800	8.792153	0.0	12166782	245	-194.39999999999998
1642387685.64	32800	10.19937	0.0	15664097	312	32.8
1642387688.09	260000	9.749242	0.0	84756689	1287	32.80000000000001
1642387690.25	260000	9.588127	0.0	85798884	1513	260.0
1642387692.95	260000	9.277715	0.0	86059829	1886	260.0
1642387695.32	260000	9.668926	0.0	83431241	1713	260.0
1642387698.02	260000	9.78049	0.0	82198417	2133	260.0
1642387700.61	260000	11.452451	0.0	79299299	1949	260.0
1642387703.17	260000	12.921928	0.0	75092129	2018	260.0
1642387705.98	260000	14.481814	0.0	78844622	2230	260.0
1642387708.45	260000	16.024904	0.0	77654479	1952	260.0
1642387710.93	260000	17.61926	0.0	75220977	1797	260.0
1642387713.25	260000	19.31474	0.0	79740890	1685	260.0
1642387715.41	260000	20.921328	0.0	78574581	1454	260.0
1642387717.57	260000	22.59758	0.0	78901633	1384	260.0
1642387720.07	260000	24.097772	0.0	79414941	1722	260.0
1642387722.47	260000	25.670457	0.0	73704781	1849	260.0
1642387725.15	260000	27.311392	0.0	80783826	2099	260.0
1642387728.48	260000	28.81156	0.0	77638812	2768	260.0
1642387735.09	260000	29.577651	0.0	74749470	6061	260.0
1642387736.75	260000	31.390496	0.0	75910911	1047	260.0
1642387738.75	260000	32.986943	0.0	74070687	1365	260.0
1642387740.8	260000	34.664805	0.0	73938718	1527	260.0
1642387742.96	260000	36.328639	0.0	73613985	1440	260.0
1642387745.05	260000	37.879164	0.0	69503182	1557	260.0
1642387747.53	260000	39.370156	0.0	72822670	1946	260.0
1642387749.89	260000	40.840759	0.0	70991563	1792	260.0
1642387752.04	260000	42.522044	0.0	66218671	1621	260.0
1642387754.43	260000	44.00167	0.0	71469145	1758	260.0
1642387756.38	260000	45.704884	0.0	64074874	1464	260.0
1642387758.5	260000	47.313246	0.0	65041967	1597	260.0
1642387760.45	260000	49.041275	0.0	65860507	1441	260.0
1642387762.36	260000	50.635905	0.0	60900183	1448	260.0
1642387764.32	260000	52.274112	0.0	65223805	1447	260.0
1642387766.42	260000	53.818923	0.0	61492275	1615	260.0
1642387768.33	260000	55.609994	0.0	57534179	1436	260.0
1642387770.52	260000	57.072315	0.0	64191273	1666	260.0
1642387772.47	260000	58.760969	0.0	57421190	1438	260.0
1642387777.14	260000	59.735296	0.0	60358582	1696	260.0
1642387787.82	260000	59.814959	0.0	60581734	1691	260.0
1642387798.31	260000	59.854326	0.0	55686462	1449	260.0
1642387808.59	260000	59.852279	0.0	61687104	1726	260.0
1642387820.57	260000	59.883919	0.0	56994559	1413	260.0
1642387831.98	260000	59.885907	0.0	55162012	1370	260.0
1642387842.65	260000	59.998973	0.0	63612323	1558	260.0
1642387854.2	260000	59.886933	0.0	53712380	1487	260.0
