1642911331.29	8200	1.999999	0.351	546328	251	-91.26
1642911331.5	11700	3.799268	0.0	1102047	95	8.2
1642911331.63	11700	5.666239	0.0	1111083	28	11.7
1642911331.76	11700	7.535617	0.0	1066380	26	11.7
1642911332.0	11700	9.294222	0.0	3938957	114	11.7
1642911332.55	32800	10.747496	0.0	15664097	298	11.699999999999996
1642911335.24	260000	10.05728	0.0	84756689	1459	32.80000000000001
1642911341.24	260000	6.202858	0.0	85798884	5226	260.0
1642911349.75	260000	2.072469	1.703	86059829	7972	260.0
1642911350.49	32800	6.92638	0.0	12381646	578	-194.39999999999998
1642911351.12	32800	8.924909	0.0	10179458	485	32.8
1642911351.71	32800	10.778239	0.0	7987681	466	32.8
1642911352.19	32800	12.634029	0.0	6249975	351	32.8
1642911352.66	32800	14.498823	0.0	6462926	348	32.8
1642911357.85	260000	15.715975	0.0	77654479	4505	32.80000000000001
1642911358.28	32800	17.548071	0.0	7176786	290	-194.39999999999998
1642911358.7	32800	19.548071	0.0	6963959	286	32.8
1642911359.12	32800	21.548071	0.0	7320305	296	32.8
1642911359.54	32800	23.26137	0.0	7420242	288	32.8
1642911359.96	32800	25.26137	0.0	7455282	290	32.8
1642911364.1	260000	26.513144	0.0	73704781	3658	32.80000000000001
1642911368.25	260000	27.770873	0.0	80783826	3649	260.0
1642911373.29	260000	28.90655	0.0	77638812	4532	260.0
1642911377.28	260000	30.279214	0.0	74749470	3289	260.0
1642911378.85	260000	32.113233	0.0	75910911	1027	260.0
1642911380.36	260000	33.332733	0.0	74070687	815	260.0
1642911382.24	260000	33.981809	0.0	73938718	1483	260.0
1642911385.34	260000	33.454946	0.0	73613985	2572	260.0
1642911387.72	260000	33.602664	0.0	69503182	1773	260.0
1642911392.14	260000	31.844118	0.0	72822670	3834	260.0
1642911395.73	260000	33.18371	0.0	70991563	3146	260.0
1642911399.22	260000	34.536289	0.0	66218671	2998	260.0
1642911403.2	260000	34.763389	0.0	71469145	3420	260.0
1642911406.04	260000	34.453917	0.0	64074874	2420	260.0
1642911408.84	260000	34.305541	0.0	65041967	2398	260.0
1642911412.05	260000	33.511151	0.0	65860507	2678	260.0
1642911415.28	260000	33.771217	0.0	60900183	2786	260.0
1642911418.69	260000	35.091663	0.0	65223805	2772	260.0
1642911421.6	260000	36.418913	0.0	61492275	2458	260.0
1642911424.12	260000	37.818259	0.0	57534179	2103	260.0
1642911427.51	260000	39.336875	0.0	64191273	2934	260.0
1642911430.01	260000	40.938707	0.0	57421190	2138	260.0
1642911433.44	260000	42.321545	0.0	60358582	3077	260.0
1642911436.42	260000	43.695175	0.0	60581734	2516	260.0
1642911440.73	260000	44.970357	0.0	55686462	3899	260.0
1642911443.98	260000	46.390634	0.0	61687104	2781	260.0
1642911446.93	260000	47.769746	0.0	56994559	2594	260.0
1642911449.92	260000	49.201424	0.0	55162012	2576	260.0
1642911454.2	260000	50.303106	0.0	63612323	3630	260.0
1642911454.88	32800	52.13321	0.0	7160738	556	-194.39999999999998
1642911458.41	260000	53.462956	0.0	59826276	3099	32.80000000000001
1642911461.83	260000	54.811319	0.0	58861434	3071	260.0
1642911462.07	32800	56.811319	0.0	7308924	107	-194.39999999999998
1642911462.27	32800	58.68305	0.0	7936123	67	32.8
1642911466.97	32800	59.911324	0.0	7845705	72	32.8
1642911476.74	260000	59.884977	0.0	53798130	462	32.80000000000001
1642911486.2	260000	59.866843	0.0	61358299	1525	260.0
1642911495.1	260000	59.995723	0.0	50406269	1449	260.0
1642911504.72	260000	59.846868	0.0	43226513	1381	260.0
1642911514.22	260000	59.771777	0.0	35938085	688	260.0
1642911514.74	260000	59.805111	0.0	631698	416	260.0

1642911514.84	32800	59.805111	0.351	296571	3	-91.26
1642911514.85	32800	59.805111	0.0	296571	1	32.8
1642911514.86	32800	59.805111	0.0	296571	1	32.8
1642911515.43	8200	1.999999	-0.083	385365	168	5.179999999999996
1642911515.46	11700	3.990392	0.0	1102047	4	8.2
1642911515.48	11700	5.972862	0.0	1111083	2	11.7
1642911515.49	11700	7.957798	0.0	1066380	3	11.7
1642911516.14	32800	9.309827	0.0	12166782	452	11.699999999999996
1642911516.26	32800	11.188258	0.0	15664097	31	32.8
1642911516.72	32800	12.72941	0.0	15560661	292	32.8
1642911518.72	260000	12.727873	0.0	85798884	986	32.80000000000001
1642911520.67	260000	12.781074	0.0	86059829	1375	260.0
1642911522.98	260000	12.477627	0.0	83431241	1733	260.0
1642911525.25	260000	12.708849	0.0	82198417	1780	260.0
1642911527.82	260000	13.080294	0.0	79299299	1861	260.0
1642911530.35	260000	13.491927	0.0	75092129	2028	260.0
