1642403660.26	8200	1.999999	0.358	546328	253	-93.08
1642403660.67	260000	3.602475	0.0	1757078	218	8.199999999999989
1642403661.24	260000	5.030025	0.0	1560847	391	260.0
1642403662.49	260000	5.774054	0.0	1542805	1079	260.0
1642403663.32	11700	6.950696	0.0	3938957	568	-236.60000000000002
1642403663.8	8200	8.465987	0.0	3361033	293	4.699999999999999
1642403664.38	11700	9.892527	0.0	5378836	377	8.2
1642403664.91	11700	11.363447	0.0	4892753	342	11.7
1642403665.54	11700	12.725841	0.0	5587559	440	11.7
1642403667.08	32800	13.190459	0.0	12381646	1297	11.699999999999996
1642403668.05	32800	14.217227	0.0	10179458	773	32.8
1642403668.65	32800	15.618481	0.0	7987681	398	32.8
1642403669.18	32800	17.086517	0.0	6249975	337	32.8
1642403672.09	152400	16.17702	0.0	45810515	2330	32.80000000000001
1642403674.08	152400	16.343021	0.0	42807747	1599	152.4
1642403675.67	152400	16.970211	0.0	40301174	1263	152.4
1642403679.11	260000	15.720683	0.0	79740890	2596	152.4
1642403681.96	260000	15.893263	0.0	78574581	2334	260.0
1642403684.86	260000	15.624064	0.0	78901633	2236	260.0
1642403687.98	260000	14.700186	0.0	79414941	2463	260.0
1642403690.84	260000	15.299749	0.0	73704781	2379	260.0
1642403694.21	260000	16.261741	0.0	80783826	2794	260.0
1642403697.52	260000	17.366982	0.0	77638812	2797	260.0
1642403700.59	260000	18.567062	0.0	74749470	2531	260.0
1642403705.07	260000	19.141295	0.0	75910911	3757	260.0
1642403710.75	260000	19.807322	0.0	74070687	5177	260.0
1642403724.47	260000	19.091355	0.0	73938718	13134	260.0
1642403726.15	152400	20.94443	0.0	34563011	1256	44.80000000000001
1642403726.97	152400	22.803149	0.0	31292175	513	152.4
1642403727.77	152400	24.653224	0.0	32834126	458	152.4
1642403728.53	152400	26.507577	0.0	33877878	446	152.4
1642403729.3	152400	28.367296	0.0	31988631	444	152.4
1642403730.85	260000	30.037609	0.0	71469145	1061	152.4
1642403732.41	260000	31.875231	0.0	64074874	971	260.0
1642403734.16	260000	33.497931	0.0	65041967	1217	260.0
1642403736.33	260000	35.056699	0.0	65860507	1584	260.0
1642403738.21	260000	36.6857	0.0	60900183	1371	260.0
1642403740.2	260000	38.41641	0.0	65223805	1554	260.0
1642403742.07	260000	40.085748	0.0	61492275	1446	260.0
1642403743.85	260000	41.647438	0.0	57534179	1355	260.0
1642403745.99	260000	43.425158	0.0	64191273	1690	260.0
1642403747.83	260000	45.066841	0.0	57421190	1446	260.0
1642403749.93	260000	46.629294	0.0	60358582	1663	260.0
1642403751.9	260000	48.252583	0.0	60581734	1527	260.0
1642403753.65	260000	49.784227	0.0	55686462	1282	260.0
1642403755.78	260000	51.477034	0.0	61687104	1690	260.0
1642403757.94	260000	52.984379	0.0	56994559	1767	260.0
1642403759.93	260000	54.766016	0.0	55162012	1602	260.0
1642403762.5	260000	56.101791	0.0	63612323	2096	260.0
1642403764.66	260000	57.784184	0.0	53712380	1666	260.0
1642403766.89	260000	59.310339	0.0	59826276	1778	260.0
1642403774.37	260000	59.934269	0.0	58861434	3051	260.0
1642403785.21	260000	59.880385	0.0	53320981	3333	260.0
1642403795.92	260000	59.878438	0.0	62494429	3214	260.0
1642403805.98	260000	59.731524	0.0	53458888	4043	260.0
1642403815.93	260000	59.820787	0.0	53798130	2921	260.0
1642403826.49	260000	59.989036	0.0	61358299	3987	260.0
1642403831.76	260000	59.844502	0.0	50406269	2184	260.0
1642403837.02	260000	59.831018	0.0	43226513	1939	260.0
