1643148131.02	8200	1.999999	0.352	546328	251	-91.52
1643148131.31	260000	3.714856	0.0	1757078	104	8.199999999999989
1643148131.52	260000	5.510966	0.0	1560847	28	260.0
1643148131.74	260000	7.290285	0.0	1542805	33	260.0
1643148132.36	32800	8.666861	0.0	12166782	343	-194.39999999999998
1643148132.68	11700	10.352424	0.0	4536725	113	-9.400000000000002
1643148137.86	152400	7.170009	0.0	68626847	4140	11.700000000000017
1643148146.27	152400	3.595737	0.0	72320713	7566	152.4
1643148150.27	152400	4.628722	0.0	70827999	3440	152.4
1643148153.57	152400	6.047147	0.0	51846012	2858	152.4
1643148156.36	152400	7.467153	0.0	57184643	2296	152.4
1643148159.04	152400	8.977912	0.0	48821461	2114	152.4
1643148161.6	152400	10.42247	0.0	44466772	2138	152.4
1643148164.05	152400	11.906072	0.0	45810515	2005	152.4
1643148168.74	260000	12.869303	0.0	77654479	4082	152.4
1643148174.23	260000	13.669146	0.0	75220977	4920	260.0
1643148176.7	260000	14.954183	0.0	79740890	1796	260.0
1643148178.54	260000	16.450751	0.0	78574581	1263	260.0
1643148181.88	260000	17.648762	0.0	78901633	2764	260.0
1643148184.66	260000	18.942329	0.0	79414941	2212	260.0
1643148189.42	260000	19.60771	0.0	73704781	4119	260.0
1643148193.64	260000	20.662321	0.0	80783826	3594	260.0
1643148197.68	260000	21.504479	0.0	77638812	3473	260.0
1643148201.67	260000	22.202491	0.0	74749470	3433	260.0
1643148205.1	260000	23.233799	0.0	75910911	2855	260.0
1643148208.79	260000	24.120088	0.0	74070687	2906	260.0
1643148212.64	260000	25.312967	0.0	73938718	3293	260.0
1643148216.31	260000	26.576451	0.0	73613985	3066	260.0
1643148219.64	260000	28.00849	0.0	69503182	2670	260.0
1643148223.23	260000	29.324898	0.0	72822670	2825	260.0
1643148226.64	260000	30.783212	0.0	70991563	2899	260.0
1643148230.2	260000	32.025432	0.0	66218671	3057	260.0
1643148233.85	260000	33.342959	0.0	71469145	2937	260.0
1643148238.92	260000	34.464206	0.0	64074874	4485	260.0
1643148242.45	260000	35.700651	0.0	65041967	3015	260.0
1643148246.08	260000	37.073733	0.0	65860507	2952	260.0
1643148249.59	260000	38.36032	0.0	60900183	3013	260.0
1643148254.21	260000	39.487835	0.0	65223805	4112	260.0
1643148258.42	260000	40.646144	0.0	61492275	3663	260.0
1643148260.14	260000	42.494132	0.0	57534179	1249	260.0
1643148262.0	260000	44.116363	0.0	64191273	1353	260.0
1643148263.12	260000	45.789191	0.0	57421190	666	260.0
1643148265.13	260000	47.613502	0.0	60358582	1486	260.0
1643148266.5	260000	49.306089	0.0	60581734	866	260.0
1643148267.67	260000	51.154909	0.0	55686462	705	260.0
1643148269.04	260000	52.938667	0.0	61687104	899	260.0
1643148270.37	260000	54.652433	0.0	56994559	802	260.0
1643148271.83	260000	56.367578	0.0	55162012	955	260.0
1643148273.57	260000	58.036195	0.0	63612323	1205	260.0
1643148275.12	260000	59.734391	0.0	53712380	967	260.0
1643148283.59	260000	59.825777	0.0	59826276	1439	260.0
1643148294.17	260000	59.8542	0.0	58861434	1501	260.0
1643148304.56	260000	59.871686	0.0	53320981	1455	260.0
1643148315.12	260000	59.765873	0.0	62494429	1576	260.0
1643148325.06	260000	59.911317	0.0	53458888	1404	260.0
1643148017.61	260000	59.542692	0.0	53798130	598	260.0
1643148018.93	260000	59.262874	0.0	61358299	745	260.0
1643148020.02	260000	59.04902	0.0	50406269	669	260.0
1643148021.04	260000	59.798047	0.0	43226513	631	260.0
1643148021.88	260000	59.636497	0.0	35938085	516	260.0
1643148022.0	260000	59.669831	0.0	631698	7	260.0