1642909095.19	8200	1.999999	0.355	546328	250	-92.3
1642909095.39	11700	3.806441	0.0	1102047	91	8.2
1642909095.51	11700	5.693177	0.0	1111083	13	11.7
1642909095.62	11700	7.576475	0.0	1066380	11	11.7
1642909095.84	11700	9.364409	0.0	3938957	87	11.7
1642909096.28	32800	10.917358	0.0	15664097	214	11.699999999999996
1642909096.62	32800	12.575553	0.0	15560661	174	32.8
1642909098.63	260000	12.574103	0.0	85798884	1088	32.80000000000001
1642909100.4	260000	12.801003	0.0	86059829	1075	260.0
1642909102.25	260000	12.952717	0.0	83431241	1188	260.0
1642909106.74	260000	11.067616	0.0	82198417	3803	260.0
1642909111.63	260000	10.371717	0.0	79299299	4357	260.0
1642909116.58	260000	11.180215	0.0	75092129	4484	260.0
1642909119.88	260000	12.779124	0.0	78844622	2600	260.0
1642909122.8	260000	14.245935	0.0	77654479	2412	260.0
1642909124.26	260000	15.904646	0.0	75220977	1055	260.0
1642909126.17	260000	17.58778	0.0	79740890	1294	260.0
1642909128.19	260000	19.341752	0.0	78574581	1404	260.0
1642909134.82	260000	20.118693	0.0	78901633	5884	260.0
1642909138.12	260000	21.578281	0.0	79414941	2652	260.0
1642909140.73	260000	23.154502	0.0	73704781	2000	260.0
1642909143.41	260000	24.614044	0.0	80783826	1974	260.0
1642909145.36	260000	26.359198	0.0	77638812	1434	260.0
1642909147.14	260000	27.921563	0.0	74749470	1302	260.0
1642909148.65	260000	29.744038	0.0	75910911	1031	260.0
1642909150.31	260000	31.443139	0.0	74070687	971	260.0
1642909152.19	260000	33.015474	0.0	73938718	1244	260.0
1642909153.71	260000	34.805899	0.0	73613985	1057	260.0
1642909155.21	260000	36.514333	0.0	69503182	1053	260.0
1642909161.57	260000	37.321206	0.0	72822670	5768	260.0
1642909164.09	260000	38.942378	0.0	70991563	1908	260.0
1642909165.68	260000	40.625032	0.0	66218671	1093	260.0
1642909167.71	260000	42.262145	0.0	71469145	1348	260.0
1642909169.21	260000	43.810585	0.0	64074874	1040	260.0
1642909170.71	260000	45.581359	0.0	65041967	1030	260.0
1642909172.69	260000	47.282537	0.0	65860507	1389	260.0
1642909174.7	260000	48.831146	0.0	60900183	1618	260.0
1642909176.76	260000	50.544944	0.0	65223805	1654	260.0
1642909179.76	260000	51.838456	0.0	61492275	2650	260.0
1642909190.6	260000	52.095422	0.0	57534179	10428	260.0
1642909191.34	32800	53.900776	0.0	7516082	597	-194.39999999999998
1642909192.02	32800	55.731478	0.0	7278398	556	32.8
1642909192.99	32800	57.731478	0.0	7481760	835	32.8
1642909193.73	32800	59.58906	0.0	7871221	613	32.8
1642909202.57	32800	59.887241	0.0	7236548	709	32.8
1642909213.96	32800	59.859948	0.0	7418057	668	32.8
1642909224.85	32800	59.795229	0.0	7580084	669	32.8
1642909233.74	32800	59.935133	0.0	7306910	670	32.8
1642909246.14	32800	59.87466	0.0	7790808	674	32.8
1642909257.52	32800	59.869047	0.0	7160738	665	32.8
1642909267.43	32800	59.822075	0.0	7565820	689	32.8
1642909278.85	32800	59.878016	0.0	8064139	695	32.8
1642909290.24	32800	59.77963	0.0	7308924	671	32.8
1642907215.82	32800	41.965052	0.0	7936123	660	32.8
1642907216.48	32800	43.312143	0.0	7845705	519	32.8
1642907217.02	32800	44.768594	0.0	7682661	412	32.8
1642907217.66	32800	46.127604	0.0	8703604	493	32.8
1642907218.29	32800	47.498978	0.0	8166986	480	32.8
1642907218.87	32800	48.919876	0.0	8155312	440	32.8
1642907219.51	32800	50.283096	0.0	9057843	498	32.8
1642907219.63	32800	50.19201	0.0	296571	15	32.8