1642449496.45	8200	1.999999	0.352	546328	247	-91.52
1642449496.73	260000	3.729076	0.0	1757078	96	8.199999999999989
1642449496.91	260000	5.5474	0.0	1560847	12	260.0
1642449497.12	260000	7.337173	0.0	1542805	29	260.0
1642449497.73	32800	8.72156	0.0	12166782	334	-194.39999999999998
1642449498.34	32800	10.112369	0.0	15664097	359	32.8
1642449500.26	152400	10.195686	0.0	68626847	1050	32.80000000000001
1642449501.94	152400	10.514266	0.0	72320713	931	152.4
1642449503.77	152400	10.683698	0.0	70827999	1155	152.4
1642449505.98	260000	11.052498	0.0	83431241	1597	152.4
1642449508.13	260000	11.68892	0.0	82198417	1558	260.0
1642449510.21	260000	12.524645	0.0	79299299	1455	260.0
1642449512.26	260000	13.743681	0.0	75092129	1438	260.0
1642449514.39	260000	15.349345	0.0	78844622	1470	260.0
1642449516.37	260000	16.979442	0.0	77654479	1437	260.0
1642449518.67	260000	18.412416	0.0	75220977	1768	260.0
1642449521.21	260000	20.052994	0.0	79740890	2033	260.0
1642449523.54	260000	21.577347	0.0	78574581	1798	260.0
1642449525.92	260000	23.142562	0.0	78901633	1682	260.0
1642449528.38	260000	24.689449	0.0	79414941	1983	260.0
1642449530.79	260000	26.081551	0.0	73704781	1744	260.0
1642449533.14	260000	27.830722	0.0	80783826	1813	260.0
1642449535.32	260000	29.379073	0.0	77638812	1621	260.0
1642449537.61	260000	30.985288	0.0	74749470	1700	260.0
1642449539.83	260000	32.501686	0.0	75910911	1537	260.0
1642449541.91	260000	34.059751	0.0	74070687	1384	260.0
1642449543.78	260000	35.88674	0.0	73938718	1364	260.0
1642449545.87	260000	37.552859	0.0	73613985	1599	260.0
1642449547.68	260000	39.151446	0.0	69503182	1371	260.0
1642449549.73	260000	40.848048	0.0	72822670	1598	260.0
1642449551.82	260000	42.514999	0.0	70991563	1666	260.0
1642449553.93	260000	44.006253	0.0	66218671	1671	260.0
1642449556.09	260000	45.717859	0.0	71469145	1708	260.0
1642449558.36	260000	47.172836	0.0	64074874	1861	260.0
1642449560.67	260000	48.805167	0.0	65041967	1788	260.0
1642449562.87	260000	50.353119	0.0	65860507	1763	260.0
1642449565.21	260000	51.801937	0.0	60900183	1955	260.0
1642449567.76	260000	53.559833	0.0	65223805	1954	260.0
1642449569.96	260000	55.184132	0.0	61492275	1781	260.0
1642449572.03	260000	56.695738	0.0	57534179	1622	260.0
1642449574.24	260000	58.461892	0.0	64191273	1755	260.0
1642449577.09	260000	59.964271	0.0	57421190	1447	260.0
1642449588.43	260000	59.843928	0.0	60358582	1363	260.0
1642449598.89	260000	59.903464	0.0	60581734	1411	260.0
1642449611.34	260000	59.900054	0.0	55686462	1394	260.0
1642449622.13	260000	59.865918	0.0	61687104	1651	260.0
1642449632.63	260000	59.832564	0.0	56994559	1446	260.0
1642449645.52	260000	59.889063	0.0	55162012	1413	260.0
1642449657.77	260000	59.896026	0.0	63612323	1565	260.0
1642449668.2	260000	59.885712	0.0	53712380	1440	260.0
