1642846877.77	8200	1.999999	0.351	546328	250	-91.26
1642846877.96	8200	3.813941	0.0	790650	85	8.2
1642846878.06	8200	5.707296	0.0	911646	8	8.2
1642846878.17	8200	7.597185	0.0	844970	9	8.2
1642846878.4	11700	9.371869	0.0	3938957	100	8.2
1642846878.6	11700	11.166828	0.0	4536725	93	11.7
1642846878.78	11700	12.989109	0.0	5378836	57	11.7
1642846878.98	11700	14.787522	0.0	4892753	51	11.7
1642846879.16	11700	16.612152	0.0	5587559	58	11.7
1642846879.32	11700	18.45363	0.0	4371099	45	11.7
1642846879.61	32800	20.16327	0.0	10179458	125	11.699999999999996
1642846879.84	32800	21.935688	0.0	7987681	96	32.8
1642846880.03	32800	23.739513	0.0	6249975	72	32.8
1642846880.23	32800	25.540391	0.0	6462926	74	32.8
1642846880.44	32800	27.333666	0.0	6930236	81	32.8
1642846880.67	32800	29.104895	0.0	7176786	99	32.8
1642846881.69	152400	30.085783	0.0	39676104	545	32.80000000000001
1642846882.45	152400	31.31869	0.0	40793176	489	152.4
1642846883.32	152400	32.448948	0.0	37608977	611	152.4
1642846883.91	152400	33.862999	0.0	35738670	334	152.4
1642846884.67	152400	35.10324	0.0	36020729	426	152.4
1642846885.45	152400	36.318852	0.0	36493721	545	152.4
1642846888.26	152400	35.515298	0.0	37585290	2524	152.4
1642846889.8	152400	35.967928	0.0	34459282	1297	152.4
1642846890.35	32800	37.423755	0.0	7133512	416	-86.8
1642846890.8	32800	38.967533	0.0	7041401	327	32.8
1642846891.26	32800	40.508821	0.0	7143328	333	32.8
1642846891.86	32800	41.907354	0.0	7338535	479	32.8
1642846892.47	32800	43.306834	0.0	6896645	480	32.8
1642846892.95	32800	44.823713	0.0	6714054	361	32.8
1642846893.45	32800	46.322865	0.0	7018701	378	32.8
1642846893.89	32800	47.879763	0.0	6838204	318	32.8
1642846894.35	32800	49.431761	0.0	6922846	323	32.8
1642846895.28	32800	50.494481	0.0	6926196	808	32.8
1642846896.04	32800	51.737244	0.0	7072104	632	32.8
1642846896.75	32800	53.019765	0.0	7515735	583	32.8
1642846897.37	32800	54.404742	0.0	7011028	489	32.8
1642846897.75	32800	56.064765	0.0	7307337	255	32.8
1642846898.14	32800	57.728102	0.0	7344127	257	32.8
1642846898.52	32800	59.422269	0.0	7064203	250	32.8
1642846900.42	32800	59.974613	0.0	7516082	278	32.8
1642846902.79	32800	59.837624	0.0	7278398	231	32.8
1642846905.0	32800	59.828098	0.0	7481760	578	32.8
1642846907.75	32800	59.688148	0.0	7871221	116	32.8
1642846909.74	32800	59.943146	0.0	7236548	359	32.8
1642846912.49	32800	59.860433	0.0	7418057	120	32.8
1642846919.18	32800	59.839275	0.0	7580084	214	32.8
1642846925.58	32800	59.945301	0.0	7306910	684	32.8
1642846931.53	32800	59.813662	0.0	7790808	726	32.8
1642846936.92	32800	59.813695	0.0	7160738	682	32.8
1642846943.31	32800	59.917706	0.0	7565820	677	32.8
1642846949.33	32800	59.79499	0.0	8064139	801	32.8
1642846954.72	32800	59.811624	0.0	7308924	675	32.8
1642846960.12	32800	59.893266	0.0	7936123	687	32.8
1642846963.15	32800	59.5895	0.0	7845705	813	32.8
1642846966.63	32800	58.054462	0.0	7682661	3347	32.8
1642846967.25	11700	59.509653	0.0	2884569	504	-9.400000000000002
1642846968.99	11700	59.836333	0.0	2854371	635	11.7
1642846971.16	11700	59.836365	0.0	2998361	554	11.7
1642846973.16	11700	59.83639	0.0	3147034	396	11.7
1642846973.28	11700	59.512995	0.0	139786	16	11.7

1642846973.3	11700	59.490761	0.351	139786	1	-91.26
1642846973.31	11700	59.480906	0.0	139786	0	11.7
1642846973.31	11700	59.472159	0.0	139786	1	11.7
1642846973.32	11700	59.463255	0.0	139786	1	11.7
1642846973.61	8200	1.999999	-0.331	546328	2	90.76
1642846973.64	8200	3.978392	0.0	790650	3	8.2
1642846973.66	8200	5.96193	0.0	911646	2	8.2
1642846973.67	8200	7.947242	0.0	844970	2	8.2
1642846973.73	11700	9.893775	0.0	3938957	9	8.2
1642846973.77	11700	11.852908	0.0	4536725	12	11.7
1642846974.27	11700	13.351718	0.0	5378836	376	11.7
1642846974.31	11700	15.31057	0.0	4892753	11	11.7
1642846975.07	11700	16.552153	0.0	5587559	638	11.7
1642846976.29	32800	17.333648	0.0	12381646	1047	11.699999999999996
1642846977.44	32800	18.184786	0.0	10179458	1005	32.8
1642846978.37	32800	19.255465	0.0	7987681	799	32.8
1642846979.22	32800	20.402468	0.0	6249975	728	32.8
1642846980.23	32800	21.396301	0.0	6462926	883	32.8
1642846981.18	32800	22.444828	0.0	6930236	826	32.8
1642846982.49	32800	23.137047	0.0	7176786	1178	32.8
1642846983.96	32800	23.861016	0.0	6963959	1343	32.8
1642846984.53	32800	25.324791	0.0	7320305	444	32.8
1642846984.75	32800	27.159387	0.0	7420242	95	32.8
1642846984.99	32800	29.033997	0.0	7455282	96	32.8
1642846985.23	32800	30.799163	0.0	7960895	103	32.8
1642846985.47	32800	32.561533	0.0	6396912	75	32.8
1642846985.7	32800	34.329681	0.0	7253832	67	32.8
1642846985.95	32800	36.077841	0.0	7034316	64	32.8
1642846986.2	32800	37.828173	0.0	7133512	65	32.8
1642846986.45	32800	39.57406	0.0	7041401	65	32.8
1642846986.71	32800	41.316622	0.0	7143328	69	32.8
1642846987.77	152400	42.259511	0.0	34563011	656	32.80000000000001
1642846988.62	152400	43.411325	0.0	31292175	552	152.4
1642846990.2	152400	43.829741	0.0	32834126	1327	152.4
1642846991.19	152400	44.833539	0.0	33877878	735	152.4
1642846991.84	152400	46.185754	0.0	31988631	386	152.4
1642846992.68	152400	47.603155	0.0	34031025	574	152.4
1642846993.96	152400	48.657453	0.0	30869167	1041	152.4
1642846994.57	152400	50.248958	0.0	31753337	349	152.4
1642846995.21	152400	51.890127	0.0	34013525	378	152.4
1642846995.76	152400	53.618902	0.0	30739933	300	152.4
1642846996.5	152400	55.07337	0.0	34919429	466	152.4
1642846997.24	152400	56.468972	0.0	34638995	484	152.4
1642846997.84	152400	57.985785	0.0	30969970	374	152.4
1642846998.57	152400	59.338564	0.0	35313058	415	152.4
1642847000.53	260000	59.998172	0.0	57421190	703	152.4
1642847003.28	260000	59.624296	0.0	60358582	735	260.0
1642847005.25	260000	59.725952	0.0	60581734	1090	260.0
1642847007.29	260000	59.839203	0.0	55686462	1180	260.0
1642847009.48	260000	59.856123	0.0	61687104	1290	260.0
1642847012.13	260000	59.905813	0.0	56994559	1188	260.0
1642847014.79	260000	59.850235	0.0	55162012	1278	260.0
1642847017.21	260000	59.603208	0.0	63612323	1523	260.0
1642847019.31	260000	59.585815	0.0	53712380	1258	260.0
1642847021.58	260000	59.848493	0.0	59826276	1372	260.0
1642847023.8	260000	59.843056	0.0	58861434	1347	260.0
1642847026.34	260000	59.741625	0.0	53320981	1187	260.0
1642847028.21	260000	59.975345	0.0	62494429	1374	260.0
1642847030.76	260000	59.795289	0.0	53458888	1175	260.0
1642847033.21	260000	59.614562	0.0	53798130	1110	260.0
1642847034.97	260000	59.869233	0.0	61358299	1369	260.0
1642847039.58	260000	59.96995	0.0	50406269	1234	260.0
1642847045.35	260000	59.694431	0.0	43226513	945	260.0
1642847050.47	260000	59.852162	0.0	35938085	1256	260.0
1642847050.57	260000	59.885496	0.0	631698	9	260.0

1642847051.05	8200	1.999999	0.177	1048506	14	-46.02000000000001
1642847051.1	8200	3.992509	0.0	790650	3	8.2
1642847051.12	8200	5.968872	0.0	911646	5	8.2
1642847051.14	8200	7.950609	0.0	844970	2	8.2
1642847051.2	11700	9.894712	0.0	3938957	7	8.2
1642847051.24	11700	11.857025	0.0	4536725	8	11.7
1642847051.29	11700	13.804488	0.0	5378836	13	11.7
1642847051.33	11700	15.76023	0.0	4892753	12	11.7
1642847051.38	11700	17.714579	0.0	5587559	11	11.7
1642847051.84	32800	19.25495	0.0	12381646	279	11.699999999999996
1642847051.92	32800	21.175966	0.0	10179458	24	32.8
1642847051.99	32800	23.100651	0.0	7987681	30	32.8
1642847052.04	32800	25.055929	0.0	6249975	14	32.8
1642847052.09	32800	27.007362	0.0	6462926	16	32.8
1642847052.14	32800	28.951911	0.0	6930236	17	32.8
1642847053.25	152400	29.842831	0.0	40301174	670	32.80000000000001
1642847054.16	152400	30.938943	0.0	39676104	621	152.4
1642847055.14	152400	31.955786	0.0	40793176	620	152.4
1642847056.18	152400	32.914059	0.0	37608977	805	152.4
1642847057.09	152400	34.003456	0.0	35738670	675	152.4
1642847057.95	152400	35.14083	0.0	36020729	588	152.4
1642847058.75	152400	36.343098	0.0	36493721	535	152.4
1642847060.64	260000	36.507933	0.0	77638812	1178	152.4
1642847062.65	260000	36.506928	0.0	74749470	1441	260.0
1642847064.5	260000	36.820573	0.0	75910911	1369	260.0
1642847066.66	260000	36.795272	0.0	74070687	1616	260.0
1642847072.82	260000	33.655671	0.0	73938718	5539	260.0
1642847073.56	152400	35.005237	0.0	34563011	443	44.80000000000001
1642847073.75	32800	36.846263	0.0	6896645	62	-86.8
1642847073.92	32800	38.669293	0.0	6714054	59	32.8
1642847074.1	32800	40.557415	0.0	7018701	59	32.8
1642847074.29	32800	42.394218	0.0	6838204	59	32.8
1642847074.46	32800	44.25404	0.0	6922846	58	32.8
1642847074.65	32800	46.080639	0.0	6926196	58	32.8
1642847074.83	32800	48.080639	0.0	7072104	61	32.8
1642847075.02	32800	50.062008	0.0	7515735	63	32.8
1642847075.2	32800	51.880806	0.0	7011028	57	32.8
1642847075.74	152400	53.518078	0.0	34919429	271	32.80000000000001
1642847077.28	152400	54.174751	0.0	34638995	1293	152.4
1642847078.0	152400	55.547849	0.0	30969970	476	152.4
1642847078.7	152400	56.846551	0.0	35313058	476	152.4
1642847079.31	152400	58.233703	0.0	32767078	375	152.4
1642847079.95	152400	59.59588	0.0	34143965	379	152.4
1642847082.14	152400	59.574669	0.0	35599566	428	152.4
1642847083.85	152400	59.973555	0.0	31880015	462	152.4
1642847090.83	152400	59.879004	0.0	35467287	709	152.4
1642847096.93	152400	59.823723	0.0	35220717	1335	152.4
1642847107.66	260000	58.334723	0.0	55162012	10331	152.4
1642847108.72	152400	59.816153	0.0	39805936	787	44.80000000000001
1642847113.95	32800	59.961034	0.0	7160738	98	-86.8
1642847119.84	32800	59.910226	0.0	7565820	668	32.8
1642847126.25	32800	59.879481	0.0	8064139	692	32.8
1642847137.18	32800	59.789427	0.0	7308924	711	32.8
1642847146.63	32800	59.998222	0.0	7936123	722	32.8
1642847157.52	32800	59.892802	0.0	7845705	669	32.8
1642847168.42	32800	59.96073	0.0	7682661	679	32.8
