1642388504.01	8200	1.999999	0.35	546328	248	-91.0
1642388504.3	260000	3.722086	0.0	1757078	98	8.199999999999989
1642388504.48	260000	5.537061	0.0	1560847	15	260.0
1642388504.69	260000	7.336301	0.0	1542805	29	260.0
1642388505.19	32800	8.823975	0.0	12166782	224	-194.39999999999998
1642388505.43	11700	10.591148	0.0	4536725	41	-9.400000000000002
1642388508.13	260000	9.886839	0.0	84756689	1628	11.699999999999989
1642388510.24	260000	9.790882	0.0	85798884	1399	260.0
1642388512.41	260000	9.740686	0.0	86059829	1438	260.0
1642388514.49	260000	10.240363	0.0	83431241	1288	260.0
1642388516.43	260000	10.41179	0.0	82198417	1261	260.0
1642388518.35	260000	11.703831	0.0	79299299	1199	260.0
1642388520.44	260000	13.179914	0.0	75092129	1531	260.0
1642388523.12	260000	14.7917	0.0	78844622	1933	260.0
1642388525.36	260000	16.500187	0.0	77654479	1691	260.0
1642388527.68	260000	18.063601	0.0	75220977	1702	260.0
1642388530.4	260000	19.545516	0.0	79740890	2110	260.0
1642388532.97	260000	21.046322	0.0	78574581	1947	260.0
1642388535.72	260000	22.618265	0.0	78901633	2127	260.0
1642388538.29	260000	24.052552	0.0	79414941	1872	260.0
1642388540.46	260000	25.856945	0.0	73704781	1604	260.0
1642388542.73	260000	27.456725	0.0	80783826	1612	260.0
1642388544.68	260000	29.085951	0.0	77638812	1372	260.0
1642388546.9	260000	30.64053	0.0	74749470	1534	260.0
1642388549.3	260000	32.406011	0.0	75910911	1713	260.0
1642388551.41	260000	34.02013	0.0	74070687	1510	260.0
1642388553.52	260000	35.731962	0.0	73938718	1363	260.0
1642388555.33	260000	37.428123	0.0	73613985	1219	260.0
1642388557.23	260000	39.057871	0.0	69503182	1311	260.0
1642388559.67	260000	40.526216	0.0	72822670	1860	260.0
1642388561.99	260000	42.213691	0.0	70991563	1622	260.0
1642388564.58	260000	43.731195	0.0	66218671	1874	260.0
1642388567.06	260000	45.305097	0.0	71469145	1943	260.0
1642388569.4	260000	46.784415	0.0	64074874	1842	260.0
1642388571.76	260000	48.381176	0.0	65041967	1784	260.0
1642388574.02	260000	50.010993	0.0	65860507	1770	260.0
1642388576.17	260000	51.730764	0.0	60900183	1591	260.0
1642388578.41	260000	53.315228	0.0	65223805	1711	260.0
1642388580.55	260000	54.89267	0.0	61492275	1444	260.0
1642388582.25	260000	56.669739	0.0	57534179	1206	260.0
1642388584.35	260000	58.388238	0.0	64191273	1491	260.0
1642388586.42	260000	59.790823	0.0	57421190	1446	260.0
1642388597.38	260000	59.905232	0.0	60358582	1456	260.0
1642388609.91	260000	59.819763	0.0	60581734	1431	260.0
1642388621.45	260000	59.706992	0.0	55686462	1341	260.0
1642388631.69	260000	59.833329	0.0	61687104	1550	260.0
1642388643.3	260000	59.908922	0.0	56994559	1515	260.0
1642388653.92	260000	59.881057	0.0	55162012	1605	260.0
1642388664.28	260000	59.846043	0.0	63612323	1652	260.0
1642388676.39	260000	59.88191	0.0	53712380	4055	260.0
