1642462215.7	8200	1.999999	0.343	546328	247	-89.18
1642462215.98	260000	3.731004	0.0	1757078	97	8.199999999999989
1642462216.16	260000	5.548275	0.0	1560847	15	260.0
1642462216.35	260000	7.356895	0.0	1542805	11	260.0
1642462216.99	32800	8.721625	0.0	12166782	349	-194.39999999999998
1642462217.29	11700	10.416479	0.0	4536725	110	-9.400000000000002
1642462219.7	260000	10.013308	0.0	84756689	1404	11.699999999999989
1642462221.72	260000	9.992651	0.0	85798884	1387	260.0
1642462223.53	260000	10.174776	0.0	86059829	1284	260.0
1642462225.67	260000	10.485158	0.0	83431241	1500	260.0
1642462228.41	260000	9.925472	0.0	82198417	2201	260.0
1642462230.96	260000	11.568132	0.0	79299299	1990	260.0
1642462233.93	260000	13.040825	0.0	75092129	2244	260.0
1642462236.78	260000	14.728292	0.0	78844622	2216	260.0
1642462239.34	260000	16.174217	0.0	77654479	2113	260.0
1642462241.91	260000	17.823967	0.0	75220977	1868	260.0
1642462244.32	260000	19.415641	0.0	79740890	1756	260.0
1642462246.25	260000	20.999737	0.0	78574581	1464	260.0
1642462248.26	260000	22.771126	0.0	78901633	1370	260.0
1642462250.13	260000	24.362639	0.0	79414941	1291	260.0
1642462251.65	260000	26.126719	0.0	73704781	1070	260.0
1642462253.28	260000	27.788956	0.0	80783826	1095	260.0
1642462254.89	260000	29.610777	0.0	77638812	1142	260.0
1642462256.47	260000	31.211818	0.0	74749470	981	260.0
1642462258.12	260000	32.995292	0.0	75910911	1117	260.0
1642462259.79	260000	34.830073	0.0	74070687	1024	260.0
1642462261.74	260000	36.443514	0.0	73938718	1292	260.0
1642462263.41	260000	38.12446	0.0	73613985	1195	260.0
1642462265.2	260000	39.807326	0.0	69503182	1325	260.0
1642462267.29	260000	41.570694	0.0	72822670	1449	260.0
1642462269.16	260000	43.193048	0.0	70991563	1357	260.0
1642462270.92	260000	44.863834	0.0	66218671	1253	260.0
1642462273.34	260000	46.390527	0.0	71469145	1746	260.0
1642462275.6	260000	48.141313	0.0	64074874	1774	260.0
1642462278.07	260000	49.753704	0.0	65041967	1957	260.0
1642462280.4	260000	51.307	0.0	65860507	1876	260.0
1642462282.54	260000	52.888253	0.0	60900183	1704	260.0
1642462285.19	260000	54.496132	0.0	65223805	2199	260.0
1642462287.67	260000	55.984859	0.0	61492275	1947	260.0
1642462289.84	260000	57.703223	0.0	57534179	1767	260.0
1642462292.57	260000	59.323139	0.0	64191273	2281	260.0
1642462301.56	260000	59.878314	0.0	57421190	2027	260.0
1642462312.71	260000	59.80587	0.0	60358582	1629	260.0
1642462323.78	260000	59.81786	0.0	60581734	1521	260.0
1642462335.34	260000	59.783782	0.0	55686462	1524	260.0
1642462345.88	260000	59.814353	0.0	61687104	1490	260.0
1642462356.92	260000	59.759875	0.0	56994559	1449	260.0
1642462367.89	260000	59.967788	0.0	55162012	1460	260.0
1642462380.14	260000	59.799858	0.0	63612323	1667	260.0
1642462391.55	260000	59.877024	0.0	53712380	1464	260.0
1642462401.97	260000	59.853822	0.0	59826276	1441	260.0
1642462413.77	260000	59.851146	0.0	58861434	1747	260.0
1642462424.63	260000	59.907321	0.0	53320981	1359	260.0
1642462436.72	260000	59.877719	0.0	62494429	1540	260.0
1642462447.19	260000	59.902448	0.0	53458888	1448	260.0
1642462457.53	260000	59.746937	0.0	53798130	1333	260.0
1642462467.06	260000	59.802003	0.0	61358299	1482	260.0
1642462478.34	260000	59.873214	0.0	50406269	1806	260.0
1642462488.01	260000	59.828572	0.0	43226513	1259	260.0
1642462498.07	260000	59.708243	0.0	35938085	1224	260.0
1642462498.62	260000	59.680999	0.0	631698	338	260.0

1642462498.74	11700	59.680999	0.343	139786	3	-89.18
1642462498.8	260000	59.680999	0.0	631698	2	11.699999999999989
1642462499.48	8200	1.999999	0.118	2049018	344	-274.28000000000003
1642462499.59	260000	3.926037	0.0	1757078	7	8.199999999999989
1642462499.69	260000	5.832003	0.0	1560847	4	260.0
1642462499.79	260000	7.734404	0.0	1542805	5	260.0
1642462502.26	260000	7.260455	0.0	83554460	1550	260.0
1642462503.96	260000	7.564599	0.0	88770741	1028	260.0
1642462506.39	260000	7.130139	0.0	84756689	1674	260.0
1642462508.79	260000	7.862439	0.0	85798884	1858	260.0
1642462511.31	260000	9.294813	0.0	86059829	1772	260.0
1642462513.78	260000	10.744411	0.0	83431241	1706	260.0
