1643159380.95	8200	1.999999	0.508	546328	413	-132.08
1643159381.56	8200	3.40534	0.0	790650	487	8.2
1643159382.06	11700	4.911705	0.0	1111083	390	8.2
1643159382.57	11700	6.398328	0.0	1066380	406	11.7
1643159384.99	11700	5.975458	0.0	3938957	2292	11.7
1643159387.69	11700	5.271204	0.0	4536725	2588	11.7
1643159390.21	11700	4.754771	0.0	5378836	2382	11.7
1643159392.54	11700	4.594144	0.0	4892753	2214	11.7
1643159395.62	11700	3.662001	0.0	5587559	2956	11.7
1643159397.28	11700	4.015227	0.0	4371099	1534	11.7
1643159399.57	11700	3.717472	0.0	3375218	2180	11.7
1643159400.68	11700	4.601021	0.0	2615238	1006	11.7
1643159403.37	11700	3.916651	0.0	2255191	2578	11.7
1643159406.15	11700	3.139063	0.0	2392223	2676	11.7
1643159408.51	8200	2.776813	0.0	1775648	2243	4.699999999999999
1643159409.39	4900	3.898306	0.0	1103099	772	1.6000000000000005
1643159411.28	4900	4.008543	0.0	1131748	1791	4.9
1643159412.41	4900	4.876479	0.0	1098030	767	4.9
1643159414.28	4900	5.002682	0.0	1119258	782	4.9
1643159416.83	4900	4.452481	0.0	1126165	2448	4.9
1643159417.34	4900	5.948106	0.0	1166756	408	4.9
1643159418.09	4900	7.1986	0.0	988609	641	4.9
1643159419.89	4900	7.392395	0.0	1009447	1707	4.9
1643159420.57	4900	8.718394	0.0	1002081	562	4.9
1643159420.92	4900	10.369731	0.0	1052991	243	4.9
1643159421.26	4900	12.030379	0.0	1019357	237	4.9
1643159421.65	4900	13.633565	0.0	1039341	292	4.9
1643159422.13	4900	15.154591	0.0	1056656	369	4.9
1643159423.1	11700	16.189077	0.0	2434805	852	4.8999999999999995
1643159424.04	11700	17.242494	0.0	2397182	839	11.7
1643159424.67	11700	18.616427	0.0	2417206	517	11.7
1643159425.07	11700	20.216335	0.0	2399895	280	11.7
1643159425.47	11700	21.817701	0.0	2448718	285	11.7
1643159426.01	11700	23.273567	0.0	2478629	433	11.7
1643159427.11	32800	24.178375	0.0	7072104	949	11.699999999999996
1643159428.24	32800	25.041773	0.0	7515735	996	32.8
1643159429.11	32800	26.171359	0.0	7011028	745	32.8
1643159429.87	32800	27.414208	0.0	7307337	631	32.8
1643159430.57	32800	28.713897	0.0	7344127	564	32.8
1643159431.19	32800	30.094767	0.0	7064203	494	32.8
1643159431.78	32800	31.50773	0.0	7516082	449	32.8
1643159432.3	32800	32.986133	0.0	7278398	393	32.8
1643159432.81	32800	34.474429	0.0	7481760	380	32.8
1643159433.35	32800	35.94298	0.0	7871221	393	32.8
1643159433.87	32800	37.41948	0.0	7236548	385	32.8
1643159434.4	32800	38.889144	0.0	7418057	399	32.8
1643159440.31	260000	34.977278	0.0	56994559	5131	32.80000000000001
1643159441.7	32800	35.586336	0.0	7306910	1159	-194.39999999999998
1643159442.75	32800	36.533119	0.0	7790808	909	32.8
1643159443.75	32800	37.534194	0.0	7160738	873	32.8
1643159444.95	32800	38.339299	0.0	7565820	1058	32.8
1643159445.88	32800	39.408833	0.0	8064139	783	32.8
1643159446.52	32800	40.768635	0.0	7308924	510	32.8
1643159447.08	32800	42.202237	0.0	7936123	427	32.8
1643159447.65	32800	43.638113	0.0	7845705	430	32.8
1643159448.23	32800	45.056464	0.0	7682661	448	32.8
1643159448.86	32800	46.427716	0.0	8703604	489	32.8
1643159449.44	32800	47.845768	0.0	8166986	444	32.8
1643159450.04	32800	49.241609	0.0	8155312	475	32.8
1643159450.68	32800	50.609491	0.0	9057843	493	32.8
1643159450.8	32800	50.516467	0.0	296571	16	32.8

1643159451.3	8200	1.999999	0.12	427088	18	-31.2
1643159451.5	32800	3.83908	0.0	1705511	79	8.199999999999996
1643159451.68	32800	5.658576	0.0	1560846	70	32.8
1643159451.87	32800	7.469953	0.0	1542804	72	32.8
1643159452.64	32800	8.698662	0.0	12166782	564	32.8
1643159453.52	32800	9.824681	0.0	15664097	686	32.8
1643159458.56	260000	6.777591	0.0	84756689	4218	32.80000000000001
1643159463.73	260000	5.133731	0.0	85798884	4639	260.0
1643159467.65	260000	5.587992	0.0	86059829	3382	260.0
1643159471.64	260000	6.919255	0.0	83431241	3433	260.0
1643159475.93	260000	8.084863	0.0	82198417	3777	260.0
1643159480.13	260000	9.365021	0.0	79299299	3660	260.0
1643159485.69	260000	10.406277	0.0	75092129	4986	260.0
1643159493.99	260000	10.940174	0.0	78844622	7684	260.0
1643159494.83	32800	12.814497	0.0	6930236	703	-194.39999999999998
1643159495.59	32800	14.785783	0.0	7176786	619	32.8
1643159496.25	32800	16.55994	0.0	6963959	542	32.8
1643159496.92	32800	18.550741	0.0	7320305	524	32.8
1643159497.58	32800	20.403501	0.0	7420242	528	32.8
1643159498.28	32800	22.247803	0.0	7455282	580	32.8
1643159498.98	32800	24.007448	0.0	7960895	576	32.8
1643159499.55	32800	26.007448	0.0	6396912	443	32.8
1643159500.12	32800	28.007448	0.0	7253832	443	32.8
1643159500.72	32800	29.852078	0.0	7034316	457	32.8
1643159501.42	32800	31.824258	0.0	7133512	563	32.8
1643159502.04	32800	33.699831	0.0	7041401	499	32.8
1643159502.67	32800	35.468314	0.0	7143328	501	32.8
1643159503.31	32800	37.468314	0.0	7338535	507	32.8
1643159503.96	32800	39.322071	0.0	6896645	526	32.8
1643159504.6	32800	41.163382	0.0	6714054	522	32.8
1643159505.26	32800	42.988519	0.0	7018701	546	32.8
1643159505.91	32800	44.921916	0.0	6838204	532	32.8
1643159506.57	32800	46.759751	0.0	6922846	539	32.8
1643159507.24	32800	48.759751	0.0	6926196	538	32.8
1643159507.82	32800	50.539403	0.0	7072104	451	32.8
1643159508.38	32800	52.539403	0.0	7515735	439	32.8
1643159508.99	32800	54.395821	0.0	7011028	486	32.8
1643159509.64	32800	56.232043	0.0	7307337	523	32.8
1643159510.33	32800	58.058995	0.0	7344127	571	32.8
1643159511.57	32800	59.894468	0.0	7064203	609	32.8
1643159521.72	32800	59.942543	0.0	7516082	526	32.8
1643159534.38	32800	59.870014	0.0	7278398	935	32.8
1643159543.7	32800	59.822783	0.0	7481760	1099	32.8
1643159553.75	32800	59.93244	0.0	7871221	1320	32.8
1643159556.74	32800	59.814499	0.0	7236548	782	32.8
1643159559.2	32800	59.870691	0.0	7418057	321	32.8
1643159561.69	32800	59.899884	0.0	7580084	353	32.8
1643159564.12	32800	59.81593	0.0	7306910	294	32.8
1643159566.12	32800	59.982952	0.0	7790808	370	32.8
1643159568.59	32800	59.834895	0.0	7160738	337	32.8
1643159571.93	260000	59.265157	0.0	59826276	2857	32.80000000000001
1643159577.45	260000	56.051651	0.0	58861434	5114	260.0
1643159578.04	32800	57.553729	0.0	7308924	466	-194.39999999999998
1643159578.66	32800	58.997368	0.0	7936123	492	32.8
1643159580.25	32800	59.851304	0.0	7845705	456	32.8
