1642402815.73	8200	1.999999	0.521	546328	416	-135.46
1642402816.56	260000	3.171634	0.0	1757078	642	8.199999999999989
1642402817.03	260000	4.709308	0.0	1560847	289	260.0
1642402817.64	260000	6.094359	0.0	1542805	444	260.0
1642402818.62	11700	7.116594	0.0	3938957	776	-236.60000000000002
1642402819.27	11700	8.465189	0.0	4536725	460	11.7
1642402819.63	4900	10.10972	0.0	2134063	172	-1.8999999999999995
1642402821.62	32800	10.11745	0.0	15851372	1676	4.899999999999999
1642402823.31	32800	10.429391	0.0	14688721	1469	32.8
1642402824.6	32800	11.130694	0.0	12381646	1083	32.8
1642402825.43	32800	12.307802	0.0	10179458	619	32.8
1642402826.04	32800	13.820019	0.0	7987681	398	32.8
1642402830.51	152400	11.697552	0.0	44466772	3992	32.80000000000001
1642402834.63	152400	11.328575	0.0	45810515	3667	152.4
1642402838.41	152400	11.099148	0.0	42807747	3412	152.4
1642402841.26	152400	10.95586	0.0	40301174	2536	152.4
1642402844.78	152400	10.032206	0.0	39676104	3187	152.4
1642402849.91	152400	10.717381	0.0	40793176	4744	152.4
1642402850.73	32800	12.434033	0.0	7420242	601	-86.8
1642402851.52	32800	14.244512	0.0	7455282	600	32.8
1642402855.48	152400	15.100101	0.0	36020729	3651	32.80000000000001
1642402860.19	152400	15.858701	0.0	36493721	4366	152.4
1642402867.18	152400	15.793925	0.0	37585290	6574	152.4
1642402868.1	32800	17.589921	0.0	7034316	628	-86.8
1642402868.5	32800	19.519087	0.0	7133512	183	32.8
1642402868.9	32800	21.410771	0.0	7041401	179	32.8
1642402870.13	152400	23.014299	0.0	34314045	935	32.80000000000001
1642402874.94	152400	23.375385	0.0	34563011	2506	152.4
1642402877.92	260000	24.617807	0.0	69503182	2479	152.4
1642402882.04	260000	25.169873	0.0	72822670	3398	260.0
1642402886.33	260000	25.669775	0.0	70991563	3852	260.0
1642402887.58	260000	26.705252	0.0	66218671	805	260.0
1642402889.47	260000	26.918074	0.0	71469145	1257	260.0
1642402891.08	260000	27.728579	0.0	64074874	1201	260.0
1642402892.57	260000	29.288334	0.0	65041967	1045	260.0
1642402893.96	260000	30.759381	0.0	65860507	939	260.0
1642402895.4	260000	32.319197	0.0	60900183	849	260.0
1642402897.14	260000	33.742623	0.0	65223805	1256	260.0
1642402899.08	260000	35.119786	0.0	61492275	1521	260.0
1642402900.88	260000	36.33215	0.0	57534179	1356	260.0
1642402902.93	260000	37.644261	0.0	64191273	1614	260.0
1642402905.24	260000	38.715927	0.0	57421190	1881	260.0
1642402907.55	260000	39.758898	0.0	60358582	1882	260.0
1642402909.82	260000	39.534853	0.0	60581734	1843	260.0
1642402911.96	260000	39.480311	0.0	55686462	1680	260.0
1642402915.48	260000	39.182602	0.0	61687104	3102	260.0
1642402918.77	260000	39.794622	0.0	56994559	2712	260.0
1642402921.35	260000	41.095334	0.0	55162012	2133	260.0
1642402923.97	260000	41.922075	0.0	63612323	2156	260.0
1642402926.32	260000	43.580846	0.0	53712380	1920	260.0
1642402929.01	260000	45.02063	0.0	59826276	2248	260.0
1642402933.02	260000	46.098788	0.0	58861434	3471	260.0
1642402935.64	260000	47.628807	0.0	53320981	2213	260.0
1642402938.95	260000	48.913633	0.0	62494429	2821	260.0
1642402944.28	260000	49.800946	0.0	53458888	4900	260.0
1642402946.25	260000	51.346459	0.0	53798130	1400	260.0
1642402947.65	260000	53.075399	0.0	61358299	868	260.0
1642402948.85	260000	54.805778	0.0	50406269	770	260.0
1642402949.8	260000	56.659001	0.0	43226513	610	260.0
1642402950.55	260000	58.41154	0.0	35938085	465	260.0
1642402950.68	260000	58.444874	0.0	631698	8	260.0

1642402950.82	11700	58.444874	0.521	139786	2	-135.46
1642402950.88	260000	58.444874	0.0	631698	2	11.699999999999989
1642402951.68	8200	1.999999	0.013	2049018	415	-246.98000000000002
1642402951.87	11700	3.848591	0.0	1102047	7	8.2
1642402952.07	11700	5.65584	0.0	1111083	14	11.7
1642402952.28	11700	7.442804	0.0	1066380	37	11.7
1642402952.53	8200	9.190023	0.0	2973194	53	4.699999999999999
1642402952.75	8200	10.968885	0.0	3361033	28	8.2
1642402955.48	260000	10.245352	0.0	84756689	1862	8.199999999999989
1642402957.08	260000	10.64501	0.0	85798884	1055	260.0
1642402959.0	260000	10.722878	0.0	86059829	1387	260.0
1642402961.63	260000	10.096621	0.0	83431241	2072	260.0
1642402964.05	260000	9.669587	0.0	82198417	1864	260.0
1642402967.53	260000	11.435385	0.0	79299299	2784	260.0
1642402972.59	260000	12.662475	0.0	75092129	4535	260.0
1642402976.85	260000	14.008934	0.0	78844622	3708	260.0
1642402978.36	152400	15.715856	0.0	42807747	1141	44.80000000000001
1642402979.95	152400	17.261408	0.0	40301174	1227	152.4
1642402982.23	152400	19.261408	0.0	39676104	1863	152.4
1642402985.72	152400	20.652485	0.0	40793176	3110	152.4
1642402987.76	152400	22.137017	0.0	37608977	1697	152.4
1642402993.88	260000	23.313335	0.0	79414941	5411	152.4
