1643766333.59	8200	1.999999	0.381	546328	249	-91.26
1643766333.8	11700	3.791911	0.0	1102047	101	8.2
1643766333.95	11700	5.646772	0.0	1111083	43	11.7
1643766334.09	11700	7.503164	0.0	1066380	40	11.7
1643766334.37	11700	9.22423	0.0	3938957	151	11.7
1643766335.15	32800	10.447298	0.0	15664097	576	11.699999999999996
1643766336.03	32800	11.566035	0.0	15560661	718	32.8
1643766340.37	260000	9.230125	0.0	85798884	3490	32.80000000000001
1643766344.56	260000	7.702588	0.0	86059829	3730	260.0
1643766348.87	260000	7.180313	0.0	83431241	3834	260.0
1643766353.35	260000	7.717206	0.0	82198417	3897	260.0
1643766357.13	260000	9.177661	0.0	79299299	3250	260.0
1643766360.46	260000	10.661161	0.0	75092129	2892	260.0
1643766364.2	260000	12.073367	0.0	78844622	3205	260.0
1643766368.48	260000	13.487638	0.0	77654479	3649	260.0
1643766373.94	260000	14.56323	0.0	75220977	4997	260.0
1643766384.44	260000	15.08107	0.0	79740890	9944	260.0
1643766384.81	32800	17.08107	0.0	7320305	245	-194.39999999999998
1643766385.18	32800	18.930209	0.0	7420242	246	32.8
1643766385.62	32800	20.930209	0.0	7455282	307	32.8
1643766386.07	32800	22.772655	0.0	7960895	328	32.8
1643766386.48	32800	24.755912	0.0	6396912	284	32.8
1643766391.45	260000	25.789122	0.0	77638812	4557	32.80000000000001
1643766392.19	32800	27.611343	0.0	7034316	614	-194.39999999999998
1643766392.4	32800	29.611343	0.0	7133512	79	32.8
1643766392.59	32800	31.611343	0.0	7041401	73	32.8
1643766392.79	32800	33.516903	0.0	7143328	75	32.8
1643766392.99	32800	35.469294	0.0	7338535	76	32.8
1643766393.19	32800	37.469294	0.0	6896645	72	32.8
1643766394.43	260000	39.287395	0.0	72822670	835	32.80000000000001
1643766395.54	260000	41.037839	0.0	70991563	717	260.0
1643766396.75	260000	42.809159	0.0	66218671	742	260.0
1643766398.48	260000	44.507627	0.0	71469145	1311	260.0
1643766400.24	260000	46.117719	0.0	64074874	1380	260.0
1643766402.29	260000	47.795567	0.0	65041967	1543	260.0
1643766404.21	260000	49.462568	0.0	65860507	1464	260.0
1643766405.97	260000	51.177322	0.0	60900183	1359	260.0
1643766407.99	260000	52.432196	0.0	65223805	1434	260.0
1643766409.75	260000	54.413036	0.0	61492275	1363	260.0
1643766411.35	260000	56.06414	0.0	57534179	1267	260.0
1643766413.2	260000	57.692427	0.0	64191273	1362	260.0
1643766414.88	260000	59.477115	0.0	57421190	1199	260.0
1643766422.8	260000	59.731835	0.0	60358582	1498	260.0
1643766434.86	260000	59.892871	0.0	60581734	6607	260.0
1643766445.83	32800	59.87475	0.0	7236548	2238	-194.39999999999998
1643766455.94	32800	59.821106	0.0	7418057	1392	32.8
1643766467.84	32800	59.986089	0.0	7580084	681	32.8
1643766470.75	32800	59.831707	0.0	7306910	694	32.8
1643766473.1	32800	59.577859	0.0	7790808	213	32.8
1643766474.88	32800	59.841907	0.0	7160738	141	32.8
1643766477.15	32800	59.981733	0.0	7565820	137	32.8
1643766479.41	32800	59.915347	0.0	8064139	127	32.8
1643766490.4	32800	59.832701	0.0	7308924	853	32.8
1643766492.69	32800	59.797137	0.0	7936123	1077	32.8
1643766494.97	32800	59.587731	0.0	7845705	651	32.8
1643766497.07	32800	59.81098	0.0	7682661	470	32.8
1643766499.22	32800	59.850353	0.0	8703604	514	32.8
1643766501.85	32800	59.572544	0.0	8166986	494	32.8
1643766504.02	32800	59.900689	0.0	8155312	545	32.8
1643766513.8	32800	59.798081	0.0	9057843	646	32.8
1643766514.26	32800	59.831415	0.0	296571	267	32.8

1643766514.8	8200	1.999999	-0.098	427088	150	9.079999999999998
1643766514.82	11700	3.999999	0.0	1102047	3	8.2
1643766514.85	11700	5.988315	0.0	1111083	5	11.7
1643766515.5	32800	7.335442	0.0	1542804	539	11.699999999999996
1643766515.54	11700	9.294244	0.0	3938957	6	-9.400000000000002
1643766517.25	11700	9.589497	0.0	4536725	1589	11.7
1643766518.55	11700	10.289673	0.0	5378836	1173	11.7
1643766519.6	11700	11.237976	0.0	4892753	930	11.7
1643766520.84	11700	11.99595	0.0	5587559	1124	11.7
1643766521.86	11700	12.976647	0.0	4371099	905	11.7
1643766522.49	11700	14.344144	0.0	3375218	520	11.7
1643766523.59	32800	15.250234	0.0	7987681	949	11.699999999999996
1643766526.84	32800	14.324187	0.0	6249975	3125	32.8
1643766527.46	11700	15.799991	0.0	2392223	500	-9.400000000000002
1643766528.01	11700	17.508823	0.0	2491394	435	11.7
1643766528.58	11700	18.937309	0.0	2629283	459	11.7
1643766529.16	11700	20.360479	0.0	2662617	465	11.7
1643766529.58	11700	21.937545	0.0	2614451	311	11.7
1643766530.86	32800	22.671173	0.0	7420242	1136	11.699999999999996
1643766532.37	32800	23.152366	0.0	7455282	1385	32.8
