1643766539.9	8200	1.999999	0.357	546328	254	-92.82
1643766540.18	11700	3.736699	0.0	1102047	154	8.2
1643766540.44	11700	5.477723	0.0	1111083	154	11.7
1643766540.7	11700	7.217841	0.0	1066380	155	11.7
1643766541.37	11700	8.541051	0.0	3938957	552	11.7
1643766544.05	32800	7.861971	0.0	15664097	2466	11.699999999999996
1643766546.88	32800	7.034939	0.0	15560661	2665	32.8
1643766549.16	32800	6.749787	0.0	15851372	2123	32.8
1643766551.44	32800	7.235073	0.0	14688721	2121	32.8
1643766553.12	32800	8.062396	0.0	12381646	1538	32.8
1643766554.39	32800	9.5402	0.0	10179458	1128	32.8
1643766555.45	32800	10.877547	0.0	7987681	932	32.8
1643766556.44	32800	12.368455	0.0	6249975	869	32.8
1643766557.22	32800	13.919806	0.0	6462926	659	32.8
1643766558.12	32800	15.509687	0.0	6930236	767	32.8
1643766558.96	32800	16.985028	0.0	7176786	719	32.8
1643766559.73	32800	18.448357	0.0	6963959	639	32.8
1643766560.68	32800	20.064234	0.0	7320305	829	32.8
1643766561.46	32800	21.576091	0.0	7420242	650	32.8
1643766562.24	32800	23.230816	0.0	7455282	651	32.8
1643766563.13	32800	24.593316	0.0	7960895	760	32.8
1643766563.86	32800	26.084056	0.0	6396912	604	32.8
1643766564.62	32800	27.604618	0.0	7253832	635	32.8
1643766565.45	32800	29.006397	0.0	7034316	703	32.8
1643766566.2	32800	30.631431	0.0	7133512	627	32.8
1643766567.06	32800	32.166948	0.0	7041401	728	32.8
1643766567.88	32800	33.702576	0.0	7143328	695	32.8
1643766568.58	32800	35.193416	0.0	7338535	573	32.8
1643766569.31	32800	36.593861	0.0	6896645	602	32.8
1643766570.08	32800	37.963966	0.0	6714054	647	32.8
1643766570.84	32800	39.296093	0.0	7018701	639	32.8
1643766571.49	32800	40.676942	0.0	6838204	533	32.8
1643766572.16	32800	42.262009	0.0	6922846	538	32.8
1643766572.82	32800	43.699347	0.0	6926196	538	32.8
1643766573.51	32800	45.009526	0.0	7072104	557	32.8
1643766574.23	32800	46.560164	0.0	7515735	583	32.8
1643766574.87	32800	47.974488	0.0	7011028	516	32.8
1643766575.51	32800	49.334256	0.0	7307337	511	32.8
1643766576.11	32800	50.987315	0.0	7344127	468	32.8
1643766576.67	32800	52.422949	0.0	7064203	443	32.8
1643766577.24	32800	53.937724	0.0	7516082	437	32.8
1643766577.83	32800	55.452032	0.0	7278398	462	32.8
1643766578.48	32800	56.951204	0.0	7481760	522	32.8
1643766579.11	32800	58.35276	0.0	7871221	501	32.8
1643766579.71	32800	59.889942	0.0	7236548	468	32.8
1643766582.37	32800	59.875036	0.0	7418057	520	32.8
1643766584.71	32800	59.85885	0.0	7580084	709	32.8
1643766586.91	32800	59.97585	0.0	7306910	569	32.8
1643766589.59	32800	59.599391	0.0	7790808	546	32.8
1643766592.14	32800	59.656029	0.0	7160738	416	32.8
1643766594.3	32800	59.942251	0.0	7565820	529	32.8
1643766596.48	32800	59.986095	0.0	8064139	545	32.8
1643766599.08	32800	59.77884	0.0	7308924	467	32.8
1643766601.36	32800	59.739728	0.0	7936123	644	32.8
1643766603.45	32800	59.995852	0.0	7845705	456	32.8
1643766606.19	32800	59.795542	0.0	7682661	600	32.8
1643766608.38	32800	59.843521	0.0	8703604	553	32.8
1643766610.69	32800	59.656545	0.0	8166986	675	32.8
1643766612.54	32800	59.906557	0.0	8155312	1214	32.8
1643766614.75	32800	59.799223	0.0	9057843	576	32.8
1643766614.87	32800	59.832557	0.0	296571	19	32.8

1643766615.27	8200	1.999999	0.124	427088	29	-32.24
1643766615.51	32800	3.806168	0.0	1705511	118	8.199999999999996
1643766615.72	32800	5.585979	0.0	1560846	120	32.8
1643766615.95	32800	7.364417	0.0	1542804	120	32.8
1643766617.09	32800	8.226194	0.0	12166782	946	32.8
1643766619.7	32800	7.607035	0.0	15664097	2445	32.8
1643766621.29	32800	8.019587	0.0	15560661	1431	32.8
1643766622.56	32800	8.750924	0.0	15851372	1090	32.8
1643766625.62	32800	8.359398	0.0	14688721	2909	32.8
1643766626.78	32800	9.615805	0.0	12381646	1015	32.8
1643766627.95	32800	10.895435	0.0	10179458	1025	32.8
1643766630.64	32800	11.293301	0.0	7987681	2551	32.8
1643766631.19	32800	12.892027	0.0	6249975	437	32.8
1643766631.84	32800	14.458459	0.0	6462926	523	32.8
1643766632.68	32800	15.937081	0.0	6930236	712	32.8
1643766633.72	32800	17.436243	0.0	7176786	916	32.8
1643766634.39	32800	19.066322	0.0	6963959	540	32.8
1643766635.04	32800	20.60826	0.0	7320305	522	32.8
1643766635.68	32800	22.153468	0.0	7420242	511	32.8
1643766636.28	32800	23.888131	0.0	7455282	474	32.8
1643766636.98	32800	25.474195	0.0	7960895	573	32.8
1643766637.61	32800	27.164967	0.0	6396912	497	32.8
1643766639.65	32800	27.803088	0.0	7253832	1921	32.8
1643766639.95	32800	29.603319	0.0	7034316	164	32.8
1643766640.25	32800	31.413645	0.0	7133512	173	32.8
1643766640.53	32800	33.197857	0.0	7041401	163	32.8
1643766640.72	32800	35.065619	0.0	7143328	65	32.8
1643766640.92	32800	36.910895	0.0	7338535	68	32.8
1643766642.7	260000	37.50206	0.0	69503182	1167	32.80000000000001
1643766644.99	260000	37.859122	0.0	72822670	1867	260.0
1643766646.45	260000	38.732469	0.0	70991563	1046	260.0
1643766648.34	260000	39.004921	0.0	66218671	1362	260.0
1643766650.42	260000	39.211211	0.0	71469145	1640	260.0
1643766652.55	260000	39.417278	0.0	64074874	1738	260.0
1643766654.4	260000	39.678665	0.0	65041967	1425	260.0
1643766656.26	260000	40.030525	0.0	65860507	1439	260.0
1643766657.96	260000	40.391171	0.0	60900183	1340	260.0
1643766660.33	260000	40.528401	0.0	65223805	1876	260.0
1643766661.75	260000	41.250258	0.0	61492275	987	260.0
1643766666.99	260000	38.756287	0.0	57534179	4853	260.0
1643766668.49	260000	39.330978	0.0	64191273	1106	260.0
1643766670.1	260000	39.823848	0.0	57421190	1208	260.0
1643766671.71	260000	40.425459	0.0	60358582	1163	260.0
1643766671.98	32800	42.262218	0.0	7871221	137	-194.39999999999998
1643766672.23	32800	44.067536	0.0	7236548	127	32.8
1643766673.54	260000	44.886985	0.0	61687104	941	32.80000000000001
1643766674.77	260000	45.922684	0.0	56994559	860	260.0
1643766676.05	260000	46.735977	0.0	55162012	912	260.0
1643766677.75	260000	47.376496	0.0	63612323	1298	260.0
1643766679.16	260000	48.081931	0.0	53712380	985	260.0
1643766680.4	260000	48.9373	0.0	59826276	871	260.0
1643766681.46	260000	49.872418	0.0	58861434	682	260.0
1643766682.56	260000	50.778957	0.0	53320981	726	260.0
1643766683.87	260000	51.830488	0.0	62494429	934	260.0
1643766685.22	260000	53.642061	0.0	53458888	933	260.0
1643766686.46	260000	55.32975	0.0	53798130	877	260.0
1643766687.93	260000	57.200055	0.0	61358299	1086	260.0
1643766689.35	260000	58.931621	0.0	50406269	1122	260.0
1643766694.05	260000	59.874658	0.0	43226513	880	260.0
1643766704.75	260000	59.898796	0.0	35938085	931	260.0
1643766705.27	260000	59.839115	0.0	631698	334	260.0

1643766705.28	32800	59.821979	0.124	296571	1	-32.24
1643766705.29	32800	59.813422	0.0	296571	1	32.8
1643766705.57	8200	1.999999	-0.052	427088	29	-2.8800000000000026
1643766705.67	32800	3.994264	0.0	1705511	14	8.199999999999996
1643766705.73	32800	5.937453	0.0	1560846	4	32.8
1643766705.77	32800	7.892075	0.0	1542804	10	32.8
1643766706.47	32800	9.194136	0.0	12166782	513	32.8
1643766706.98	32800	10.691502	0.0	15664097	329	32.8
1643766709.19	260000	10.480732	0.0	84756689	1159	32.80000000000001
1643766711.01	260000	10.654464	0.0	85798884	1299	260.0
1643766712.69	260000	10.978124	0.0	86059829	1135	260.0
1643766714.3	260000	11.796595	0.0	83431241	1050	260.0
1643766715.98	260000	12.590731	0.0	82198417	1104	260.0
1643766717.3	260000	13.84167	0.0	79299299	853	260.0
1643766718.42	260000	15.176296	0.0	75092129	678	260.0
1643766720.09	260000	16.084019	0.0	78844622	1116	260.0
1643766722.1	260000	17.752609	0.0	77654479	1474	260.0
1643766724.55	260000	19.299549	0.0	75220977	1772	260.0
1643766727.04	260000	20.9188	0.0	79740890	1947	260.0
1643766729.97	260000	22.375346	0.0	78574581	2226	260.0
1643766733.13	260000	23.978279	0.0	78901633	2436	260.0
1643766736.02	260000	25.553994	0.0	79414941	2357	260.0
1643766738.62	260000	27.085241	0.0	73704781	2102	260.0
