1643765165.06	8200	1.999999	0.39	546328	257	-93.6
1643765165.37	11700	3.693924	0.0	1102047	191	8.2
1643765165.66	11700	5.398064	0.0	1111083	195	11.7
1643765165.99	11700	7.074561	0.0	1066380	226	11.7
1643765167.38	11700	7.679619	0.0	3938957	1277	11.7
1643765170.71	11700	6.348086	0.0	4536725	3212	11.7
1643765171.78	11700	7.278543	0.0	5378836	947	11.7
1643765173.06	11700	8.000168	0.0	4892753	1161	11.7
1643765173.74	11700	9.466936	0.0	5587559	557	11.7
1643765174.16	11700	11.047267	0.0	4371099	304	11.7
1643765174.51	11700	12.701792	0.0	3375218	234	11.7
1643765175.59	32800	13.619193	0.0	7987681	936	11.699999999999996
1643765176.38	32800	14.825422	0.0	6249975	659	32.8
1643765177.16	32800	16.048987	0.0	6462926	647	32.8
1643765177.99	32800	17.223917	0.0	6930236	700	32.8
1643765178.83	32800	18.383956	0.0	7176786	717	32.8
1643765179.4	32800	19.819637	0.0	6963959	443	32.8
1643765179.95	32800	21.256051	0.0	7320305	436	32.8
1643765180.45	32800	22.761166	0.0	7420242	369	32.8
1643765180.97	32800	24.235598	0.0	7455282	399	32.8
1643765181.61	32800	25.595993	0.0	7960895	502	32.8
1643765182.5	32800	26.713651	0.0	6396912	762	32.8
1643765183.83	32800	27.376762	0.0	7253832	1212	32.8
1643765184.41	32800	28.807449	0.0	7034316	446	32.8
1643765184.97	32800	30.237523	0.0	7133512	442	32.8
1643765185.51	32800	31.702022	0.0	7041401	411	32.8
1643765186.19	32800	33.019417	0.0	7143328	559	32.8
1643765187.2	32800	34.010951	0.0	7338535	883	32.8
1643765188.06	32800	35.401616	0.0	6896645	735	32.8
1643765188.54	32800	36.923193	0.0	6714054	360	32.8
1643765189.05	32800	38.610369	0.0	7018701	377	32.8
1643765189.54	32800	40.173583	0.0	6838204	368	32.8
1643765190.11	32800	41.670539	0.0	6922846	455	32.8
1643765190.77	32800	43.011709	0.0	6926196	538	32.8
1643765191.39	32800	44.394544	0.0	7072104	495	32.8
1643765192.23	32800	45.552077	0.0	7515735	718	32.8
1643765193.15	32800	46.635039	0.0	7011028	799	32.8
1643765193.9	32800	47.889041	0.0	7307337	622	32.8
1643765194.49	32800	49.292049	0.0	7344127	466	32.8
1643765195.02	32800	50.76912	0.0	7064203	403	32.8
1643765195.52	32800	52.269726	0.0	7516082	376	32.8
1643765196.0	32800	53.843109	0.0	7278398	353	32.8
1643765196.47	32800	55.431079	0.0	7481760	349	32.8
1643765197.07	32800	57.019886	0.0	7871221	467	32.8
1643765197.83	32800	58.29472	0.0	7236548	634	32.8
1643765199.03	32800	59.154056	0.0	7418057	1072	32.8
1643765200.25	32800	59.983956	0.0	7580084	590	32.8
1643765202.8	32800	59.873759	0.0	7306910	919	32.8
1643765205.34	32800	59.606853	0.0	7790808	909	32.8
1643765207.07	32800	59.856832	0.0	7160738	575	32.8
1643765209.29	32800	59.76879	0.0	7565820	588	32.8
1643765211.14	32800	59.768841	0.0	8064139	1216	32.8
1643765213.53	32800	59.537174	0.0	7308924	755	32.8
1643765215.61	32800	59.464116	0.0	7936123	958	32.8
1643765217.69	32800	59.740393	0.0	7845705	447	32.8
1643765219.76	32800	59.515998	0.0	7682661	444	32.8
1643765221.86	32800	59.634816	0.0	8703604	975	32.8
1643765223.64	32800	59.884016	0.0	8166986	151	32.8
1643765225.99	32800	59.72982	0.0	8155312	218	32.8
1643765228.23	32800	59.616418	0.0	9057843	1369	32.8
1643765228.34	32800	59.542204	0.0	296571	11	32.8

1643765228.76	8200	1.999999	0.112	427088	16	-29.12
1643765228.93	32800	3.858529	0.0	1705511	58	8.199999999999996
1643765229.09	32800	5.702072	0.0	1560846	53	32.8
1643765229.24	32800	7.546649	0.0	1542804	53	32.8
1643765229.85	32800	8.943562	0.0	12166782	426	32.8
1643765230.54	32800	10.257882	0.0	15664097	522	32.8
1643765234.99	260000	7.807213	0.0	84756689	3484	32.80000000000001
1643765239.93	260000	5.760467	0.0	85798884	4238	260.0
1643765242.32	260000	6.503925	0.0	86059829	1796	260.0
1643765243.51	260000	7.783327	0.0	83431241	749	260.0
1643765244.97	260000	9.677077	0.0	82198417	959	260.0
1643765246.99	260000	11.433121	0.0	79299299	1553	260.0
1643765249.25	260000	12.892881	0.0	75092129	1691	260.0
1643765251.45	260000	14.538638	0.0	78844622	1753	260.0
1643765253.48	260000	16.125588	0.0	77654479	1633	260.0
1643765255.48	260000	17.817076	0.0	75220977	1595	260.0
1643765257.98	260000	19.267102	0.0	79740890	1902	260.0
1643765260.04	260000	20.907785	0.0	78574581	1636	260.0
1643765262.06	260000	22.527138	0.0	78901633	1599	260.0
1643765264.03	260000	24.238531	0.0	79414941	1493	260.0
1643765265.91	260000	25.857325	0.0	73704781	1292	260.0
1643765269.9	260000	27.284436	0.0	80783826	3372	260.0
1643765274.0	260000	28.554393	0.0	77638812	3669	260.0
1643765277.31	260000	30.01098	0.0	74749470	2879	260.0
1643765280.4	260000	31.466845	0.0	75910911	2606	260.0
1643765283.69	260000	32.794696	0.0	74070687	2783	260.0
1643765288.55	260000	33.856914	0.0	73938718	4452	260.0
1643765292.17	260000	35.168049	0.0	73613985	3095	260.0
1643765298.39	260000	36.117093	0.0	69503182	5805	260.0
1643765299.26	32800	37.812658	0.0	6714054	663	-194.39999999999998
1643765299.48	32800	39.812658	0.0	7018701	96	32.8
1643765299.69	32800	41.812658	0.0	6838204	91	32.8
1643765299.9	32800	43.812658	0.0	6922846	89	32.8
1643765300.11	32800	45.812658	0.0	6926196	84	32.8
1643765300.28	32800	47.812658	0.0	7072104	54	32.8
1643765301.77	260000	49.518054	0.0	65860507	1037	32.80000000000001
1643765303.37	260000	51.343669	0.0	60900183	1106	260.0
1643765305.26	260000	53.002651	0.0	65223805	1467	260.0
1643765306.93	260000	54.692188	0.0	61492275	1278	260.0
1643765308.85	260000	56.398351	0.0	57534179	1428	260.0
1643765310.92	260000	58.078009	0.0	64191273	1535	260.0
1643765312.91	260000	59.620696	0.0	57421190	1669	260.0
1643765321.86	260000	59.858525	0.0	60358582	1609	260.0
1643765332.86	260000	59.88907	0.0	60581734	4059	260.0
1643765345.03	260000	59.883512	0.0	55686462	2253	260.0
1643765355.57	260000	59.824798	0.0	61687104	4099	260.0
