1643146142.44	8200	1.999999	0.352	546328	250	-91.52
1643146142.72	260000	3.721512	0.0	1757078	97	8.199999999999989
1643146142.92	260000	5.527041	0.0	1560847	16	260.0
1643146143.11	260000	7.330957	0.0	1542805	23	260.0
1643146143.66	32800	8.782453	0.0	12166782	259	-194.39999999999998
1643146144.31	32800	10.137187	0.0	15664097	325	32.8
1643146146.86	260000	9.58962	0.0	84756689	1253	32.80000000000001
1643146148.75	260000	9.711119	0.0	85798884	1255	260.0
1643146150.8	260000	9.803352	0.0	86059829	1405	260.0
1643146153.19	260000	9.997384	0.0	83431241	1587	260.0
1643146155.48	260000	10.780531	0.0	82198417	1677	260.0
1643146158.06	260000	11.864418	0.0	79299299	1861	260.0
1643146160.42	260000	13.323161	0.0	75092129	1678	260.0
1643146162.7	260000	15.030345	0.0	78844622	1707	260.0
1643146165.27	260000	16.496161	0.0	77654479	1950	260.0
1643146167.62	260000	17.929812	0.0	75220977	1784	260.0
1643146170.15	260000	19.740971	0.0	79740890	1794	260.0
1643146172.48	260000	21.136182	0.0	78574581	1631	260.0
1643146174.54	260000	22.872023	0.0	78901633	1478	260.0
1643146176.56	260000	24.587074	0.0	79414941	1306	260.0
1643146178.25	260000	26.24557	0.0	73704781	1132	260.0
1643146180.27	260000	27.85732	0.0	80783826	1180	260.0
1643146181.86	260000	29.619993	0.0	77638812	972	260.0
1643146183.77	260000	31.199849	0.0	74749470	1133	260.0
1643146185.87	260000	32.957044	0.0	75910911	1502	260.0
1643146187.79	260000	34.487273	0.0	74070687	1356	260.0
1643146189.61	260000	36.275036	0.0	73938718	1287	260.0
1643146191.56	260000	37.806647	0.0	73613985	1264	260.0
1643146193.33	260000	39.565841	0.0	69503182	1182	260.0
1643146195.29	260000	41.177184	0.0	72822670	1203	260.0
1643146197.58	260000	42.794202	0.0	70991563	1594	260.0
1643146199.66	260000	44.355359	0.0	66218671	1378	260.0
1643146201.95	260000	45.798326	0.0	71469145	1622	260.0
1643146204.01	260000	47.619036	0.0	64074874	1538	260.0
1643146206.07	260000	49.198176	0.0	65041967	1449	260.0
1643146208.2	260000	50.896691	0.0	65860507	1620	260.0
1643146210.13	260000	52.507658	0.0	60900183	1441	260.0
1643146212.14	260000	54.116044	0.0	65223805	1502	260.0
1643146214.13	260000	55.786873	0.0	61492275	1364	260.0
1643146215.9	260000	57.463925	0.0	57534179	1243	260.0
1643146217.71	260000	59.179928	0.0	64191273	1290	260.0
1643146223.98	260000	59.812164	0.0	57421190	1293	260.0
1643146234.58	260000	59.875841	0.0	60358582	1513	260.0
1643146244.67	260000	59.81878	0.0	60581734	1531	260.0
1643146255.31	260000	59.822971	0.0	55686462	1526	260.0
1643146264.63	260000	59.80214	0.0	61687104	1573	260.0
1643146277.18	260000	59.726239	0.0	56994559	1507	260.0
1643146286.93	260000	59.794319	0.0	55162012	1609	260.0
1643146297.21	260000	59.947863	0.0	63612323	1658	260.0
1643146308.7	260000	59.903324	0.0	53712380	1488	260.0
1643146318.36	260000	59.766748	0.0	59826276	1525	260.0
1643146329.93	260000	59.901243	0.0	58861434	1412	260.0
1643146340.98	260000	59.871809	0.0	53320981	1408	260.0
1643148315.12	260000	59.765873	0.0	62494429	1576	260.0
1643148325.06	260000	59.911317	0.0	53458888	1404	260.0
1643148017.61	260000	59.542692	0.0	53798130	598	260.0
1643148018.93	260000	59.262874	0.0	61358299	745	260.0
1643148020.02	260000	59.04902	0.0	50406269	669	260.0
1643148021.04	260000	59.798047	0.0	43226513	631	260.0
1643148021.88	260000	59.636497	0.0	35938085	516	260.0
1643148022.0	260000	59.669831	0.0	631698	7	260.0