1642389761.39	8200	1.999999	0.354	546328	249	-92.04
1642389761.75	260000	3.648685	0.0	1757078	169	8.199999999999989
1642389762.0	260000	5.399802	0.0	1560847	63	260.0
1642389762.24	260000	7.160434	0.0	1542805	59	260.0
1642389762.98	32800	8.413138	0.0	12166782	472	-194.39999999999998
1642389763.89	32800	9.504205	0.0	15664097	644	32.8
1642389767.65	152400	7.745052	0.0	68626847	2728	32.80000000000001
1642389771.48	152400	6.412362	0.0	72320713	3059	152.4
1642389775.24	152400	6.106369	0.0	70827999	3228	152.4
1642389777.84	152400	7.648259	0.0	51846012	2035	152.4
1642389781.19	152400	9.011988	0.0	57184643	2785	152.4
1642389783.54	152400	10.615095	0.0	48821461	1898	152.4
1642389787.6	260000	11.613019	0.0	75092129	3255	152.4
1642389791.62	260000	13.077798	0.0	78844622	3248	260.0
1642389795.07	260000	14.424078	0.0	77654479	2904	260.0
1642389799.03	260000	15.626715	0.0	75220977	3219	260.0
1642389803.48	260000	16.774005	0.0	79740890	3674	260.0
1642389811.84	260000	16.844889	0.0	78574581	7695	260.0
1642389819.13	260000	16.999257	0.0	78901633	6602	260.0
1642389824.58	260000	17.659373	0.0	79414941	4654	260.0
1642389827.22	260000	18.959092	0.0	73704781	2073	260.0
1642389828.87	260000	20.433311	0.0	80783826	1053	260.0
1642389830.52	260000	21.774504	0.0	77638812	1066	260.0
1642389832.76	260000	23.605574	0.0	74749470	1604	260.0
1642389835.1	260000	25.187331	0.0	75910911	1784	260.0
1642389837.38	260000	26.76758	0.0	74070687	1628	260.0
1642389839.58	260000	28.395706	0.0	73938718	1626	260.0
1642389841.95	260000	30.012241	0.0	73613985	1858	260.0
1642389844.3	260000	31.55138	0.0	69503182	1702	260.0
1642389846.59	260000	33.173831	0.0	72822670	1738	260.0
1642389848.91	260000	34.623012	0.0	70991563	1676	260.0
1642389851.34	260000	36.364642	0.0	66218671	1949	260.0
1642389857.11	260000	37.324448	0.0	71469145	5252	260.0
1642389865.84	260000	37.832388	0.0	64074874	8271	260.0
1642389871.97	260000	38.648452	0.0	65041967	5630	260.0
1642389883.9	260000	38.267577	0.0	65860507	11228	260.0
1642389886.12	260000	39.819621	0.0	60900183	1664	260.0
1642389887.77	260000	41.586788	0.0	65223805	1021	260.0
1642389889.41	260000	43.43626	0.0	61492275	1197	260.0
1642389891.03	260000	45.076282	0.0	57534179	1191	260.0
1642389892.84	260000	46.781586	0.0	64191273	1264	260.0
1642389894.36	260000	48.437081	0.0	57421190	1112	260.0
1642389896.72	260000	50.024331	0.0	60358582	1800	260.0
1642389898.4	260000	51.746414	0.0	60581734	1199	260.0
1642389899.92	260000	53.458955	0.0	55686462	1092	260.0
1642389901.68	260000	55.154765	0.0	61687104	1198	260.0
1642389903.39	260000	56.952522	0.0	56994559	1271	260.0
1642389904.98	260000	58.54827	0.0	55162012	1156	260.0
1642389908.39	260000	59.792289	0.0	63612323	1237	260.0
1642389920.42	260000	59.858029	0.0	53712380	1059	260.0
1642389930.72	260000	59.970828	0.0	59826276	6237	260.0
