1642390351.81	8200	1.999999	0.354	546328	251	-92.04
1642390352.17	260000	3.647243	0.0	1757078	175	8.199999999999989
1642390352.42	260000	5.394376	0.0	1560847	78	260.0
1642390352.69	260000	7.13169	0.0	1542805	77	260.0
1642390353.55	32800	8.273146	0.0	12166782	609	-194.39999999999998
1642390355.02	32800	8.800928	0.0	15664097	1212	32.8
1642390355.62	11700	10.194178	0.0	5378836	342	-9.400000000000002
1642390364.52	152400	4.713637	0.0	72320713	7897	11.700000000000017
1642390365.41	32800	6.045103	0.0	14688721	643	-86.8
1642390366.17	32800	7.61941	0.0	12381646	542	32.8
1642390369.58	152400	7.758809	0.0	57184643	2961	32.80000000000001
1642390372.62	152400	9.121911	0.0	48821461	2582	152.4
1642390374.84	152400	10.696854	0.0	44466772	1772	152.4
1642390377.28	152400	12.233263	0.0	45810515	1898	152.4
1642390381.6	260000	11.908794	0.0	77654479	3717	152.4
1642390386.02	260000	11.610861	0.0	75220977	3644	260.0
1642390391.36	260000	12.475982	0.0	79740890	4692	260.0
1642390396.27	260000	13.070339	0.0	78574581	4276	260.0
1642390398.68	260000	14.378507	0.0	78901633	1827	260.0
1642390401.99	260000	15.50679	0.0	79414941	2746	260.0
1642390404.81	260000	16.48141	0.0	73704781	2222	260.0
1642390409.58	260000	17.108682	0.0	80783826	4046	260.0
1642390413.45	260000	17.64772	0.0	77638812	3333	260.0
1642390417.23	260000	19.343298	0.0	74749470	3210	260.0
1642390420.96	260000	20.491132	0.0	75910911	3249	260.0
1642390424.24	260000	21.915602	0.0	74070687	2793	260.0
1642390427.91	260000	23.107788	0.0	73938718	3017	260.0
1642390431.79	260000	24.509541	0.0	73613985	3300	260.0
1642390435.38	260000	25.898847	0.0	69503182	2958	260.0
1642390438.57	260000	27.306294	0.0	72822670	2697	260.0
1642390441.97	260000	28.643087	0.0	70991563	2859	260.0
1642390445.15	260000	30.129325	0.0	66218671	2730	260.0
1642390449.07	260000	31.448987	0.0	71469145	3220	260.0
1642390451.93	260000	32.94153	0.0	64074874	2443	260.0
1642390456.94	260000	33.881891	0.0	65041967	4390	260.0
1642390460.47	260000	35.173737	0.0	65860507	3052	260.0
1642390463.73	260000	36.608566	0.0	60900183	2775	260.0
1642390467.32	260000	38.049508	0.0	65223805	3105	260.0
1642390471.78	260000	39.159229	0.0	61492275	3881	260.0
1642390475.36	260000	40.511133	0.0	57534179	3114	260.0
1642390478.73	260000	42.015426	0.0	64191273	2869	260.0
1642390479.73	260000	43.706901	0.0	57421190	510	260.0
1642390480.77	260000	45.562046	0.0	60358582	540	260.0
1642390481.79	260000	47.361432	0.0	60581734	576	260.0
1642390482.9	260000	49.076524	0.0	55686462	686	260.0
1642390484.18	260000	50.920833	0.0	61687104	812	260.0
1642390485.32	260000	52.400965	0.0	56994559	715	260.0
1642390486.6	260000	54.265511	0.0	55162012	830	260.0
1642390488.27	260000	55.783359	0.0	63612323	1216	260.0
1642390489.81	260000	57.616528	0.0	53712380	1129	260.0
1642390491.86	260000	59.332399	0.0	59826276	1485	260.0
1642390499.32	260000	59.883064	0.0	58861434	2008	260.0
1642390510.49	260000	59.885378	0.0	53320981	1452	260.0
1642390520.98	260000	59.80443	0.0	62494429	5896	260.0
