1642461128.18	8200	1.999999	0.354	546328	247	-92.04
1642461128.46	260000	3.724588	0.0	1757078	97	8.199999999999989
1642461128.65	260000	5.535298	0.0	1560847	14	260.0
1642461128.84	260000	7.345673	0.0	1542805	18	260.0
1642461129.44	32800	8.751726	0.0	12166782	301	-194.39999999999998
1642461129.74	11700	10.449858	0.0	4536725	98	-9.400000000000002
1642461132.18	260000	10.014318	0.0	84756689	1388	11.699999999999989
1642461134.18	260000	10.014024	0.0	85798884	1351	260.0
1642461136.41	260000	9.809089	0.0	86059829	1501	260.0
1642461138.91	260000	10.015902	0.0	83431241	1963	260.0
1642461141.43	260000	9.867279	0.0	82198417	1792	260.0
1642461143.85	260000	11.431592	0.0	79299299	1701	260.0
1642461145.95	260000	13.076002	0.0	75092129	1611	260.0
1642461148.3	260000	14.603175	0.0	78844622	1670	260.0
1642461150.77	260000	16.227523	0.0	77654479	1798	260.0
1642461152.97	260000	17.691901	0.0	75220977	1701	260.0
1642461156.07	260000	19.348986	0.0	79740890	2456	260.0
1642461158.82	260000	20.880766	0.0	78574581	2206	260.0
1642461161.54	260000	22.412797	0.0	78901633	2199	260.0
1642461164.5	260000	24.055461	0.0	79414941	2431	260.0
1642461167.33	260000	25.484569	0.0	73704781	2184	260.0
1642461169.99	260000	27.082451	0.0	80783826	2123	260.0
1642461172.38	260000	28.63083	0.0	77638812	1704	260.0
1642461174.2	260000	30.279883	0.0	74749470	1383	260.0
1642461175.96	260000	31.642846	0.0	75910911	1215	260.0
1642461182.08	260000	32.927289	0.0	74070687	5522	260.0
1642461183.38	260000	34.875166	0.0	73938718	788	260.0
1642461184.72	260000	36.615463	0.0	73613985	810	260.0
1642461186.61	260000	38.260087	0.0	69503182	1376	260.0
1642461188.45	260000	39.799739	0.0	72822670	1303	260.0
1642461190.15	260000	41.618117	0.0	70991563	1164	260.0
1642461191.87	260000	43.330007	0.0	66218671	1292	260.0
1642461193.63	260000	45.042715	0.0	71469145	1313	260.0
1642461195.23	260000	46.673329	0.0	64074874	1174	260.0
1642461197.01	260000	48.358424	0.0	65041967	1301	260.0
1642461199.06	260000	50.129283	0.0	65860507	1538	260.0
1642461201.1	260000	51.643735	0.0	60900183	1606	260.0
1642461203.36	260000	53.313394	0.0	65223805	1612	260.0
1642461205.27	260000	54.990198	0.0	61492275	1462	260.0
1642461207.1	260000	56.560135	0.0	57534179	1349	260.0
1642461209.75	260000	58.136675	0.0	64191273	2020	260.0
1642461211.82	260000	59.73923	0.0	57421190	1603	260.0
1642461221.28	260000	59.916594	0.0	60358582	1500	260.0
1642461232.64	260000	59.81216	0.0	60581734	1719	260.0
1642461243.84	260000	59.889294	0.0	55686462	1689	260.0
1642461254.13	260000	59.96082	0.0	61687104	1641	260.0
1642461267.2	260000	59.897629	0.0	56994559	1537	260.0
1642461277.92	260000	59.817888	0.0	55162012	1678	260.0
1642461288.58	260000	59.874867	0.0	63612323	1558	260.0
1642461299.11	260000	59.861105	0.0	53712380	1564	260.0
1642461308.65	260000	59.994061	0.0	59826276	1506	260.0
1642461321.22	260000	59.79291	0.0	58861434	1523	260.0
1642461332.27	260000	59.867858	0.0	53320981	1513	260.0
1642461347.65	260000	58.993203	0.0	62494429	14719	260.0
1642461353.29	260000	59.666681	0.0	53458888	5214	260.0
1642461363.62	260000	59.89904	0.0	53798130	3878	260.0
1642461372.81	260000	59.997833	0.0	61358299	1507	260.0
1642461383.12	260000	59.980368	0.0	50406269	1377	260.0
1642461394.38	260000	59.914798	0.0	43226513	1297	260.0
1642461403.98	260000	59.897129	0.0	35938085	1178	260.0
1642461404.53	260000	59.799162	0.0	631698	335	260.0

1642461404.64	11700	59.799162	0.354	139786	0	-92.04
1642461404.7	260000	59.799162	0.0	631698	1	11.699999999999989
1642461405.42	8200	1.999999	0.111	2049018	344	-272.46000000000004
1642461405.53	260000	3.924814	0.0	1757078	3	8.199999999999989
1642461405.62	260000	5.827039	0.0	1560847	4	260.0
1642461405.72	260000	7.729862	0.0	1542805	7	260.0
1642461408.35	260000	7.101587	0.0	83554460	1738	260.0
1642461410.63	260000	6.826811	0.0	88770741	1610	260.0
1642461412.97	260000	6.484096	0.0	84756689	1711	260.0
1642461419.64	260000	6.986026	0.0	85798884	5992	260.0
1642461422.8	260000	8.349428	0.0	86059829	2468	260.0
1642461425.23	260000	9.984078	0.0	83431241	1779	260.0
1642461427.54	260000	11.572438	0.0	82198417	1770	260.0
