1642401838.03	8200	1.999999	0.353	546328	248	-91.78
1642401838.32	260000	3.720927	0.0	1757078	97	8.199999999999989
1642401838.51	260000	5.52847	0.0	1560847	16	260.0
1642401838.77	260000	7.263415	0.0	1542805	12	260.0
1642401839.25	32800	8.788171	0.0	12166782	211	-194.39999999999998
1642401839.76	32800	10.281887	0.0	15664097	266	32.8
1642401840.23	32800	11.803803	0.0	15560661	247	32.8
1642401842.39	260000	11.645027	0.0	85798884	1118	32.80000000000001
1642401844.06	260000	11.985086	0.0	86059829	1145	260.0
1642401846.44	260000	11.826173	0.0	83431241	1713	260.0
1642401849.11	260000	11.930698	0.0	82198417	2128	260.0
1642401851.87	260000	12.016038	0.0	79299299	2262	260.0
1642401854.41	260000	12.503109	0.0	75092129	2025	260.0
1642401857.01	260000	13.782027	0.0	78844622	2098	260.0
1642401859.57	260000	15.207042	0.0	77654479	2036	260.0
1642401861.9	260000	16.894942	0.0	75220977	1865	260.0
1642401864.52	260000	18.385122	0.0	79740890	2118	260.0
1642401867.2	260000	19.862577	0.0	78574581	2115	260.0
1642401869.88	260000	21.463406	0.0	78901633	2010	260.0
1642401872.36	260000	23.07944	0.0	79414941	1955	260.0
1642401874.74	260000	24.625377	0.0	73704781	1775	260.0
1642401877.51	260000	26.104981	0.0	80783826	2042	260.0
1642401879.93	260000	27.782759	0.0	77638812	1896	260.0
1642401882.41	260000	29.281429	0.0	74749470	1962	260.0
1642401884.58	260000	30.860853	0.0	75910911	1707	260.0
1642401890.45	260000	31.74686	0.0	74070687	5383	260.0
1642401892.01	260000	33.466635	0.0	73938718	1081	260.0
1642401893.92	260000	35.034636	0.0	73613985	1423	260.0
1642401895.9	260000	36.650052	0.0	69503182	1377	260.0
1642401898.23	260000	38.336533	0.0	72822670	1797	260.0
1642401900.49	260000	39.794729	0.0	70991563	1795	260.0
1642401902.73	260000	41.469558	0.0	66218671	1624	260.0
1642401905.28	260000	42.924182	0.0	71469145	1948	260.0
1642401907.42	260000	44.64982	0.0	64074874	1690	260.0
1642401909.57	260000	46.16964	0.0	65041967	1674	260.0
1642401911.7	260000	47.805047	0.0	65860507	1607	260.0
1642401913.49	260000	49.41568	0.0	60900183	1363	260.0
1642401915.44	260000	51.086577	0.0	65223805	1336	260.0
1642401917.21	260000	52.678809	0.0	61492275	1319	260.0
1642401919.18	260000	54.314711	0.0	57534179	1541	260.0
1642401921.17	260000	56.000684	0.0	64191273	1526	260.0
1642401922.78	260000	57.710089	0.0	57421190	1210	260.0
1642401924.85	260000	59.296752	0.0	60358582	1508	260.0
1642401932.12	260000	59.720016	0.0	60581734	1375	260.0
1642401942.95	260000	59.858841	0.0	55686462	1357	260.0
1642401954.0	260000	59.878045	0.0	61687104	1510	260.0
1642401964.45	260000	59.809139	0.0	56994559	1438	260.0
1642401974.74	260000	59.819594	0.0	55162012	1320	260.0
1642401986.82	260000	59.886892	0.0	63612323	2429	260.0
1642401997.59	260000	59.880004	0.0	53712380	1315	260.0
1642402006.49	260000	59.885	0.0	59826276	1369	260.0
