1642850124.5	8200	1.999999	0.354	546328	250	-92.04
1642850124.7	8200	3.810245	0.0	790650	87	8.2
1642850124.82	8200	5.68512	0.0	911646	23	8.2
1642850124.95	8200	7.560187	0.0	844970	23	8.2
1642850125.22	11700	9.291947	0.0	3938957	136	8.2
1642850125.48	11700	11.028917	0.0	4536725	140	11.7
1642850125.77	11700	12.73332	0.0	5378836	171	11.7
1642850126.05	11700	14.460038	0.0	4892753	154	11.7
1642850126.33	11700	16.177922	0.0	5587559	161	11.7
1642850126.55	11700	17.95319	0.0	4371099	112	11.7
1642850126.98	32800	19.526124	0.0	10179458	263	11.699999999999996
1642850127.3	32800	21.209735	0.0	7987681	186	32.8
1642850127.52	32800	22.984467	0.0	6249975	102	32.8
1642850127.75	32800	24.754327	0.0	6462926	106	32.8
1642850127.99	32800	26.515632	0.0	6930236	112	32.8
1642850128.24	32800	28.265855	0.0	7176786	117	32.8
1642850129.41	152400	29.097222	0.0	39676104	676	32.80000000000001
1642850131.1	152400	29.405353	0.0	40793176	1324	152.4
1642850133.78	152400	28.875068	0.0	37608977	2386	152.4
1642850134.38	32800	30.273724	0.0	7455282	474	-86.8
1642850135.02	32800	31.633838	0.0	7960895	506	32.8
1642850135.53	32800	33.126034	0.0	6396912	381	32.8
1642850136.08	32800	34.572654	0.0	7253832	423	32.8
1642850136.8	32800	35.854627	0.0	7034316	589	32.8
1642850139.31	32800	35.508983	0.0	7133512	2387	32.8
1642850139.75	11700	37.072824	0.0	2410904	279	-9.400000000000002
1642850140.15	11700	38.677386	0.0	2442104	284	11.7
1642850140.6	11700	40.221126	0.0	2472140	346	11.7
1642850141.05	11700	41.769338	0.0	2434805	340	11.7
1642850141.36	11700	43.466215	0.0	2397182	193	11.7
1642850141.62	11700	45.204352	0.0	2417206	151	11.7
1642850141.88	11700	46.942284	0.0	2399895	150	11.7
1642850142.14	11700	48.679482	0.0	2448718	154	11.7
1642850142.36	11700	50.457824	0.0	2478629	115	11.7
1642850142.83	32800	51.996582	0.0	7072104	329	11.699999999999996
1642850143.31	32800	53.515754	0.0	7515735	347	32.8
1642850143.74	32800	55.082108	0.0	7011028	305	32.8
1642850144.19	32800	56.630989	0.0	7307337	319	32.8
1642850144.64	32800	58.178136	0.0	7344127	321	32.8
1642850145.08	32800	59.739601	0.0	7064203	308	32.8
1642850147.56	32800	59.996846	0.0	7516082	347	32.8
1642850150.08	32800	59.858564	0.0	7278398	391	32.8
1642850152.57	32800	59.612786	0.0	7481760	349	32.8
1642850154.51	32800	59.862657	0.0	7871221	305	32.8
1642850156.42	32800	59.8627	0.0	7236548	281	32.8
1642850158.49	32800	59.848764	0.0	7418057	432	32.8
1642850164.95	32800	59.847701	0.0	7580084	331	32.8
1642850172.07	32800	59.897357	0.0	7306910	887	32.8
1642850176.95	32800	59.995896	0.0	7790808	667	32.8
1642850180.33	32800	59.737781	0.0	7160738	241	32.8
1642850182.23	32800	59.995637	0.0	7565820	266	32.8
1642850184.38	32800	59.984536	0.0	8064139	512	32.8
1642850187.03	32800	59.818531	0.0	7308924	511	32.8
1642850189.06	32800	59.793312	0.0	7936123	395	32.8
1642850191.54	32800	59.902912	0.0	7845705	339	32.8
1642850193.59	32800	59.90285	0.0	7682661	414	32.8
1642850195.62	32800	59.652835	0.0	8703604	379	32.8
1642850197.69	32800	59.652835	0.0	8166986	439	32.8
1642850199.61	32800	59.902826	0.0	8155312	276	32.8
1642850201.57	32800	59.90284	0.0	9057843	318	32.8
1642850201.68	32800	59.617821	0.0	296571	10	32.8

1642850202.09	8200	1.999999	0.12	427088	11	-31.2
1642850202.11	8200	3.999999	0.0	790650	2	8.2
1642850202.12	8200	5.999999	0.0	911646	2	8.2
1642850202.14	8200	7.987851	0.0	844970	2	8.2
1642850202.19	11700	9.934713	0.0	3938957	7	8.2
1642850202.23	11700	11.895354	0.0	4536725	7	11.7
1642850202.55	11700	13.579876	0.0	5378836	187	11.7
1642850202.59	11700	15.53552	0.0	4892753	12	11.7
1642850202.91	11700	17.218328	0.0	5587559	195	11.7
1642850203.58	32800	18.551644	0.0	12381646	472	11.699999999999996
1642850204.15	32800	19.981535	0.0	10179458	419	32.8
1642850204.58	32800	21.551967	0.0	7987681	293	32.8
1642850204.93	32800	23.1981	0.0	6249975	230	32.8
1642850205.3	32800	24.827182	0.0	6462926	248	32.8
1642850205.75	32800	26.379723	0.0	6930236	324	32.8
1642850207.95	152400	26.183562	0.0	40301174	1681	32.80000000000001
1642850210.16	152400	25.973693	0.0	39676104	1832	152.4
1642850212.17	152400	26.169587	0.0	40793176	1723	152.4
1642850214.22	152400	26.119584	0.0	37608977	1658	152.4
1642850215.87	152400	26.47684	0.0	35738670	1364	152.4
1642850217.41	152400	26.928791	0.0	36020729	1274	152.4
1642850219.06	152400	27.520078	0.0	36493721	1345	152.4
1642850221.06	152400	27.780685	0.0	37585290	1669	152.4
1642850222.79	152400	28.523992	0.0	34459282	1462	152.4
1642850224.51	152400	29.392031	0.0	37576374	1402	152.4
1642850226.26	152400	30.195597	0.0	34095545	1485	152.4
1642850230.35	152400	28.603846	0.0	34314045	3825	152.4
1642850230.85	32800	30.107055	0.0	7338535	366	-86.8
1642850231.34	32800	31.671149	0.0	6896645	368	32.8
1642850231.94	32800	33.103885	0.0	6714054	469	32.8
1642850232.59	32800	34.452424	0.0	7018701	525	32.8
1642850233.25	32800	35.868533	0.0	6838204	531	32.8
1642850233.78	32800	37.398945	0.0	6922846	403	32.8
1642850234.33	32800	38.852489	0.0	6926196	421	32.8
1642850235.0	32800	40.205016	0.0	7072104	550	32.8
1642850235.67	32800	41.827153	0.0	7515735	539	32.8
1642850236.28	32800	43.827153	0.0	7011028	477	32.8
1642850236.7	32800	45.661835	0.0	7307337	301	32.8
1642850237.13	32800	47.561869	0.0	7344127	302	32.8
1642850237.56	32800	49.396789	0.0	7064203	308	32.8
1642850238.02	32800	51.277036	0.0	7516082	328	32.8
1642850238.5	32800	53.124468	0.0	7278398	348	32.8
1642850239.0	32800	54.930324	0.0	7481760	373	32.8
1642850239.5	32800	56.726719	0.0	7871221	376	32.8
1642850239.98	32800	58.627788	0.0	7236548	338	32.8
1642850241.44	32800	59.984729	0.0	7418057	333	32.8
1642850247.42	32800	59.932853	0.0	7580084	355	32.8
1642850253.91	32800	59.805803	0.0	7306910	858	32.8
1642850259.98	32800	59.894714	0.0	7790808	848	32.8
1642850265.86	32800	59.795627	0.0	7160738	671	32.8
1642850271.75	32800	59.809076	0.0	7565820	673	32.8
1642850278.16	32800	59.806448	0.0	8064139	672	32.8
1642850284.06	32800	59.819777	0.0	7308924	683	32.8
1642850289.96	32800	59.822998	0.0	7936123	677	32.8
1642850296.35	32800	59.790214	0.0	7845705	4674	32.8
1642850302.14	11700	59.842493	0.0	2752189	588	-9.400000000000002
1642850307.43	11700	59.881192	0.0	2884569	587	11.7
1642850309.72	11700	59.832371	0.0	2854371	586	11.7
1642850311.95	11700	59.557152	0.0	2998361	105	11.7
1642850314.16	11700	59.792044	0.0	3147034	98	11.7
1642850314.25	11700	59.825378	0.0	139786	1	11.7

1642850314.28	11700	59.821655	0.12	139786	1	-31.2
1642850314.29	11700	59.811528	0.0	139786	0	11.7
1642850314.3	11700	59.802105	0.0	139786	0	11.7
1642850314.31	11700	59.79256	0.0	139786	0	11.7
1642850314.53	8200	1.999999	-0.095	546328	1	29.4
1642850314.55	8200	3.976056	0.0	790650	2	8.2
1642850314.57	8200	5.960542	0.0	911646	1	8.2
1642850314.58	8200	7.946977	0.0	844970	2	8.2
1642850314.63	11700	9.898852	0.0	3938957	9	8.2
1642850314.86	11700	11.670011	0.0	4536725	115	11.7
1642850315.08	11700	13.451371	0.0	5378836	87	11.7
1642850315.23	11700	15.295423	0.0	4892753	40	11.7
1642850315.44	11700	17.089123	0.0	5587559	46	11.7
1642850315.84	32800	18.69594	0.0	12381646	172	11.699999999999996
1642850316.12	32800	20.406727	0.0	10179458	148	32.8
1642850316.36	32800	22.173669	0.0	7987681	85	32.8
1642850316.55	32800	23.984886	0.0	6249975	61	32.8
1642850316.73	32800	25.803851	0.0	6462926	58	32.8
1642850316.91	32800	27.619406	0.0	6930236	63	32.8
1642850317.96	152400	28.569473	0.0	40301174	376	32.80000000000001
1642850318.73	152400	29.796106	0.0	39676104	461	152.4
1642850319.73	152400	30.796945	0.0	40793176	690	152.4
1642850321.02	152400	31.514082	0.0	37608977	962	152.4
1642850322.14	152400	32.389473	0.0	35738670	845	152.4
1642850323.18	152400	33.475164	0.0	36020729	761	152.4
1642850324.17	152400	34.487291	0.0	36493721	700	152.4
1642850326.23	260000	34.426715	0.0	77638812	1280	152.4
1642850327.86	260000	34.803156	0.0	74749470	1143	260.0
1642850329.65	260000	35.007258	0.0	75910911	1229	260.0
1642850331.32	260000	35.395907	0.0	74070687	1198	260.0
1642850333.06	260000	35.657173	0.0	73938718	1280	260.0
1642850335.2	260000	36.036648	0.0	73613985	1564	260.0
1642850337.08	260000	36.547951	0.0	69503182	1432	260.0
1642850339.04	260000	36.850402	0.0	72822670	1450	260.0
1642850341.07	260000	37.138214	0.0	70991563	1516	260.0
1642850343.29	260000	37.180466	0.0	66218671	1770	260.0
1642850345.66	260000	36.943989	0.0	71469145	1786	260.0
1642850347.72	260000	37.913857	0.0	64074874	1523	260.0
1642850349.69	260000	39.352733	0.0	65041967	1438	260.0
1642850351.72	260000	40.422652	0.0	65860507	1538	260.0
1642850353.81	260000	41.73982	0.0	60900183	1676	260.0
1642850355.91	260000	43.21684	0.0	65223805	1622	260.0
1642850357.81	260000	44.829312	0.0	61492275	1458	260.0
1642850359.63	260000	46.08516	0.0	57534179	1358	260.0
1642850361.59	260000	47.513562	0.0	64191273	1535	260.0
1642850363.67	260000	48.695205	0.0	57421190	1590	260.0
1642850365.88	260000	49.824554	0.0	60358582	1620	260.0
1642850367.64	260000	51.38587	0.0	60581734	1264	260.0
1642850370.4	260000	52.346291	0.0	55686462	2354	260.0
1642850373.16	152400	53.377728	0.0	35467287	2455	44.80000000000001
1642850377.94	152400	53.615335	0.0	35220717	4472	152.4
1642850377.99	32800	55.615335	0.0	7306910	16	-86.8
1642850378.05	32800	57.615335	0.0	7790808	17	32.8
1642850378.1	32800	59.615335	0.0	7160738	14	32.8
1642850382.66	32800	59.910405	0.0	7565820	13	32.8
1642850388.23	32800	59.885393	0.0	8064139	23	32.8
1642850399.8	32800	59.788426	0.0	7308924	13	32.8
1642850411.37	32800	59.849112	0.0	7936123	17	32.8
1642850421.43	32800	59.983489	0.0	7845705	14	32.8
