1642839539.28	8200	1.999999	0.355	546328	250	-92.3
1642839539.48	11700	3.811206	0.0	1102047	90	8.2
1642839539.61	32800	5.679613	0.0	1560846	17	11.699999999999996
1642839539.73	260000	7.557553	0.0	1542805	15	32.80000000000001
1642839542.35	260000	6.938002	0.0	83554460	1456	260.0
1642839543.54	152400	7.755806	0.0	56494032	795	44.80000000000001
1642839543.54	260000	7.744246	0.0	56494032	795	152.4
1642839545.39	260000	7.896712	0.0	84756689	1179	260.0
1642839547.41	260000	8.039799	0.0	85798884	1446	260.0
1642839551.36	260000	9.190684	0.0	86059829	3415	260.0
1642839555.58	260000	10.50259	0.0	83431241	3669	260.0
1642839566.58	260000	48.142611	0.0	6714054	748	260.0
1642839566.59	152400	48.142611	0.0	6714054	748	44.80000000000001
1642839567.43	152400	50.040279	0.0	33877878	581	152.4
1642839569.73	152400	51.518069	0.0	31988631	2051	152.4
1642839570.7	152400	53.433176	0.0	34031025	707	152.4
1642839571.35	152400	55.351347	0.0	30869167	432	152.4
1642839571.91	152400	57.111863	0.0	31753337	293	152.4
1642839571.91	260000	57.111863	0.0	31753337	293	152.4
1642839573.14	260000	58.928381	0.0	65860507	781	260.0
1642839578.62	260000	59.886464	0.0	60900183	579	260.0
1642839591.75	260000	59.735447	0.0	2654985	508	260.0
1642839591.76	260000	59.735447	0.0	2654985	508	260.0
1642839604.67	260000	59.884888	0.0	2594029	510	260.0
1642839604.68	260000	59.884888	0.0	2594029	510	260.0
1642839604.69	32800	59.884888	0.0	2594029	510	-194.39999999999998
1642839616.49	32800	59.728103	0.0	1751990	803	32.8
1642839616.5	32800	59.708248	0.0	1751990	803	32.8
1642839616.51	11700	59.700776	0.0	1751990	803	-9.400000000000002
1642839619.22	11700	59.868066	0.0	2591593	508	11.7
1642839622.42	11700	59.797602	0.0	2642305	98	11.7
1642839622.43	32800	59.615558	0.0	2642305	98	11.699999999999996
1642839624.75	32800	59.616287	0.0	7481760	195	32.8
1642839626.8	32800	59.794492	0.0	7871221	418	32.8
1642839630.23	32800	58.57781	0.0	7236548	3300	32.8
1642839631.88	32800	59.304975	0.0	7418057	1527	32.8
1642839633.96	32800	59.787286	0.0	7580084	1443	32.8
1642839636.09	32800	59.994296	0.0	7306910	1000	32.8
1642839638.57	32800	59.745783	0.0	7790808	845	32.8
1642839640.84	32800	59.819314	0.0	7160738	645	32.8
1642839642.73	32800	59.975977	0.0	7565820	763	32.8
1642839645.47	32800	59.586083	0.0	8064139	1108	32.8
1642839646.88	32800	59.93095	0.0	7308924	1280	32.8
1642839650.02	32800	59.810192	0.0	7936123	1003	32.8
1642839652.33	32800	59.772325	0.0	7845705	172	32.8
1642839654.24	32800	59.772304	0.0	7682661	280	32.8
1642839656.58	32800	59.493906	0.0	8703604	196	32.8
1642839656.59	152400	59.453272	0.0	8703604	196	32.80000000000001
1642839658.35	152400	59.998663	0.0	37213320	1000	152.4
1642839658.36	260000	59.906617	0.0	37213320	1000	152.4
1642839660.95	260000	59.562796	0.0	43226513	794	260.0
1642839663.04	260000	59.963634	0.0	35938085	854	260.0
1642839663.15	260000	59.858777	0.0	631698	8	260.0
