1642403238.33	8200	1.999999	0.353	546328	250	-91.78
1642403238.69	260000	3.644987	0.0	1757078	174	8.199999999999989
1642403238.96	260000	5.374802	0.0	1560847	90	260.0
1642403239.23	260000	7.106166	0.0	1542805	80	260.0
1642403240.14	32800	8.188478	0.0	12166782	607	-194.39999999999998
1642403241.25	32800	9.078955	0.0	15664097	854	32.8
1642403242.37	32800	9.964926	0.0	15560661	884	32.8
1642403244.02	32800	10.309488	0.0	15851372	1417	32.8
1642403246.56	32800	9.891707	0.0	14688721	2300	32.8
1642403247.59	32800	11.319872	0.0	12381646	804	32.8
1642403248.63	32800	12.49683	0.0	10179458	821	32.8
1642403249.41	32800	13.998858	0.0	7987681	574	32.8
1642403250.01	32800	15.705536	0.0	6249975	398	32.8
1642403250.67	32800	17.284671	0.0	6462926	411	32.8
1642403251.29	32800	19.055099	0.0	6930236	421	32.8
1642403254.34	152400	19.319805	0.0	40301174	2446	32.80000000000001
1642403258.1	152400	19.408008	0.0	39676104	3368	152.4
1642403260.5	152400	19.93147	0.0	40793176	2082	152.4
1642403263.36	152400	20.432129	0.0	37608977	2469	152.4
1642403270.05	152400	17.977142	0.0	35738670	6383	152.4
1642403273.7	152400	17.134181	0.0	36020729	3222	152.4
1642403274.92	152400	18.198974	0.0	36493721	842	152.4
1642403275.96	152400	19.309004	0.0	37585290	698	152.4
1642403276.98	152400	20.291154	0.0	34459282	680	152.4
1642403277.93	152400	21.343137	0.0	37576374	599	152.4
1642403280.11	260000	21.792765	0.0	74070687	1512	152.4
1642403281.93	260000	23.134725	0.0	73938718	1333	260.0
1642403283.91	260000	24.376526	0.0	73613985	1344	260.0
1642403285.4	260000	26.113856	0.0	69503182	999	260.0
1642403287.11	260000	27.489339	0.0	72822670	1144	260.0
1642403289.72	260000	28.99873	0.0	70991563	2119	260.0
1642403292.93	260000	29.708791	0.0	66218671	2599	260.0
1642403297.35	260000	30.695262	0.0	71469145	3965	260.0
1642403303.38	260000	30.831754	0.0	64074874	5422	260.0
1642403307.87	260000	31.420255	0.0	65041967	4044	260.0
1642403313.5	260000	31.588201	0.0	65860507	5133	260.0
1642403318.15	260000	31.936097	0.0	60900183	4079	260.0
1642403326.5	260000	30.948644	0.0	65223805	7922	260.0
1642403329.42	260000	31.802476	0.0	61492275	2342	260.0
1642403331.21	260000	33.507438	0.0	57534179	1333	260.0
1642403333.31	260000	34.596453	0.0	64191273	1533	260.0
1642403334.96	260000	35.588399	0.0	57421190	1208	260.0
1642403338.73	260000	36.66233	0.0	60358582	1439	260.0
1642403339.94	260000	38.19504	0.0	60581734	742	260.0
1642403341.39	260000	39.959532	0.0	55686462	884	260.0
1642403343.02	260000	41.677252	0.0	61687104	1179	260.0
1642403344.28	260000	43.390831	0.0	56994559	809	260.0
1642403345.45	260000	45.182961	0.0	55162012	742	260.0
1642403346.76	260000	46.904142	0.0	63612323	901	260.0
1642403347.87	260000	48.631728	0.0	53712380	717	260.0
1642403349.04	260000	50.448	0.0	59826276	716	260.0
1642403350.19	260000	52.15404	0.0	58861434	694	260.0
1642403351.46	260000	53.976093	0.0	53320981	894	260.0
1642403352.99	260000	55.455825	0.0	62494429	862	260.0
1642403354.38	260000	57.314683	0.0	53458888	979	260.0
1642403355.74	260000	59.174615	0.0	53798130	926	260.0
1642403362.11	260000	59.888476	0.0	61358299	1365	260.0
1642403371.63	260000	59.798066	0.0	50406269	1495	260.0
1642403382.38	260000	59.89587	0.0	43226513	1345	260.0
1642403391.49	260000	59.999245	0.0	35938085	1227	260.0
1642403392.54	260000	59.910228	0.0	631698	334	260.0

1642403392.96	8200	1.999999	0.103	385365	6	-26.78
1642403393.07	260000	3.912548	0.0	1757078	3	8.199999999999989
1642403393.17	260000	5.81594	0.0	1560847	2	260.0
1642403393.26	260000	7.725261	0.0	1542805	3	260.0
1642403393.45	32800	9.535518	0.0	12166782	24	-194.39999999999998
1642403396.3	260000	8.685984	0.0	88770741	1721	32.80000000000001
1642403398.0	260000	8.979524	0.0	84756689	1205	260.0
1642403400.47	260000	8.513187	0.0	85798884	1881	260.0
1642403403.38	260000	8.687345	0.0	86059829	2397	260.0
1642403404.88	152400	9.773664	0.0	51846012	1128	44.80000000000001
1642403406.66	152400	11.506668	0.0	57184643	1263	152.4
1642403408.17	152400	13.306934	0.0	48821461	1038	152.4
1642403409.5	152400	15.157908	0.0	44466772	954	152.4
1642403411.9	260000	16.769689	0.0	78844622	1669	152.4
1642403413.93	260000	18.375579	0.0	77654479	1543	260.0
1642403415.91	260000	20.095581	0.0	75220977	1397	260.0
1642403417.81	260000	21.72002	0.0	79740890	1360	260.0
