1641953203.04	8200	1.999999	0.52	546328	414	-135.2
1641953204.46	260000	2.584143	0.0	1757078	1229	8.199999999999989
1641953205.19	260000	3.859969	0.0	1560847	547	260.0
1641953206.23	260000	4.813382	0.0	1542805	876	260.0
1641953208.2	11700	4.84814	0.0	3938957	1758	-236.60000000000002
1641953210.16	8200	4.893641	0.0	3361033	1769	4.699999999999999
1641953213.25	11700	3.910892	0.0	5378836	2884	8.2
1641953215.79	8200	3.373502	0.0	3861716	2352	4.699999999999999
1641953216.7	4900	4.465525	0.0	1894210	728	1.6000000000000005
1641953217.78	4900	5.498444	0.0	1576185	889	4.9
1641953219.64	11700	5.633579	0.0	3375218	1680	4.8999999999999995
1641953220.82	11700	6.453298	0.0	2615238	914	11.7
1641953224.37	32800	4.905272	0.0	6249975	3337	11.699999999999996
1641953227.83	32800	3.448352	0.0	6462926	3262	32.8
1641953234.3	32800	2.325164	2.991	6930236	6283	-744.86
1641953239.37	8200	2.410324	2.974	1890012	2724	-789.64
1641953240.34	4900	3.432941	0.0	1131748	791	1.6000000000000005
1641953242.29	4900	3.49056	0.0	1098030	1772	4.9
1641953244.95	4900	2.828348	0.0	1119258	2485	4.9
1641953245.51	4900	4.264595	0.0	1126165	393	4.9
1641953246.5	4900	5.275324	0.0	1166756	818	4.9
1641953248.62	8200	5.159691	0.0	1657573	1053	4.8999999999999995
1641953249.23	8200	6.543799	0.0	1735653	403	8.2
1641953250.18	11700	7.593702	0.0	2399571	765	8.2
1641953251.24	11700	8.533566	0.0	2518802	881	11.7
1641953252.26	11700	9.512425	0.0	2410904	843	11.7
1641953253.38	32800	10.398721	0.0	7143328	916	11.699999999999996
1641953254.78	32800	10.99967	0.0	7338535	1188	32.8
1641953255.83	32800	11.947272	0.0	6896645	844	32.8
1641953256.85	32800	12.922356	0.0	6714054	831	32.8
1641953257.72	32800	14.060565	0.0	7018701	664	32.8
1641953258.44	32800	15.334694	0.0	6838204	531	32.8
1641953261.0	152400	14.778067	0.0	34031025	2036	32.80000000000001
1641953263.02	152400	14.757627	0.0	30869167	1710	152.4
1641953266.22	152400	13.552561	0.0	31753337	2878	152.4
1641953270.18	152400	11.601433	0.0	34013525	3610	152.4
1641953274.12	152400	9.897478	0.0	30739933	3639	152.4
1641953276.43	152400	10.859016	0.0	34919429	2000	152.4
1641953278.74	152400	11.802111	0.0	34638995	1955	152.4
1641953280.49	152400	13.137021	0.0	30969970	1449	152.4
1641953282.42	152400	14.206037	0.0	35313058	1639	152.4
1641953284.23	152400	15.425644	0.0	32767078	1509	152.4
1641953288.5	260000	15.783932	0.0	60358582	3427	152.4
1641953292.07	260000	16.314071	0.0	60581734	3053	260.0
1641953294.79	260000	17.233135	0.0	55686462	2212	260.0
1641953297.6	260000	17.901222	0.0	61687104	2411	260.0
1641953300.5	260000	18.95046	0.0	56994559	2495	260.0
1641953303.49	260000	19.770728	0.0	55162012	2532	260.0
1641953307.02	260000	20.36272	0.0	63612323	2903	260.0
1641953310.34	260000	21.066847	0.0	53712380	2919	260.0
1641953314.93	260000	21.156001	0.0	59826276	4183	260.0
1641953320.86	260000	20.753049	0.0	58861434	5560	260.0
1641953326.19	260000	21.333881	0.0	53320981	4836	260.0
1641953330.93	260000	22.182056	0.0	62494429	4296	260.0
1641953335.46	260000	23.238932	0.0	53458888	4108	260.0
1641953338.07	152400	24.545783	0.0	34872720	2298	44.80000000000001
1641953341.63	152400	25.525203	0.0	41004729	3191	152.4
1641953345.66	260000	26.335928	0.0	50406269	3582	152.4
1641953349.35	260000	27.38868	0.0	43226513	3391	260.0
1641953352.77	260000	28.528502	0.0	35938085	3136	260.0
1641953352.95	260000	28.495709	0.0	631698	55	260.0

1641953353.09	11700	28.495709	6.485	139786	11	-1686.1
1641953353.15	260000	28.495709	0.0	631698	2	11.699999999999989
1641953353.95	8200	1.999999	-5.915	2049018	428	1294.3000000000002
1641953354.05	260000	3.930236	0.0	1757078	4	8.199999999999989
1641953354.14	260000	5.838262	0.0	1560847	4	260.0
1641953354.23	260000	7.747535	0.0	1542805	4	260.0
1641953355.6	32800	8.38122	0.0	12166782	1096	-194.39999999999998
1641953357.34	32800	8.639029	0.0	15664097	1456	32.8
1641953364.86	152400	3.767426	0.0	68626847	6501	32.80000000000001
1641953366.69	32800	4.55733	0.0	15851372	1567	-86.8
1641953368.11	32800	5.759324	0.0	14688721	1198	32.8
1641953369.67	32800	7.646458	0.0	12381646	1341	32.8
1641953370.94	32800	9.36726	0.0	10179458	1068	32.8
1641953372.02	32800	11.115771	0.0	7987681	863	32.8
1641953372.13	32800	13.115771	0.0	6249975	11	32.8
1641953373.11	32800	14.970662	0.0	6462926	797	32.8
1641953374.16	32800	16.721058	0.0	6930236	854	32.8
1641953377.57	152400	17.860349	0.0	40301174	3050	32.80000000000001
1641953380.16	152400	18.193865	0.0	39676104	2174	152.4
1641953382.71	152400	18.620053	0.0	40793176	2147	152.4
1641953384.94	152400	19.180487	0.0	37608977	1905	152.4
1641953386.91	152400	19.843521	0.0	35738670	1590	152.4
1641953390.87	260000	18.821734	0.0	73704781	3187	152.4
1641953395.09	260000	17.188876	0.0	80783826	3622	260.0
1641953399.5	260000	15.81103	0.0	77638812	3893	260.0
1641953406.07	260000	15.905097	0.0	74749470	6072	260.0
1641953411.21	260000	16.189105	0.0	75910911	4462	260.0
1641953415.1	260000	17.112847	0.0	74070687	3318	260.0
1641953418.55	260000	17.78777	0.0	73938718	2860	260.0
1641953421.9	260000	18.865786	0.0	73613985	2811	260.0
1641953425.04	260000	19.72677	0.0	69503182	2583	260.0
1641953428.06	260000	20.884699	0.0	72822670	2349	260.0
1641953430.83	260000	21.790331	0.0	70991563	2153	260.0
1641953443.39	260000	21.370016	0.0	66218671	11969	260.0
1641953462.9	152400	19.882467	0.0	34031025	16780	44.80000000000001
1641953467.06	32800	21.192936	0.0	6926196	3863	-86.8
1641953476.62	32800	21.248366	0.0	7072104	9366	32.8
1641953478.34	8200	22.895706	0.0	1812602	1397	-16.400000000000002
1641953482.81	8200	24.063859	0.0	1754228	4290	8.2
1641953483.38	4900	25.90739	0.0	1110252	387	1.6000000000000005
1641953484.29	4900	27.747581	0.0	1062576	737	4.9
1641953486.2	4900	29.332435	0.0	1044296	1735	4.9
1641953486.76	4900	31.195964	0.0	1109675	384	4.9
1641953487.18	4900	33.061467	0.0	1065448	247	4.9
1641953489.91	32800	34.520604	0.0	7481760	2518	4.899999999999999
1641953491.35	32800	36.137293	0.0	7871221	1242	32.8
1641953492.71	32800	37.776464	0.0	7236548	1176	32.8
1641953493.81	32800	39.620742	0.0	7418057	902	32.8
1641953494.94	32800	41.486481	0.0	7580084	923	32.8
1641953497.79	152400	42.92811	0.0	32694645	2503	32.80000000000001
1641953500.27	152400	44.399812	0.0	39805936	2070	152.4
