1642839232.93	8200	1.999999	0.356	546328	255	-92.56
1642839233.21	11700	3.725501	0.0	1102047	164	8.2
1642839233.55	32800	5.394013	0.0	1560846	218	11.699999999999996
1642839234.42	32800	6.518736	0.0	1542804	767	32.8
1642839245.41	32800	49.531638	0.0	2417206	281	32.8
1642839245.42	32800	49.522176	0.0	2417206	281	32.8
1642839246.26	32800	50.68429	0.0	6838204	712	32.8
1642839246.94	32800	52.001107	0.0	6922846	558	32.8
1642839247.47	32800	53.47301	0.0	6926196	403	32.8
1642839247.97	32800	55.052781	0.0	7072104	375	32.8
1642839248.47	32800	56.593994	0.0	7515735	375	32.8
1642839248.95	32800	58.117579	0.0	7011028	351	32.8
1642839249.45	32800	59.616001	0.0	7307337	364	32.8
1642839251.48	32800	59.810188	0.0	7344127	400	32.8
1642839253.59	32800	59.925341	0.0	7064203	481	32.8
1642839267.37	32800	59.925404	0.0	2718244	105	32.8
1642839267.38	32800	59.889559	0.0	2718244	105	32.8
1642839269.78	32800	59.675323	0.0	7306910	275	32.8
1642839271.48	152400	59.797024	0.0	39805936	1221	32.80000000000001
1642839273.59	152400	59.925324	0.0	33801477	817	152.4
1642839275.72	152400	59.675318	0.0	36845834	764	152.4
1642839277.35	260000	59.921916	0.0	58861434	1070	152.4
1642839279.68	260000	59.595273	0.0	53320981	1865	260.0
1642839282.52	260000	58.751277	0.0	62494429	2427	260.0
1642839284.9	260000	58.377681	0.0	53458888	2019	260.0
