1642388064.56	8200	1.999999	0.348	546328	249	-90.48
1642388064.84	260000	3.726673	0.0	1757078	98	8.199999999999989
1642388065.04	260000	5.530582	0.0	1560847	16	260.0
1642388065.24	260000	7.330283	0.0	1542805	21	260.0
1642388065.83	32800	8.742523	0.0	12166782	311	-194.39999999999998
1642388066.46	32800	10.111296	0.0	15664097	367	32.8
1642388068.97	260000	9.604347	0.0	84756689	1228	32.80000000000001
1642388073.0	260000	7.797164	0.0	85798884	3221	260.0
1642388076.54	260000	7.69077	0.0	86059829	2940	260.0
1642388087.52	260000	6.761598	0.0	83431241	10136	260.0
1642388091.74	152400	8.014721	0.0	57184643	3604	44.80000000000001
1642388100.96	152400	8.410243	0.0	48821461	8789	152.4
1642388106.88	152400	9.450298	0.0	44466772	5419	152.4
1642388109.36	152400	11.080588	0.0	45810515	2052	152.4
1642388111.61	152400	12.672391	0.0	42807747	1894	152.4
1642388114.77	152400	14.193201	0.0	40301174	2698	152.4
1642388120.5	152400	15.227492	0.0	39676104	5373	152.4
1642388126.36	152400	16.153673	0.0	40793176	5391	152.4
1642388129.85	152400	17.170868	0.0	37608977	3140	152.4
1642388133.43	152400	18.319246	0.0	35738670	3215	152.4
1642388136.53	152400	19.688368	0.0	36020729	2746	152.4
1642388145.34	152400	18.877891	0.0	36493721	8364	152.4
1642388150.59	152400	19.377153	0.0	37585290	4806	152.4
1642388153.89	152400	20.34175	0.0	34459282	2961	152.4
1642388156.47	152400	21.514694	0.0	37576374	2233	152.4
1642388158.21	152400	23.067293	0.0	34095545	1404	152.4
1642388160.2	152400	24.339392	0.0	34314045	1643	152.4
1642388165.25	260000	24.790223	0.0	73613985	4402	152.4
1642388170.55	260000	24.98289	0.0	69503182	4567	260.0
1642388191.05	260000	20.256342	0.0	72822670	19847	260.0
1642388201.51	260000	18.556204	0.0	70991563	9665	260.0
1642388206.37	260000	19.036418	0.0	66218671	4296	260.0
1642388210.5	260000	19.653725	0.0	71469145	3581	260.0
1642388213.5	260000	20.580211	0.0	64074874	2477	260.0
1642388216.57	260000	21.650478	0.0	65041967	2344	260.0
1642388219.84	260000	22.286342	0.0	65860507	2635	260.0
1642388224.27	260000	22.725384	0.0	60900183	3942	260.0
1642388229.49	260000	22.81547	0.0	65223805	4685	260.0
1642388235.25	260000	23.353868	0.0	61492275	5198	260.0
1642388239.79	260000	24.28474	0.0	57534179	3898	260.0
1642388242.64	260000	25.762305	0.0	64191273	2298	260.0
