1642908657.06	8200	1.999999	0.352	546328	247	-91.52
1642908657.26	11700	3.811076	0.0	1102047	90	8.2
1642908657.37	11700	5.696225	0.0	1111083	13	11.7
1642908657.48	11700	7.586347	0.0	1066380	11	11.7
1642908657.7	11700	9.368204	0.0	3938957	89	11.7
1642908658.27	32800	10.80315	0.0	15664097	320	11.699999999999996
1642908661.24	260000	9.83423	0.0	84756689	1704	32.80000000000001
1642908663.75	260000	9.324235	0.0	85798884	1968	260.0
1642908666.35	260000	8.719365	0.0	86059829	1869	260.0
1642908668.85	260000	8.803659	0.0	83431241	1781	260.0
1642908671.09	260000	9.781086	0.0	82198417	1714	260.0
1642908673.14	260000	11.590136	0.0	79299299	1633	260.0
1642908675.37	260000	13.061188	0.0	75092129	1514	260.0
1642908677.43	260000	14.757018	0.0	78844622	1500	260.0
1642908679.4	260000	16.392513	0.0	77654479	1479	260.0
1642908688.71	260000	16.808881	0.0	75220977	8624	260.0
1642908689.94	32800	18.503837	0.0	6963959	1008	-194.39999999999998
1642908690.71	32800	20.503837	0.0	7320305	640	32.8
1642908691.71	32800	22.166785	0.0	7420242	864	32.8
1642908692.89	32800	24.152382	0.0	7455282	1044	32.8
1642908694.08	32800	26.002612	0.0	7960895	1061	32.8
1642908694.95	32800	27.742382	0.0	6396912	745	32.8
1642908695.98	32800	29.742382	0.0	7253832	904	32.8
1642908697.24	32800	31.322217	0.0	7034316	1122	32.8
1642908698.37	32800	33.322217	0.0	7133512	1000	32.8
1642908699.48	32800	35.089956	0.0	7041401	985	32.8
1642908700.61	32800	36.93798	0.0	7143328	1000	32.8
1642908701.76	32800	38.584137	0.0	7338535	1027	32.8
1642908702.69	32800	40.44785	0.0	6896645	804	32.8
1642908703.76	32800	42.284323	0.0	6714054	940	32.8
1642908705.11	32800	43.956916	0.0	7018701	1228	32.8
1642908706.43	32800	45.819341	0.0	6838204	1197	32.8
1642908707.77	32800	47.589095	0.0	6922846	1212	32.8
1642908709.21	32800	49.274007	0.0	6926196	1312	32.8
1642908711.08	32800	50.920962	0.0	7072104	1742	32.8
1642908715.34	32800	52.219016	0.0	7515735	4132	32.8
1642908716.34	11700	54.061016	0.0	2518225	879	-9.400000000000002
1642908717.89	11700	55.894689	0.0	2654985	1429	11.7
1642908718.84	11700	57.730197	0.0	2594029	848	11.7
1642908719.39	11700	59.573236	0.0	2522793	441	11.7
1642908728.52	11700	59.794974	0.0	2591593	510	11.7
1642908738.94	11700	59.904724	0.0	2642305	726	11.7
1642908750.24	11700	59.881972	0.0	2719235	597	11.7
1642908761.44	11700	59.906338	0.0	2765120	509	11.7
1642908772.34	32800	59.878525	0.0	7236548	669	11.699999999999996
1642908783.24	32800	59.864858	0.0	7418057	671	32.8
1642908785.63	32800	59.739921	0.0	7580084	675	32.8
1642908787.94	32800	59.825282	0.0	7306910	183	32.8
1642908790.27	32800	59.468725	0.0	7790808	194	32.8
1642908792.08	32800	59.833713	0.0	7160738	186	32.8
1642908794.39	32800	59.846937	0.0	7565820	176	32.8
1642908796.71	32800	59.597045	0.0	8064139	181	32.8
1642908798.73	260000	59.855296	0.0	53320981	1109	32.80000000000001
1642908801.56	260000	59.879486	0.0	62494429	1264	260.0
1642908804.36	260000	59.750768	0.0	53458888	940	260.0
1642908806.3	260000	59.988919	0.0	53798130	844	260.0
1642908808.76	260000	59.601919	0.0	61358299	1103	260.0
1642908810.8	260000	59.888179	0.0	50406269	1243	260.0
1642908813.21	260000	59.829483	0.0	43226513	1045	260.0
1642908815.39	260000	59.792039	0.0	35938085	858	260.0
1642908815.49	260000	59.61764	0.0	631698	6	260.0

1642908816.0	8200	1.999999	0.199	2049018	85	-51.74000000000001
1642908816.12	260000	3.91294	0.0	1757078	14	8.199999999999989
1642908816.24	32800	5.791832	0.0	1560846	14	-194.39999999999998
1642908816.36	32800	7.67551	0.0	1542804	12	32.8
1642908816.82	32800	9.213008	0.0	12166782	268	32.8
1642908820.13	260000	7.906413	0.0	88770741	2195	32.80000000000001
1642908822.94	260000	7.09105	0.0	84756689	2033	260.0
1642908825.91	260000	6.509004	0.0	85798884	2192	260.0
1642908828.58	260000	7.59432	0.0	86059829	2113	260.0
1642908831.26	260000	9.238972	0.0	83431241	1956	260.0
1642908833.79	260000	10.76632	0.0	82198417	1781	260.0
1642908835.89	260000	12.383751	0.0	79299299	1545	260.0
1642908837.74	260000	14.009501	0.0	75092129	1317	260.0
1642908839.67	260000	15.708013	0.0	78844622	1225	260.0
1642908841.64	260000	17.305386	0.0	77654479	1312	260.0
1642908843.19	260000	18.992614	0.0	75220977	1132	260.0
1642908844.86	260000	20.609587	0.0	79740890	1121	260.0
1642908846.5	260000	22.381648	0.0	78574581	1013	260.0
1642908848.3	260000	24.017256	0.0	78901633	1360	260.0
1642908850.28	260000	25.716869	0.0	79414941	1529	260.0
1642908852.59	260000	27.306973	0.0	73704781	1780	260.0
1642908855.12	260000	28.778053	0.0	80783826	1825	260.0
