1642387873.4	8200	1.999999	0.514	546328	412	-133.64
1642387874.37	260000	3.042181	0.0	1757078	775	8.199999999999989
1642387875.26	260000	4.146821	0.0	1560847	722	260.0
1642387876.22	260000	5.193209	0.0	1542805	777	260.0
1642387878.68	11700	4.727512	0.0	3938957	2253	-236.60000000000002
1642387881.05	11700	4.356262	0.0	4536725	2176	11.7
1642387884.03	11700	3.514482	0.0	5378836	2768	11.7
1642387886.72	11700	2.84889	0.0	4892753	2424	11.7
1642387887.57	4900	3.998569	0.0	1894210	664	-1.8999999999999995
1642387888.7	4900	4.873445	0.0	1576185	944	4.9
1642387889.63	8200	5.942034	0.0	2063908	733	4.8999999999999995
1642387890.39	8200	7.183907	0.0	1614484	564	8.2
1642387893.96	32800	5.606615	0.0	6249975	3368	8.199999999999996
1642387897.43	32800	4.138258	0.0	6462926	3264	32.8
1642387898.56	8200	5.246526	0.0	1775648	943	-16.400000000000002
1642387901.59	11700	4.513033	0.0	2629283	2841	8.2
1642387905.11	8200	2.994991	0.0	1883924	3320	4.699999999999999
1642387906.59	8200	3.51066	0.0	1840696	1288	8.2
1642387909.09	8200	3.017087	0.0	1872134	2310	8.2
1642387911.62	8200	2.484292	0.0	1934696	2353	8.2
1642387914.53	8200	2.266577	0.693	1917979	2727	-171.98000000000002
1642387915.37	4900	3.527362	0.0	988609	574	1.6000000000000005
1642387917.26	4900	3.641956	0.0	1009447	1706	4.9
1642387917.98	4900	4.914466	0.0	1002081	553	4.9
1642387918.59	8200	6.309362	0.0	1790499	417	4.8999999999999995
1642387919.54	11700	7.352859	0.0	2410904	772	8.2
1642387920.58	11700	8.317679	0.0	2442104	856	11.7
1642387921.62	11700	9.277438	0.0	2472140	864	11.7
1642387922.7	32800	10.197491	0.0	6896645	879	11.699999999999996
1642387924.02	32800	10.875877	0.0	6714054	1116	32.8
1642387925.12	32800	11.779107	0.0	7018701	849	32.8
1642387925.65	11700	13.247248	0.0	2399895	343	-9.400000000000002
1642387926.1	11700	14.798312	0.0	2448718	267	11.7
1642387926.99	32800	15.911818	0.0	6926196	677	11.699999999999996
1642387929.71	152400	15.192318	0.0	31753337	2169	32.80000000000001
1642387931.8	152400	15.094616	0.0	34013525	1754	152.4
1642387934.72	152400	14.332012	0.0	30739933	2583	152.4
1642387938.68	152400	12.492889	0.0	34919429	3570	152.4
1642387943.28	152400	10.019641	0.0	34638995	4245	152.4
1642387945.39	152400	11.039608	0.0	30969970	1800	152.4
1642387947.8	152400	12.215359	0.0	35313058	2068	152.4
1642387949.81	152400	13.532985	0.0	32767078	1584	152.4
1642387951.75	152400	14.830167	0.0	34143965	1605	152.4
1642387953.73	152400	16.132019	0.0	35599566	1639	152.4
1642387957.52	260000	16.977066	0.0	55686462	3166	152.4
1642387961.5	260000	17.579804	0.0	61687104	3179	260.0
1642387964.22	260000	18.469755	0.0	56994559	2243	260.0
1642387966.88	260000	19.35923	0.0	55162012	2218	260.0
1642387970.27	260000	20.261316	0.0	63612323	2790	260.0
1642387973.26	260000	20.877811	0.0	53712380	2443	260.0
1642387976.46	260000	21.789305	0.0	59826276	2726	260.0
1642387980.2	260000	22.530839	0.0	58861434	3282	260.0
1642387984.45	260000	22.998661	0.0	53320981	3825	260.0
1642387991.05	260000	22.44616	0.0	62494429	6101	260.0
1642387996.18	260000	22.622435	0.0	53458888	4573	260.0
1642388000.3	260000	23.379971	0.0	53798130	3667	260.0
1642388005.44	260000	24.099972	0.0	61358299	4653	260.0
1642388009.65	260000	25.089951	0.0	50406269	3768	260.0
1642388013.31	260000	26.361185	0.0	43226513	3306	260.0
1642388016.15	260000	27.918302	0.0	35938085	2470	260.0
1642388016.32	260000	27.841224	0.0	631698	48	260.0

1642388016.44	11700	27.820448	1.207	139786	9	-313.82
1642388016.5	260000	27.820448	0.0	631698	2	11.699999999999989
1642388017.26	8200	1.999999	-0.667	2049018	427	-70.18000000000004
1642388017.36	260000	3.925473	0.0	1757078	3	8.199999999999989
1642388017.46	260000	5.828861	0.0	1560847	4	260.0
1642388017.56	260000	7.725187	0.0	1542805	4	260.0
1642388024.71	152400	2.575352	0.0	68504102	5998	44.80000000000001
1642388026.39	32800	3.693998	0.0	15664097	1421	-86.8
1642388033.56	152400	4.314443	0.0	68626847	6450	32.80000000000001
1642388034.18	8200	6.205584	0.0	3861716	406	-136.0
1642388034.28	4900	8.205584	0.0	1894210	5	1.6000000000000005
1642388035.75	32800	10.046992	0.0	12381646	1238	4.899999999999999
1642388041.96	152400	9.359055	0.0	57184643	5582	32.80000000000001
1642388046.91	152400	10.308812	0.0	48821461	4462	152.4
1642388049.91	152400	9.948531	0.0	44466772	2453	152.4
