1642462837.2	8200	1.999999	0.361	546328	256	-93.86
1642462837.69	260000	3.511328	0.0	1757078	307	8.199999999999989
1642462838.22	260000	4.987865	0.0	1560847	347	260.0
1642462838.77	260000	6.435074	0.0	1542805	358	260.0
1642462844.28	32800	2.927499	0.0	12166782	5242	-194.39999999999998
1642462845.4	11700	3.807197	0.0	4536725	837	-9.400000000000002
1642462846.07	11700	5.360411	0.0	5378836	478	11.7
1642462846.6	11700	6.921765	0.0	4892753	340	11.7
1642462848.53	32800	7.089006	0.0	14688721	1698	11.699999999999996
1642462849.16	11700	8.459767	0.0	4371099	436	-9.400000000000002
1642462850.39	32800	9.302727	0.0	10179458	1019	11.699999999999996
1642462851.22	32800	10.470886	0.0	7987681	635	32.8
1642462854.35	152400	9.729736	0.0	44466772	2620	32.80000000000001
1642462858.7	152400	8.682971	0.0	45810515	3826	152.4
1642462862.2	152400	7.913022	0.0	42807747	3017	152.4
1642462866.11	152400	7.614867	0.0	40301174	3573	152.4
1642462868.56	152400	8.861226	0.0	39676104	2087	152.4
1642462872.7	152400	9.66211	0.0	40793176	3792	152.4
1642462877.33	152400	10.250923	0.0	37608977	4292	152.4
1642462880.59	152400	11.385214	0.0	35738670	2869	152.4
1642462885.55	152400	11.690788	0.0	36020729	4616	152.4
1642462886.52	32800	13.363532	0.0	6396912	776	-86.8
1642462887.31	32800	14.977745	0.0	7253832	593	32.8
1642462887.98	32800	16.778373	0.0	7034316	476	32.8
1642462890.36	152400	18.016236	0.0	37576374	2048	32.80000000000001
1642462893.61	152400	19.059755	0.0	34095545	2856	152.4
1642462894.59	152400	20.996036	0.0	34314045	644	152.4
1642462897.23	260000	21.844937	0.0	73613985	1864	152.4
1642462902.85	260000	22.196212	0.0	69503182	3601	260.0
1642462907.08	260000	22.754576	0.0	72822670	3623	260.0
1642462911.33	260000	23.429888	0.0	70991563	3575	260.0
1642462913.89	260000	24.450789	0.0	66218671	2101	260.0
1642462915.0	260000	25.881208	0.0	71469145	583	260.0
1642462916.12	260000	27.633786	0.0	64074874	558	260.0
1642462917.1	260000	29.191019	0.0	65041967	507	260.0
1642462918.37	260000	30.658736	0.0	65860507	779	260.0
1642462919.62	260000	32.165578	0.0	60900183	672	260.0
1642462920.93	260000	33.483396	0.0	65223805	850	260.0
1642462922.31	260000	34.108023	0.0	61492275	777	260.0
1642462923.48	260000	35.107142	0.0	57534179	688	260.0
1642462924.96	260000	35.667374	0.0	64191273	971	260.0
1642462926.52	260000	36.118524	0.0	57421190	1132	260.0
1642462928.63	260000	37.479914	0.0	60358582	1537	260.0
1642462930.52	260000	38.678885	0.0	60581734	1423	260.0
1642462932.37	260000	40.005437	0.0	55686462	1411	260.0
1642462934.33	260000	41.257779	0.0	61687104	1512	260.0
1642462936.17	260000	42.457616	0.0	56994559	1388	260.0
1642462937.94	260000	43.773301	0.0	55162012	1320	260.0
1642462940.78	260000	44.832547	0.0	63612323	2238	260.0
1642462944.72	260000	45.763311	0.0	53712380	3424	260.0
1642462947.5	260000	47.081598	0.0	59826276	2286	260.0
1642462950.03	260000	48.657955	0.0	58861434	2070	260.0
1642462952.33	260000	50.123325	0.0	53320981	1876	260.0
1642462955.29	260000	51.480417	0.0	62494429	2355	260.0
1642462957.98	260000	53.077594	0.0	53458888	2229	260.0
1642462961.48	260000	54.398988	0.0	53798130	3001	260.0
1642462964.58	260000	55.765994	0.0	61358299	2629	260.0
1642462970.16	260000	56.742686	0.0	50406269	5211	260.0
1642462971.9	260000	58.362585	0.0	43226513	1288	260.0
1642462974.24	260000	59.902318	0.0	35938085	529	260.0
1642462974.37	260000	59.935652	0.0	631698	9	260.0

1642462974.49	11700	59.902791	0.361	139786	2	-93.86
1642462974.55	260000	59.839229	0.0	631698	2	11.699999999999989
1642462975.26	8200	1.999999	0.099	2049018	346	-269.34000000000003
1642462975.37	260000	3.929128	0.0	1757078	5	8.199999999999989
1642462975.5	260000	5.793019	0.0	1560847	8	260.0
1642462975.6	260000	7.69611	0.0	1542805	5	260.0
1642462977.8	260000	7.500848	0.0	83554460	1260	260.0
1642462978.22	32800	9.075777	0.0	15664097	182	-194.39999999999998
1642462979.7	260000	9.603094	0.0	84756689	794	32.80000000000001
1642462981.52	260000	9.777007	0.0	85798884	1237	260.0
1642462983.7	260000	9.90778	0.0	86059829	1602	260.0
1642462985.82	260000	11.432633	0.0	83431241	1437	260.0
1642462987.82	260000	12.976709	0.0	82198417	1280	260.0
1642462989.87	260000	14.730474	0.0	79299299	1591	260.0
1642462991.86	260000	16.357954	0.0	75092129	1464	260.0
1642462997.43	260000	15.817956	0.0	78844622	5060	260.0
1642463002.8	260000	17.067618	0.0	77654479	4898	260.0
1642463004.6	260000	18.753532	0.0	75220977	1216	260.0
1642463007.62	260000	20.219574	0.0	79740890	2495	260.0
1642463013.53	260000	21.17169	0.0	78574581	5417	260.0
1642463019.17	260000	22.284612	0.0	78901633	5062	260.0
1642463023.78	260000	23.783089	0.0	79414941	3881	260.0
1642463029.31	260000	25.050101	0.0	73704781	5013	260.0
1642463035.31	260000	26.061842	0.0	80783826	5480	260.0
1642463043.82	260000	26.641809	0.0	77638812	7815	260.0
1642463047.83	260000	28.000818	0.0	74749470	3465	260.0
1642463054.91	260000	28.814785	0.0	75910911	6609	260.0
1642463063.31	260000	29.393004	0.0	74070687	7912	260.0
1642463070.89	260000	29.773159	0.0	73938718	7057	260.0
1642463086.39	260000	29.377198	0.0	73613985	14970	260.0
1642463091.89	260000	30.508536	0.0	69503182	5000	260.0
1642463098.94	260000	31.459145	0.0	72822670	6521	260.0
1642463104.93	260000	32.414333	0.0	70991563	5464	260.0
1642463111.03	260000	33.320539	0.0	66218671	5464	260.0
1642463118.23	260000	33.733502	0.0	71469145	6697	260.0
1642463126.14	260000	34.620242	0.0	64074874	7389	260.0
1642463131.29	260000	35.71615	0.0	65041967	4609	260.0
1642463133.13	260000	37.418464	0.0	65860507	1354	260.0
