1642465108.62	8200	1.999999	0.363	546328	258	-94.38
1642465109.11	260000	3.515041	0.0	1757078	306	8.199999999999989
1642465109.52	260000	5.10528	0.0	1560847	228	260.0
1642465109.91	260000	6.716234	0.0	1542805	215	260.0
1642465111.75	32800	6.877137	0.0	12166782	1571	-194.39999999999998
1642465114.27	32800	6.35104	0.0	15664097	2273	32.8
1642465116.31	32800	6.312119	0.0	15560661	1807	32.8
1642465117.08	11700	7.682683	0.0	4892753	569	-9.400000000000002
1642465119.15	32800	8.022319	0.0	14688721	1843	11.699999999999996
1642465119.78	11700	9.639954	0.0	4371099	436	-9.400000000000002
1642465121.12	32800	10.912155	0.0	10179458	1127	11.699999999999996
1642465122.02	32800	12.257867	0.0	7987681	706	32.8
1642465126.77	152400	11.396602	0.0	44466772	4267	32.80000000000001
1642465131.5	152400	10.035148	0.0	45810515	4273	152.4
1642465135.54	152400	8.366378	0.0	42807747	3625	152.4
1642465138.85	152400	8.20103	0.0	40301174	2949	152.4
1642465141.72	152400	9.269822	0.0	39676104	2525	152.4
1642465144.97	152400	10.172098	0.0	40793176	2856	152.4
1642465148.34	152400	11.38597	0.0	37608977	3017	152.4
1642465151.13	152400	12.640984	0.0	35738670	2407	152.4
1642465153.71	152400	13.940019	0.0	36020729	2224	152.4
1642465156.77	152400	14.998357	0.0	36493721	2696	152.4
1642465159.76	152400	16.09169	0.0	37585290	2665	152.4
1642465162.6	152400	17.287242	0.0	34459282	2493	152.4
1642465168.46	260000	17.551134	0.0	75910911	5194	152.4
1642465176.39	260000	17.206172	0.0	74070687	7336	260.0
1642465183.82	260000	16.782787	0.0	73938718	6900	260.0
1642465189.52	260000	16.997998	0.0	73613985	5099	260.0
1642465196.87	260000	16.207307	0.0	69503182	6576	260.0
1642465203.18	260000	16.164837	0.0	72822670	5834	260.0
1642465205.01	260000	17.641441	0.0	70991563	1290	260.0
1642465206.6	260000	18.994459	0.0	66218671	990	260.0
1642465208.27	260000	20.426646	0.0	71469145	1144	260.0
1642465209.86	260000	21.798908	0.0	64074874	1127	260.0
1642465211.32	260000	23.35031	0.0	65041967	1044	260.0
1642465213.12	260000	24.597576	0.0	65860507	1346	260.0
1642465215.2	260000	25.988766	0.0	60900183	1653	260.0
1642465216.98	260000	27.595531	0.0	65223805	1257	260.0
1642465218.54	260000	29.456537	0.0	61492275	1169	260.0
1642465220.13	260000	31.140856	0.0	57534179	1089	260.0
1642465222.43	260000	32.687553	0.0	64191273	1824	260.0
1642465224.19	260000	34.346396	0.0	57421190	1193	260.0
1642465229.76	260000	35.199284	0.0	60358582	5075	260.0
1642465231.21	260000	36.981726	0.0	60581734	1037	260.0
1642465232.85	260000	38.572738	0.0	55686462	1168	260.0
1642465234.57	260000	40.348477	0.0	61687104	1207	260.0
1642465236.02	260000	42.009108	0.0	56994559	927	260.0
1642465237.3	260000	43.744941	0.0	55162012	819	260.0
1642465238.78	260000	45.459131	0.0	63612323	1028	260.0
1642465240.3	260000	47.179375	0.0	53712380	1095	260.0
1642465241.72	260000	48.916443	0.0	59826276	940	260.0
1642465242.99	260000	50.547266	0.0	58861434	835	260.0
1642465244.08	260000	52.401198	0.0	53320981	683	260.0
1642465245.6	260000	54.112371	0.0	62494429	1035	260.0
1642465247.29	260000	55.801273	0.0	53458888	1272	260.0
1642465249.12	260000	57.440021	0.0	53798130	1406	260.0
1642465251.13	260000	58.922963	0.0	61358299	1540	260.0
1642465257.3	260000	59.892129	0.0	50406269	1244	260.0
1642465267.12	260000	59.918209	0.0	43226513	1357	260.0
1642465276.23	260000	59.83709	0.0	35938085	1224	260.0
1642465276.77	260000	59.870424	0.0	631698	334	260.0

1642465276.88	11700	59.870424	0.363	139786	2	-94.38
1642465276.93	260000	59.870424	0.0	631698	2	11.699999999999989
1642465277.68	8200	1.999999	0.102	2049018	345	-270.12
1642465277.78	260000	3.935295	0.0	1757078	5	8.199999999999989
1642465277.88	260000	5.837551	0.0	1560847	5	260.0
1642465278.02	260000	7.693816	0.0	1542805	4	260.0
1642465280.25	260000	7.46321	0.0	83554460	1429	260.0
1642465282.05	260000	7.664241	0.0	88770741	1065	260.0
1642465283.88	260000	7.8316	0.0	84756689	1244	260.0
1642465286.14	260000	7.89908	0.0	85798884	1563	260.0
1642465288.7	260000	9.298665	0.0	86059829	1851	260.0
1642465290.9	260000	10.880491	0.0	83431241	1676	260.0
1642465293.22	260000	12.567829	0.0	82198417	1772	260.0
1642465295.51	260000	14.07969	0.0	79299299	1684	260.0
1642465297.74	260000	15.842048	0.0	75092129	1750	260.0
1642465300.15	260000	17.449666	0.0	78844622	1752	260.0
1642465302.31	260000	19.057042	0.0	77654479	1695	260.0
1642465304.74	260000	20.358894	0.0	75220977	1790	260.0
1642465307.13	260000	22.079058	0.0	79740890	1691	260.0
1642465309.81	260000	23.861752	0.0	78574581	1974	260.0
1642465312.34	260000	25.319618	0.0	78901633	2036	260.0
1642465315.45	260000	26.779504	0.0	79414941	2361	260.0
1642465318.14	260000	28.22295	0.0	73704781	2206	260.0
1642465321.33	260000	29.858149	0.0	80783826	2582	260.0
1642465324.22	260000	31.34978	0.0	77638812	2277	260.0
1642465326.8	260000	33.028034	0.0	74749470	2027	260.0
1642465329.34	260000	34.561991	0.0	75910911	1946	260.0
1642465331.4	260000	36.092756	0.0	74070687	1590	260.0
1642465333.19	260000	37.858567	0.0	73938718	1349	260.0
1642465339.51	260000	38.843859	0.0	73613985	5744	260.0
1642465351.05	260000	38.784528	0.0	69503182	10897	260.0
1642465360.28	260000	39.323979	0.0	72822670	8536	260.0
1642465367.54	260000	40.113002	0.0	70991563	6681	260.0
1642465373.91	260000	41.099412	0.0	66218671	5872	260.0
1642465379.23	260000	42.185256	0.0	71469145	4830	260.0
1642465384.32	260000	43.313441	0.0	64074874	4596	260.0
1642465389.28	260000	44.388403	0.0	65041967	4489	260.0
1642465394.2	260000	45.605958	0.0	65860507	4438	260.0
1642465398.83	260000	46.671417	0.0	60900183	4169	260.0
1642465403.86	260000	47.732686	0.0	65223805	4503	260.0
