1642402244.2	8200	1.999999	0.354	546328	249	-92.04
1642402244.48	260000	3.730903	0.0	1757078	97	8.199999999999989
1642402244.7	260000	5.506395	0.0	1560847	17	260.0
1642402244.91	260000	7.302917	0.0	1542805	28	260.0
1642402245.45	32800	8.755589	0.0	12166782	275	-194.39999999999998
1642402246.04	32800	10.163569	0.0	15664097	340	32.8
1642402247.82	152400	10.383077	0.0	68626847	929	32.80000000000001
1642402250.2	152400	10.007543	0.0	72320713	1676	152.4
1642402253.31	152400	9.426495	0.0	70827999	2484	152.4
1642402255.5	152400	9.920117	0.0	51846012	1806	152.4
1642402260.2	152400	9.744266	0.0	57184643	4204	152.4
1642402267.81	152400	10.118554	0.0	48821461	7230	152.4
1642402270.76	152400	11.558178	0.0	44466772	1555	152.4
1642402276.67	152400	12.42241	0.0	45810515	5452	152.4
1642402278.35	32800	14.103184	0.0	6930236	1123	-86.8
1642402279.34	32800	15.910533	0.0	7176786	785	32.8
1642402280.23	32800	17.755325	0.0	6963959	696	32.8
1642402281.18	32800	19.618738	0.0	7320305	754	32.8
1642402282.36	32800	21.383183	0.0	7420242	975	32.8
1642402283.7	32800	23.20314	0.0	7455282	1140	32.8
1642402287.08	152400	24.365411	0.0	36020729	3022	32.80000000000001
1642402289.01	152400	26.161241	0.0	36493721	1591	152.4
1642402291.07	152400	27.809201	0.0	37585290	1646	152.4
1642402293.34	152400	29.216259	0.0	34459282	1943	152.4
1642402298.6	152400	29.734007	0.0	37576374	4887	152.4
1642402302.33	152400	30.993512	0.0	34095545	3361	152.4
1642402307.41	152400	31.933295	0.0	34314045	4757	152.4
1642402309.82	152400	33.266299	0.0	34563011	2103	152.4
1642402313.24	152400	34.189813	0.0	31292175	3019	152.4
1642402315.99	152400	35.500797	0.0	32834126	2436	152.4
1642402323.79	152400	35.502016	0.0	33877878	7430	152.4
1642402329.11	152400	35.741126	0.0	31988631	4905	152.4
1642402332.52	152400	34.596217	0.0	34031025	3071	152.4
1642402335.04	152400	34.617066	0.0	30869167	2233	152.4
1642402336.85	152400	35.04635	0.0	31753337	1494	152.4
1642402338.65	152400	35.730876	0.0	34013525	1427	152.4
1642402340.72	152400	36.021328	0.0	30739933	1746	152.4
1642402345.02	260000	35.414901	0.0	65223805	3799	152.4
1642402349.46	260000	35.791533	0.0	61492275	4007	260.0
1642402362.12	260000	33.916764	0.0	57534179	12163	260.0
1642402371.87	152400	32.426439	0.0	35313058	9283	44.80000000000001
1642402377.06	152400	32.594057	0.0	32767078	4795	152.4
1642402381.33	152400	33.018748	0.0	34143965	3932	152.4
1642402382.19	32800	34.726524	0.0	7871221	631	-86.8
1642402382.84	32800	36.503942	0.0	7236548	461	32.8
1642402383.56	32800	38.288269	0.0	7418057	518	32.8
1642402384.25	32800	40.08834	0.0	7580084	488	32.8
1642402387.82	260000	40.707578	0.0	55162012	3136	32.80000000000001
1642402391.12	260000	41.438558	0.0	63612323	2801	260.0
1642402393.55	260000	42.475583	0.0	53712380	2002	260.0
1642402396.18	260000	43.434097	0.0	59826276	2152	260.0
1642402400.36	260000	43.775518	0.0	58861434	3765	260.0
1642402404.61	260000	44.202325	0.0	53320981	3813	260.0
1642402409.61	260000	44.216388	0.0	62494429	4524	260.0
1642402414.49	260000	44.32844	0.0	53458888	4471	260.0
1642402418.62	260000	44.601582	0.0	53798130	3593	260.0
1642402419.82	260000	46.025868	0.0	61358299	695	260.0
1642402421.94	260000	47.163559	0.0	50406269	1732	260.0
