1643767198.91	8200	1.999999	0.354	546328	250	-92.04
1643767199.15	11700	3.766502	0.0	1102047	119	8.2
1643767199.34	11700	5.577609	0.0	1111083	85	11.7
1643767199.53	11700	7.393277	0.0	1066380	82	11.7
1643767199.93	11700	8.987566	0.0	3938957	282	11.7
1643767201.19	32800	9.727113	0.0	15664097	1054	11.699999999999996
1643767202.49	32800	10.429917	0.0	15560661	1123	32.8
1643767203.92	32800	11.001299	0.0	15851372	1250	32.8
1643767206.61	32800	10.315273	0.0	14688721	2513	32.8
1643767207.61	32800	11.305841	0.0	12381646	868	32.8
1643767208.64	32800	12.276913	0.0	10179458	891	32.8
1643767209.33	32800	13.763772	0.0	7987681	559	32.8
1643767209.89	32800	15.497625	0.0	6249975	439	32.8
1643767210.46	32800	17.207301	0.0	6462926	452	32.8
1643767211.04	32800	18.850609	0.0	6930236	453	32.8
1643767211.62	32800	20.40883	0.0	7176786	457	32.8
1643767212.36	32800	21.921426	0.0	6963959	608	32.8
1643767213.08	32800	23.517207	0.0	7320305	594	32.8
1643767213.88	32800	24.996916	0.0	7420242	672	32.8
1643767214.91	32800	26.413178	0.0	7455282	900	32.8
1643767215.5	32800	27.948556	0.0	7960895	465	32.8
1643767216.14	32800	29.656068	0.0	6396912	521	32.8
1643767216.97	32800	31.101344	0.0	7253832	702	32.8
1643767217.81	32800	32.53914	0.0	7034316	715	32.8
1643767218.35	32800	34.140605	0.0	7133512	416	32.8
1643767218.98	32800	35.831302	0.0	7041401	503	32.8
1643767222.78	32800	35.420489	0.0	7143328	3671	32.8
1643767223.53	11700	37.064706	0.0	2472140	574	-9.400000000000002
1643767223.72	11700	38.916137	0.0	2434805	76	11.7
1643767223.86	11700	40.803777	0.0	2397182	34	11.7
1643767224.01	11700	42.73108	0.0	2417206	36	11.7
1643767224.15	11700	44.586521	0.0	2399895	35	11.7
1643767224.38	32800	46.430223	0.0	6922846	99	11.699999999999996
1643767226.11	260000	47.122553	0.0	64074874	963	32.80000000000001
1643767227.41	260000	48.233314	0.0	65041967	904	260.0
1643767228.91	260000	49.231655	0.0	65860507	1121	260.0
1643767230.34	260000	50.030294	0.0	60900183	970	260.0
1643767232.19	260000	50.562683	0.0	65223805	1479	260.0
1643767233.87	260000	50.990804	0.0	61492275	1286	260.0
1643767235.8	260000	51.564312	0.0	57534179	1584	260.0
1643767237.97	260000	51.921995	0.0	64191273	1735	260.0
1643767241.26	260000	51.319181	0.0	57421190	2857	260.0
1643767246.47	260000	48.730787	0.0	60358582	4829	260.0
1643767247.15	32800	50.049716	0.0	7871221	551	-194.39999999999998
1643767247.78	32800	51.557527	0.0	7236548	500	32.8
1643767248.38	32800	52.985795	0.0	7418057	472	32.8
1643767249.02	32800	54.502117	0.0	7580084	509	32.8
1643767249.65	32800	55.9932	0.0	7306910	513	32.8
1643767250.56	32800	57.165691	0.0	7790808	778	32.8
1643767251.25	32800	58.481794	0.0	7160738	561	32.8
1643767251.93	32800	59.889435	0.0	7565820	563	32.8
1643767254.63	32800	59.572414	0.0	8064139	564	32.8
1643767256.77	32800	59.820212	0.0	7308924	509	32.8
1643767258.87	32800	59.925579	0.0	7936123	463	32.8
1643767261.43	32800	59.84879	0.0	7845705	421	32.8
1643767264.07	32800	59.630063	0.0	7682661	506	32.8
1643767265.76	32800	59.880067	0.0	8703604	550	32.8
1643767268.02	32800	59.630041	0.0	8166986	130	32.8
1643767269.99	32800	59.630085	0.0	8155312	335	32.8
1643767278.21	32800	53.654007	0.0	9057843	4490	32.8
1643767278.63	11700	53.687341	0.0	139786	233	-9.400000000000002

1643767278.65	11700	53.687341	0.354	139786	1	-92.04
1643767279.47	8200	1.999999	0.015	385365	269	0.7999999999999989
1643767280.13	8200	3.367353	0.0	790650	553	8.2
1643767280.77	8200	4.717371	0.0	911646	544	8.2
1643767280.8	11700	6.689167	0.0	1066380	2	8.2
1643767280.85	11700	8.638552	0.0	3938957	10	11.7
1643767283.06	11700	8.42853	0.0	4536725	2089	11.7
1643767286.44	11700	7.054351	0.0	5378836	3251	11.7
1643767288.91	11700	6.659835	0.0	4892753	2352	11.7
1643767289.69	11700	7.883442	0.0	5587559	652	11.7
1643767290.42	11700	9.152271	0.0	4371099	612	11.7
1643767291.01	11700	10.566408	0.0	3375218	473	11.7
1643767291.48	11700	12.090865	0.0	2615238	364	11.7
1643767291.92	11700	13.664753	0.0	2255191	314	11.7
1643767292.96	32800	14.796446	0.0	6462926	904	11.699999999999996
1643767294.15	32800	15.712254	0.0	6930236	1058	32.8
1643767295.37	32800	16.656002	0.0	7176786	1090	32.8
1643767296.67	32800	17.560775	0.0	6963959	1166	32.8
1643767297.9	32800	18.423414	0.0	7320305	1099	32.8
1643767299.5	32800	18.898448	0.0	7420242	1468	32.8
1643767300.69	32800	19.796147	0.0	7455282	1060	32.8
1643767302.21	32800	20.275287	0.0	7960895	1395	32.8
1643767303.3	32800	21.179467	0.0	6396912	970	32.8
1643767304.62	32800	21.856251	0.0	7253832	1199	32.8
1643767305.74	32800	22.738309	0.0	7034316	993	32.8
1643767307.13	32800	23.471135	0.0	7133512	1248	32.8
1643767308.48	32800	24.120341	0.0	7041401	1232	32.8
1643767308.92	32800	25.721742	0.0	7143328	305	32.8
1643767309.28	32800	27.418968	0.0	7338535	233	32.8
1643767309.62	32800	29.07452	0.0	6896645	219	32.8
1643767309.8	32800	30.892824	0.0	6714054	56	32.8
1643767310.05	32800	32.648151	0.0	7018701	57	32.8
1643767312.25	260000	32.47856	0.0	66218671	1389	32.80000000000001
1643767313.94	260000	33.130188	0.0	71469145	1099	260.0
1643767315.47	260000	33.705545	0.0	64074874	1151	260.0
1643767317.95	260000	33.489808	0.0	65041967	2076	260.0
1643767319.46	260000	34.033385	0.0	65860507	1104	260.0
1643767320.99	260000	35.035516	0.0	60900183	1126	260.0
1643767322.94	260000	35.246844	0.0	65223805	1560	260.0
1643767324.82	260000	35.692617	0.0	61492275	1434	260.0
1643767326.44	260000	36.072644	0.0	57534179	1282	260.0
1643767328.28	260000	36.712668	0.0	64191273	1366	260.0
1643767329.9	260000	37.334243	0.0	57421190	1252	260.0
1643767331.59	260000	37.86882	0.0	60358582	1282	260.0
1643767333.5	260000	37.962991	0.0	60581734	1528	260.0
1643767335.2	260000	38.294227	0.0	55686462	1286	260.0
1643767337.09	260000	38.398711	0.0	61687104	1509	260.0
1643767338.74	260000	38.897892	0.0	56994559	1285	260.0
1643767340.28	260000	39.435045	0.0	55162012	1197	260.0
1643767342.32	260000	39.472422	0.0	63612323	1527	260.0
1643767343.94	260000	39.984334	0.0	53712380	1281	260.0
1643767345.73	260000	40.320349	0.0	59826276	1353	260.0
1643767347.36	260000	41.772657	0.0	58861434	1278	260.0
1643767348.83	260000	43.406654	0.0	53320981	1036	260.0
1643767350.7	260000	44.963014	0.0	62494429	1409	260.0
1643767352.11	260000	46.659582	0.0	53458888	1040	260.0
1643767353.65	260000	48.418211	0.0	53798130	1220	260.0
1643767355.37	260000	50.036528	0.0	61358299	1277	260.0
1643767356.74	260000	51.726351	0.0	50406269	1058	260.0
1643767357.92	260000	53.331702	0.0	43226513	848	260.0
1643767359.2	260000	55.29607	0.0	35938085	979	260.0
1643767359.32	260000	55.211605	0.0	631698	16	260.0

1643767359.78	8200	1.999999	0.2	2049018	75	-52.0
1643767359.95	260000	3.859619	0.0	1757078	63	8.199999999999989
1643767360.12	32800	5.697511	0.0	1560846	57	-194.39999999999998
1643767360.28	32800	7.537855	0.0	1542804	55	32.8
1643767360.92	32800	8.894312	0.0	12166782	440	32.8
1643767365.95	260000	5.861773	0.0	88770741	4193	32.80000000000001
1643767370.46	260000	4.098624	0.0	84756689	3872	260.0
1643767377.41	260000	4.854817	0.0	85798884	6480	260.0
1643767378.11	32800	6.854817	0.0	14688721	538	-194.39999999999998
1643767378.77	32800	8.854817	0.0	12381646	513	32.8
1643767379.38	32800	10.675359	0.0	10179458	474	32.8
1643767379.86	32800	12.644774	0.0	7987681	343	32.8
1643767380.22	32800	14.403246	0.0	6249975	244	32.8
1643767389.74	260000	14.962162	0.0	78844622	8958	32.80000000000001
1643767390.67	32800	16.962162	0.0	6930236	795	-194.39999999999998
1643767391.21	32800	18.806168	0.0	7176786	418	32.8
1643767391.8	32800	20.650992	0.0	6963959	473	32.8
1643767393.21	32800	22.492935	0.0	7320305	1282	32.8
1643767394.02	32800	24.247288	0.0	7420242	678	32.8
1643767394.58	32800	26.247288	0.0	7455282	434	32.8
1643767395.21	32800	28.086805	0.0	7960895	505	32.8
1643767395.26	32800	30.086805	0.0	6396912	15	32.8
1643767395.86	32800	31.899983	0.0	7253832	476	32.8
1643767396.47	32800	33.742214	0.0	7034316	491	32.8
1643767397.1	32800	35.742214	0.0	7133512	500	32.8
1643767397.72	32800	37.742214	0.0	7041401	500	32.8
