1642461461.23	8200	1.999999	0.517	546328	413	-134.42
1642461462.66	260000	2.581276	0.0	1757078	1228	8.199999999999989
1642461463.38	260000	3.858276	0.0	1560847	545	260.0
1642461464.5	260000	4.738091	0.0	1542805	896	260.0
1642461466.64	11700	4.602654	0.0	3938957	1928	-236.60000000000002
1642461469.4	11700	3.838958	0.0	4536725	2571	11.7
1642461472.16	11700	3.345702	0.0	5378836	2563	11.7
1642461474.29	11700	3.379712	0.0	4892753	1937	11.7
1642461476.53	8200	3.507354	0.0	3391749	2054	4.699999999999999
1642461477.83	8200	4.211177	0.0	2809333	981	8.2
1642461478.73	8200	5.308993	0.0	2063908	723	8.2
1642461480.04	8200	5.996872	0.0	1614484	1129	8.2
1642461481.3	11700	6.738335	0.0	2255191	1067	8.2
1642461483.86	11700	6.180144	0.0	2392223	2370	11.7
1642461486.82	11700	5.211198	0.0	2491394	2743	11.7
1642461489.85	11700	4.190263	0.0	2629283	2841	11.7
1642461492.9	11700	3.14191	0.0	2662617	2863	11.7
1642461495.37	8200	2.669316	0.0	1840696	2288	4.699999999999999
1642461498.35	8200	2.371168	0.689	1872134	2746	-170.94
1642461499.1	4900	3.613645	0.0	1126165	555	1.6000000000000005
1642461501.1	4900	3.621099	0.0	1166756	1816	4.9
1642461501.84	4900	4.873243	0.0	988609	567	4.9
1642461502.27	4900	6.445623	0.0	1009447	234	4.9
1642461502.91	8200	7.808082	0.0	1737147	445	4.8999999999999995
1642461503.46	4900	9.261485	0.0	1052991	368	1.6000000000000005
1642461504.24	8200	10.474346	0.0	1726085	604	4.8999999999999995
1642461506.19	32800	10.528059	0.0	7143328	1739	8.199999999999996
1642461507.47	32800	11.247164	0.0	7338535	1077	32.8
1642461508.54	32800	12.191538	0.0	6896645	850	32.8
1642461509.04	11700	13.676082	0.0	2397182	321	-9.400000000000002
1642461509.37	4900	15.347855	0.0	1051931	146	-1.8999999999999995
1642461509.91	11700	16.811247	0.0	2399895	295	4.8999999999999995
1642461513.01	152400	15.710439	0.0	34031025	2689	11.700000000000017
1642461514.9	152400	15.940612	0.0	30869167	1585	152.4
1642461517.37	152400	15.902501	0.0	31753337	2144	152.4
1642461521.01	152400	14.515493	0.0	34013525	3259	152.4
1642461524.87	152400	12.654193	0.0	30739933	3556	152.4
1642461528.37	152400	11.759084	0.0	34919429	3180	152.4
1642461530.65	152400	12.83864	0.0	34638995	1945	152.4
1642461532.58	152400	13.812511	0.0	30969970	1635	152.4
1642461534.52	152400	15.264766	0.0	35313058	1611	152.4
1642461536.37	152400	16.390786	0.0	32767078	1559	152.4
1642461540.16	260000	16.714648	0.0	60358582	3213	152.4
1642461543.95	260000	17.408075	0.0	60581734	3385	260.0
1642461546.78	260000	18.325322	0.0	55686462	2431	260.0
1642461549.46	260000	19.2983	0.0	61687104	2296	260.0
1642461552.21	260000	20.313937	0.0	56994559	2352	260.0
1642461555.12	260000	21.24071	0.0	55162012	2549	260.0
1642461558.45	260000	21.822257	0.0	63612323	2902	260.0
1642461561.36	260000	22.888555	0.0	53712380	2484	260.0
1642461565.39	260000	23.294609	0.0	59826276	3527	260.0
1642461570.55	260000	23.506252	0.0	58861434	4614	260.0
1642461576.64	260000	23.564525	0.0	53320981	5667	260.0
1642461581.94	260000	23.647514	0.0	62494429	4721	260.0
1642461586.27	260000	24.545714	0.0	53458888	3937	260.0
1642461590.53	260000	25.759586	0.0	53798130	3798	260.0
1642461595.79	260000	26.737439	0.0	61358299	4852	260.0
1642461599.58	260000	27.785759	0.0	50406269	3430	260.0
1642461603.4	260000	28.989978	0.0	43226513	3519	260.0
1642461606.87	260000	30.045631	0.0	35938085	3197	260.0
1642461607.07	260000	29.925261	0.0	631698	63	260.0

1642461607.2	11700	29.925261	1.206	139786	14	-313.56
1642461607.95	8200	1.999999	-0.677	2049018	416	180.72
1642461608.06	260000	3.926752	0.0	1757078	5	8.199999999999989
1642461608.15	260000	5.834099	0.0	1560847	3	260.0
1642461608.24	260000	7.740491	0.0	1542805	3	260.0
1642461615.46	152400	2.523857	0.0	68504102	6253	44.80000000000001
1642461617.34	32800	3.830684	0.0	15664097	1636	-86.8
1642461619.16	32800	5.33542	0.0	15560661	1594	32.8
1642461619.56	4900	7.197927	0.0	2245725	223	-23.0
1642461619.89	4900	9.197927	0.0	1894210	155	4.9
1642461621.11	32800	10.880156	0.0	12381646	995	4.899999999999999
1642461627.91	152400	11.031892	0.0	57184643	6342	32.80000000000001
1642461631.53	152400	10.921081	0.0	48821461	3177	152.4
1642461634.5	152400	10.57445	0.0	44466772	2544	152.4
1642461637.22	152400	9.914253	0.0	45810515	2312	152.4
1642461639.58	152400	10.551031	0.0	42807747	1916	152.4
1642461641.69	152400	11.804677	0.0	40301174	1749	152.4
1642461645.71	260000	12.76398	0.0	79740890	3422	152.4
1642461649.93	260000	13.943859	0.0	78574581	3666	260.0
1642461654.38	260000	14.696402	0.0	78901633	3743	260.0
1642461661.18	260000	14.587401	0.0	79414941	6299	260.0
1642461668.91	260000	14.304006	0.0	73704781	3668	260.0
1642461672.71	260000	15.123804	0.0	80783826	3158	260.0
1642461676.18	260000	15.885267	0.0	77638812	2966	260.0
1642461679.34	260000	16.969832	0.0	74749470	2675	260.0
1642461682.24	260000	17.827097	0.0	75910911	2383	260.0
1642461684.91	260000	19.456905	0.0	74070687	2150	260.0
1642461733.19	260000	12.928639	0.0	73938718	47819	260.0
1642461746.14	152400	12.491768	0.0	34563011	12532	44.80000000000001
1642461749.99	152400	13.879015	0.0	31292175	3431	152.4
1642461752.2	152400	15.530828	0.0	32834126	1888	152.4
1642461754.44	152400	17.066931	0.0	33877878	1911	152.4
1642461757.76	152400	18.317857	0.0	31988631	2983	152.4
