1642849778.08	8200	1.999999	0.358	546328	254	-93.08
1642849778.3	8200	3.788945	0.0	790650	109	8.2
1642849778.53	8200	5.561022	0.0	911646	128	8.2
1642849778.75	8200	7.344652	0.0	844970	119	8.2
1642849779.33	11700	8.757657	0.0	3938957	459	8.2
1642849780.06	11700	10.029525	0.0	4536725	607	11.7
1642849781.07	11700	11.023407	0.0	5378836	883	11.7
1642849781.87	11700	12.218905	0.0	4892753	685	11.7
1642849782.78	11700	13.311403	0.0	5587559	782	11.7
1642849784.49	32800	13.607225	0.0	12381646	1500	11.699999999999996
1642849785.78	32800	14.309023	0.0	10179458	1150	32.8
1642849786.85	32800	15.41189	0.0	7987681	935	32.8
1642849787.85	32800	16.418232	0.0	6249975	868	32.8
1642849788.62	32800	17.646003	0.0	6462926	646	32.8
1642849789.54	32800	18.818707	0.0	6930236	793	32.8
1642849790.34	32800	20.020397	0.0	7176786	670	32.8
1642849791.15	32800	21.205002	0.0	6963959	688	32.8
1642849792.06	32800	22.295657	0.0	7320305	780	32.8
1642849792.85	32800	23.533452	0.0	7420242	649	32.8
1642849793.63	32800	24.867193	0.0	7455282	652	32.8
1642849794.56	32800	25.944577	0.0	7960895	785	32.8
1642849795.26	32800	27.40797	0.0	6396912	577	32.8
1642849796.06	32800	28.640683	0.0	7253832	668	32.8
1642849796.89	32800	29.837087	0.0	7034316	697	32.8
1642849797.65	32800	31.605218	0.0	7133512	624	32.8
1642849798.58	32800	32.972386	0.0	7041401	800	32.8
1642849799.3	32800	34.563655	0.0	7143328	600	32.8
1642849800.02	32800	36.254269	0.0	7338535	592	32.8
1642849800.75	32800	37.78149	0.0	6896645	603	32.8
1642849801.55	32800	39.277548	0.0	6714054	671	32.8
1642849802.26	32800	40.82853	0.0	7018701	581	32.8
1642849802.92	32800	42.317109	0.0	6838204	531	32.8
1642849803.58	32800	43.811607	0.0	6922846	539	32.8
1642849804.25	32800	45.179706	0.0	6926196	538	32.8
1642849804.93	32800	46.562421	0.0	7072104	550	32.8
1642849805.65	32800	47.887519	0.0	7515735	583	32.8
1642849806.27	32800	49.611748	0.0	7011028	496	32.8
1642849806.91	32800	51.151578	0.0	7307337	504	32.8
1642849807.51	32800	52.603704	0.0	7344127	468	32.8
1642849808.07	32800	54.238379	0.0	7064203	427	32.8
1642849808.63	32800	55.804553	0.0	7516082	439	32.8
1642849809.25	32800	57.185882	0.0	7278398	494	32.8
1642849809.89	32800	58.541425	0.0	7481760	518	32.8
1642849810.53	32800	59.990764	0.0	7871221	502	32.8
1642849813.66	32800	59.534103	0.0	7236548	489	32.8
1642849815.5	32800	59.987068	0.0	7418057	720	32.8
1642849818.21	32800	59.94739	0.0	7580084	567	32.8
1642849820.85	32800	59.613066	0.0	7306910	510	32.8
1642849822.95	32800	59.845878	0.0	7790808	454	32.8
1642849825.58	32800	59.997882	0.0	7160738	502	32.8
1642849828.23	32800	59.959999	0.0	7565820	516	32.8
1642849830.88	32800	59.736781	0.0	8064139	516	32.8
1642849833.17	32800	59.788105	0.0	7308924	638	32.8
1642849835.27	32800	59.538122	0.0	7936123	463	32.8
1642849837.5	32800	59.654084	0.0	7845705	566	32.8
1642849840.12	32800	59.608274	0.0	7682661	489	32.8
1642849842.07	32800	59.79115	0.0	8703604	1299	32.8
1642849844.87	32800	59.677462	0.0	8166986	1164	32.8
1642849847.03	32800	59.835154	0.0	8155312	518	32.8
1642849849.39	32800	59.790111	0.0	9057843	705	32.8
1642849849.53	32800	59.488707	0.0	296571	40	32.8

1642849850.09	8200	1.999999	0.245	427088	148	-63.7
1642849850.11	8200	3.999999	0.0	790650	3	8.2
1642849850.13	8200	5.996584	0.0	911646	3	8.2
1642849850.15	8200	7.978322	0.0	844970	2	8.2
1642849851.04	11700	9.084329	0.0	3938957	760	8.2
1642849851.56	11700	10.567565	0.0	4536725	397	11.7
1642849852.07	11700	12.057598	0.0	5378836	381	11.7
1642849852.5	11700	13.627159	0.0	4892753	311	11.7
1642849852.99	11700	15.133887	0.0	5587559	370	11.7
1642849854.04	32800	16.085435	0.0	12381646	852	11.699999999999996
1642849854.84	32800	17.291271	0.0	10179458	649	32.8
1642849855.49	32800	18.635281	0.0	7987681	507	32.8
1642849856.07	32800	20.058177	0.0	6249975	440	32.8
1642849856.7	32800	21.427069	0.0	6462926	502	32.8
1642849857.37	32800	22.760538	0.0	6930236	538	32.8
1642849858.16	32800	23.96251	0.0	7176786	665	32.8
1642849859.02	32800	25.187794	0.0	6963959	722	32.8
1642849859.72	32800	26.484422	0.0	7320305	569	32.8
1642849860.43	32800	27.776622	0.0	7420242	577	32.8
1642849861.23	32800	29.096946	0.0	7455282	667	32.8
1642849862.07	32800	30.261768	0.0	7960895	700	32.8
1642849862.65	32800	31.685959	0.0	6396912	448	32.8
1642849863.48	32800	33.016237	0.0	7253832	698	32.8
1642849864.5	32800	34.141027	0.0	7034316	892	32.8
1642849865.27	32800	35.363374	0.0	7133512	650	32.8
1642849865.94	32800	36.696163	0.0	7041401	535	32.8
1642849866.57	32800	38.067287	0.0	7143328	499	32.8
1642849867.19	32800	39.447786	0.0	7338535	480	32.8
1642849867.76	32800	40.880288	0.0	6896645	438	32.8
1642849868.41	32800	42.322873	0.0	6714054	522	32.8
1642849869.92	32800	43.224224	0.0	7018701	1389	32.8
1642849870.94	32800	44.610245	0.0	6838204	894	32.8
1642849871.23	32800	46.380802	0.0	6922846	161	32.8
1642849871.52	32800	48.198241	0.0	6926196	162	32.8
1642849871.81	32800	50.060875	0.0	7072104	164	32.8
1642849872.44	32800	51.671116	0.0	7515735	502	32.8
1642849872.66	32800	53.490191	0.0	7011028	92	32.8
1642849872.85	32800	55.336122	0.0	7307337	67	32.8
1642849873.04	32800	57.21195	0.0	7344127	64	32.8
1642849873.23	32800	59.062287	0.0	7064203	58	32.8
1642849875.1	32800	59.833962	0.0	7516082	664	32.8
1642849877.37	32800	59.822683	0.0	7278398	140	32.8
1642849879.64	32800	59.95864	0.0	7481760	126	32.8
1642849881.92	32800	59.975762	0.0	7871221	138	32.8
1642849884.77	32800	59.811416	0.0	7236548	219	32.8
1642849887.03	32800	59.829673	0.0	7418057	129	32.8
1642849889.33	32800	59.850587	0.0	7580084	157	32.8
1642849891.58	32800	59.769911	0.0	7306910	119	32.8
1642849893.87	32800	59.775724	0.0	7790808	146	32.8
1642849897.07	32800	59.298863	0.0	7160738	230	32.8
1642849898.86	32800	59.853745	0.0	7565820	155	32.8
1642849901.02	152400	59.822024	0.0	38920703	648	32.80000000000001
1642849903.41	152400	59.885129	0.0	33588969	604	152.4
1642849905.8	152400	59.776511	0.0	37188900	597	152.4
1642849907.68	152400	59.77651	0.0	36607491	592	152.4
1642849909.67	152400	59.776548	0.0	34872720	719	152.4
1642849911.67	152400	59.776529	0.0	41004729	691	152.4
1642849914.16	152400	59.595698	0.0	37213320	622	152.4
1642849916.38	260000	59.792665	0.0	43226513	835	152.4
1642849918.35	260000	59.729136	0.0	35938085	686	260.0
1642849918.46	260000	59.709303	0.0	631698	6	260.0

1642849918.86	8200	1.999999	0.136	2049018	22	-35.36
1642849918.88	8200	3.999999	0.0	790650	2	8.2
1642849918.9	8200	5.98757	0.0	911646	5	8.2
1642849918.92	8200	7.967474	0.0	844970	5	8.2
1642849919.01	11700	9.882565	0.0	3938957	11	8.2
1642849919.22	11700	11.666918	0.0	4536725	96	11.7
1642849919.44	11700	13.448767	0.0	5378836	93	11.7
1642849919.65	11700	15.242653	0.0	4892753	85	11.7
1642849919.87	11700	17.023005	0.0	5587559	95	11.7
1642849920.27	32800	18.620629	0.0	12381646	199	11.699999999999996
1642849920.59	32800	20.306181	0.0	10179458	169	32.8
1642849920.84	32800	22.052608	0.0	7987681	122	32.8
1642849921.06	32800	23.834704	0.0	6249975	96	32.8
1642849921.28	32800	25.611974	0.0	6462926	100	32.8
1642849921.51	32800	27.382933	0.0	6930236	103	32.8
1642849922.7	152400	28.188406	0.0	40301174	619	32.80000000000001
1642849923.75	152400	29.139122	0.0	39676104	634	152.4
1642849924.75	152400	30.141091	0.0	40793176	701	152.4
1642849925.75	152400	31.142407	0.0	37608977	708	152.4
1642849926.69	152400	32.204847	0.0	35738670	658	152.4
1642849927.69	152400	33.308327	0.0	36020729	636	152.4
1642849928.67	152400	34.333622	0.0	36493721	692	152.4
1642849931.01	260000	33.99505	0.0	77638812	1373	152.4
1642849933.02	260000	33.978044	0.0	74749470	1336	260.0
1642849934.85	260000	34.154154	0.0	75910911	1347	260.0
1642849936.74	260000	34.401066	0.0	74070687	1296	260.0
1642849938.56	260000	34.942394	0.0	73938718	1342	260.0
1642849940.34	260000	35.604322	0.0	73613985	1293	260.0
1642849942.0	260000	36.2847	0.0	69503182	1184	260.0
1642849943.71	260000	36.841728	0.0	72822670	1206	260.0
1642849945.32	260000	37.564565	0.0	70991563	1140	260.0
1642849946.75	260000	38.132234	0.0	66218671	997	260.0
1642849948.26	260000	38.873347	0.0	71469145	1019	260.0
1642849950.41	260000	39.044038	0.0	64074874	1555	260.0
1642849952.12	260000	39.845944	0.0	65041967	1207	260.0
1642849954.33	260000	41.129224	0.0	65860507	1623	260.0
1642849956.51	260000	42.335154	0.0	60900183	1758	260.0
1642849958.74	260000	43.679141	0.0	65223805	1759	260.0
1642849960.8	260000	44.984394	0.0	61492275	1609	260.0
1642849962.79	260000	46.326327	0.0	57534179	1521	260.0
1642849964.08	152400	47.779791	0.0	35313058	931	44.80000000000001
1642849965.18	152400	49.495497	0.0	32767078	844	152.4
1642849966.32	152400	50.973016	0.0	34143965	849	152.4
1642849967.45	152400	52.649589	0.0	35599566	860	152.4
1642849968.5	152400	54.358647	0.0	31880015	757	152.4
1642849969.63	152400	55.821211	0.0	35467287	785	152.4
1642849970.68	152400	57.462683	0.0	35220717	762	152.4
1642849971.64	152400	59.341789	0.0	32694645	624	152.4
1642849975.23	152400	59.998509	0.0	39805936	765	152.4
1642849981.76	260000	59.820472	0.0	53712380	1138	152.4
1642849987.4	260000	59.910229	0.0	59826276	1585	260.0
1642849993.93	260000	59.889504	0.0	58861434	1103	260.0
1642850004.44	260000	59.874759	0.0	53320981	1549	260.0
1642850015.92	260000	59.777658	0.0	62494429	10954	260.0
1642850025.34	152400	59.895701	0.0	36607491	5127	44.80000000000001
1642850035.66	32800	59.909681	0.0	7682661	1098	-86.8
1642850045.6	32800	59.79043	0.0	8703604	1207	32.8
1642850055.69	32800	59.806325	0.0	8166986	869	32.8
1642850065.36	32800	59.922875	0.0	8155312	940	32.8
1642850075.55	32800	59.994523	0.0	9057843	963	32.8
1642850076.57	32800	59.903556	0.0	296571	1	32.8

1642850076.6	32800	59.721835	0.136	296571	1	-35.36
1642850076.61	32800	59.710981	0.0	296571	1	32.8
1642850076.62	32800	59.69783	0.0	296571	1	32.8
1642850076.63	32800	59.686473	0.0	296571	1	32.8
1642850077.28	8200	1.999999	0.154	385365	177	-56.44
1642850077.3	8200	3.999999	0.0	790650	2	8.2
1642850077.32	8200	5.98707	0.0	911646	2	8.2
1642850077.34	8200	7.971119	0.0	844970	2	8.2
1642850077.38	11700	9.924036	0.0	3938957	7	8.2
1642850077.43	11700	11.882569	0.0	4536725	8	11.7
1642850077.48	11700	13.829503	0.0	5378836	9	11.7
1642850077.53	11700	15.778535	0.0	4892753	8	11.7
1642850077.58	11700	17.730293	0.0	5587559	10	11.7
