1642450857.25	8200	1.999999	0.353	546328	250	-91.78
1642450857.57	260000	3.684307	0.0	1757078	130	8.199999999999989
1642450857.82	260000	5.44021	0.0	1560847	64	260.0
1642450858.06	260000	7.200579	0.0	1542805	60	260.0
1642450858.8	32800	8.458783	0.0	12166782	473	-194.39999999999998
1642450859.69	32800	9.571414	0.0	15664097	646	32.8
1642450860.52	32800	10.738519	0.0	15560661	608	32.8
1642450861.34	32800	11.912451	0.0	15851372	597	32.8
1642450865.11	152400	10.147025	0.0	70827999	2988	32.80000000000001
1642450867.79	152400	10.038128	0.0	51846012	2284	152.4
1642450870.67	152400	10.242425	0.0	57184643	2332	152.4
1642450873.37	152400	10.530144	0.0	48821461	2289	152.4
1642450875.69	152400	11.386595	0.0	44466772	1835	152.4
1642450877.89	152400	12.048032	0.0	45810515	1777	152.4
1642450882.07	260000	13.337551	0.0	77654479	3351	152.4
1642450885.67	260000	14.608798	0.0	75220977	3081	260.0
1642450889.2	260000	15.891737	0.0	79740890	2990	260.0
1642450893.07	260000	16.938795	0.0	78574581	3326	260.0
1642450897.19	260000	17.82632	0.0	78901633	3611	260.0
1642450905.41	260000	17.939493	0.0	79414941	7724	260.0
1642450912.57	260000	18.077075	0.0	73704781	6547	260.0
1642450914.81	152400	19.493164	0.0	36493721	1922	44.80000000000001
1642450917.63	152400	20.686591	0.0	37585290	2485	152.4
1642450919.27	152400	22.197179	0.0	34459282	1331	152.4
1642450920.07	152400	24.076486	0.0	37576374	407	152.4
1642450920.8	152400	25.884816	0.0	34095545	391	152.4
1642450922.39	260000	27.360411	0.0	73938718	1142	152.4
1642450923.89	260000	29.017857	0.0	73613985	1003	260.0
1642450925.23	260000	30.599708	0.0	69503182	919	260.0
1642450927.13	260000	31.799953	0.0	72822670	1321	260.0
1642450929.02	260000	33.626892	0.0	70991563	1369	260.0
1642450930.67	260000	35.260019	0.0	66218671	1211	260.0
1642450933.06	260000	36.93394	0.0	71469145	1789	260.0
1642450935.18	260000	38.496179	0.0	64074874	1534	260.0
1642450937.2	260000	40.148379	0.0	65041967	1537	260.0
1642450939.21	260000	41.727566	0.0	65860507	1542	260.0
1642450941.19	260000	43.37693	0.0	60900183	1418	260.0
1642450943.29	260000	44.869284	0.0	65223805	1637	260.0
1642450946.45	260000	46.404805	0.0	61492275	2750	260.0
1642450951.51	260000	47.547085	0.0	57534179	4608	260.0
1642450961.77	260000	47.599972	0.0	64191273	9623	260.0
1642450965.85	260000	48.947874	0.0	57421190	3583	260.0
1642450975.4	260000	49.297987	0.0	60358582	9089	260.0
1642450978.61	152400	50.726374	0.0	35599566	2771	44.80000000000001
1642450979.53	152400	52.538524	0.0	31880015	575	152.4
1642450980.3	152400	54.396611	0.0	35467287	445	152.4
1642450981.79	260000	56.084128	0.0	56994559	1066	152.4
1642450983.63	260000	57.890403	0.0	55162012	1417	260.0
1642450985.47	260000	59.579348	0.0	63612323	1371	260.0
1642450995.74	260000	59.907758	0.0	53712380	1342	260.0
1642451006.18	260000	59.903189	0.0	59826276	1767	260.0
1642451011.95	260000	59.935468	0.0	58861434	2194	260.0
1642451017.88	260000	59.821924	0.0	53320981	1539	260.0
1642451022.82	260000	59.811528	0.0	62494429	4433	260.0
1642451029.29	260000	59.992688	0.0	53458888	2034	260.0
1642451035.14	260000	59.80857	0.0	53798130	3900	260.0
