1642846569.46	8200	1.999999	0.352	546328	254	-91.52
1642846569.69	8200	3.788912	0.0	790650	110	8.2
1642846569.91	8200	5.560538	0.0	911646	128	8.2
1642846570.14	8200	7.344229	0.0	844970	118	8.2
1642846571.7	11700	7.778455	0.0	3938957	1429	8.2
1642846572.32	11700	9.152914	0.0	4536725	507	11.7
1642846572.76	11700	10.715893	0.0	5378836	313	11.7
1642846573.16	11700	12.313697	0.0	4892753	284	11.7
1642846573.67	11700	13.80299	0.0	5587559	390	11.7
1642846574.09	11700	15.383568	0.0	4371099	305	11.7
1642846574.5	11700	16.974921	0.0	3375218	295	11.7
1642846574.84	11700	18.636883	0.0	2615238	227	11.7
1642846575.15	11700	20.329422	0.0	2255191	196	11.7
1642846575.41	11700	22.068678	0.0	2392223	151	11.7
1642846576.0	32800	23.476249	0.0	6930236	441	11.699999999999996
1642846576.58	32800	24.893418	0.0	7176786	456	32.8
1642846577.15	32800	26.324345	0.0	6963959	441	32.8
1642846577.71	32800	27.768686	0.0	7320305	427	32.8
1642846578.28	32800	29.283669	0.0	7420242	447	32.8
1642846578.94	32800	30.700558	0.0	7455282	522	32.8
1642846579.53	32800	32.105404	0.0	7960895	457	32.8
1642846580.0	32800	33.639758	0.0	6396912	344	32.8
1642846580.66	32800	34.978376	0.0	7253832	533	32.8
1642846581.41	32800	36.306844	0.0	7034316	621	32.8
1642846582.35	32800	37.369719	0.0	7133512	807	32.8
1642846583.18	32800	38.542331	0.0	7041401	703	32.8
1642846583.73	32800	40.025799	0.0	7143328	417	32.8
1642846584.27	32800	41.638842	0.0	7338535	414	32.8
1642846584.74	32800	43.172574	0.0	6896645	345	32.8
1642846585.19	32800	44.716029	0.0	6714054	335	32.8
1642846585.67	32800	46.241181	0.0	7018701	352	32.8
1642846586.14	32800	47.769759	0.0	6838204	341	32.8
1642846586.67	32800	49.237002	0.0	6922846	404	32.8
1642846587.2	32800	50.709325	0.0	6926196	404	32.8
1642846587.79	32800	52.118545	0.0	7072104	458	32.8
1642846588.42	32800	53.593222	0.0	7515735	498	32.8
1642846589.03	32800	54.979069	0.0	7011028	490	32.8
1642846589.87	32800	56.147012	0.0	7307337	512	32.8
1642846592.72	32800	55.293205	0.0	7344127	2723	32.8
1642846593.29	11700	56.718258	0.0	2522793	215	-9.400000000000002
1642846593.59	11700	58.426254	0.0	2591593	181	11.7
1642846594.38	11700	59.808216	0.0	2642305	183	11.7
1642846596.24	11700	59.879443	0.0	2719235	237	11.7
1642846598.57	11700	59.629363	0.0	2765120	214	11.7
1642846600.45	11700	59.742948	0.0	2628469	262	11.7
1642846602.59	11700	59.857652	0.0	2728942	25	11.7
1642846604.79	11700	59.794539	0.0	2718244	81	11.7
1642846606.93	11700	59.742974	0.0	2695178	25	11.7
1642846609.22	32800	59.837	0.0	7790808	154	11.699999999999996
1642846611.47	32800	59.892744	0.0	7160738	111	32.8
1642846613.74	32800	59.985577	0.0	7565820	133	32.8
1642846616.06	32800	59.581707	0.0	8064139	184	32.8
1642846618.05	32800	59.742525	0.0	7308924	362	32.8
1642846620.4	32800	59.82779	0.0	7936123	202	32.8
1642846622.36	32800	59.980982	0.0	7845705	321	32.8
1642846626.46	152400	57.94075	0.0	34872720	3669	32.80000000000001
1642846627.27	32800	59.12582	0.0	8703604	677	-86.8
1642846629.04	32800	59.614249	0.0	8166986	635	32.8
1642846631.25	32800	59.8369	0.0	8155312	567	32.8
1642846633.92	32800	59.798133	0.0	9057843	528	32.8
1642846634.04	32800	59.778887	0.0	296571	16	32.8

1642846634.43	8200	1.999999	0.128	427088	32	-33.28
1642846634.45	8200	3.999999	0.0	790650	3	8.2
1642846634.47	8200	5.999999	0.0	911646	6	8.2
1642846634.49	8200	7.984571	0.0	844970	2	8.2
1642846634.55	11700	9.927843	0.0	3938957	9	8.2
1642846634.6	11700	11.876736	0.0	4536725	13	11.7
1642846635.14	11700	13.333844	0.0	5378836	417	11.7
1642846635.19	11700	15.29259	0.0	4892753	12	11.7
1642846635.7	11700	16.778629	0.0	5587559	390	11.7
1642846636.75	32800	17.72834	0.0	12381646	866	11.699999999999996
1642846637.6	32800	18.876195	0.0	10179458	711	32.8
1642846638.36	32800	20.115585	0.0	7987681	624	32.8
1642846639.21	32800	21.270812	0.0	6249975	721	32.8
1642846639.9	32800	22.581496	0.0	6462926	565	32.8
1642846640.58	32800	23.896687	0.0	6930236	557	32.8
1642846641.25	32800	25.230999	0.0	7176786	538	32.8
1642846641.79	32800	26.693755	0.0	6963959	405	32.8
1642846642.34	32800	28.139513	0.0	7320305	427	32.8
1642846642.9	32800	29.686486	0.0	7420242	432	32.8
1642846643.45	32800	31.140588	0.0	7455282	414	32.8
1642846644.01	32800	32.575562	0.0	7960895	428	32.8
1642846644.74	32800	33.865296	0.0	6396912	595	32.8
1642846645.51	32800	35.218759	0.0	7253832	635	32.8
1642846646.18	32800	36.541583	0.0	7034316	547	32.8
1642846646.82	32800	37.944076	0.0	7133512	499	32.8
1642846647.51	32800	39.343053	0.0	7041401	556	32.8
1642846648.28	32800	40.566501	0.0	7143328	647	32.8
1642846649.42	32800	41.426802	0.0	7338535	1009	32.8
1642846651.83	32800	41.097414	0.0	6896645	2279	32.8
1642846653.2	32800	41.772224	0.0	6714054	1246	32.8
1642846653.34	11700	43.704575	0.0	2417206	26	-9.400000000000002
1642846653.47	11700	45.597272	0.0	2399895	25	11.7
1642846653.6	11700	47.56237	0.0	2448718	26	11.7
1642846653.74	11700	49.430115	0.0	2478629	26	11.7
1642846653.87	11700	51.354343	0.0	2529063	26	11.7
1642846654.0	11700	53.354343	0.0	2621613	26	11.7
1642846654.14	11700	55.318879	0.0	2518225	27	11.7
1642846654.27	11700	57.185645	0.0	2654985	27	11.7
1642846654.46	32800	59.06379	0.0	7344127	62	11.699999999999996
1642846656.65	32800	59.612475	0.0	7064203	61	32.8
1642846658.88	32800	59.968585	0.0	7516082	100	32.8
1642846661.62	32800	59.828229	0.0	7278398	105	32.8
1642846664.03	32800	59.820001	0.0	7481760	329	32.8
1642846665.94	32800	59.994274	0.0	7871221	773	32.8
1642846668.34	32800	59.995683	0.0	7236548	267	32.8
1642846671.24	32800	59.467597	0.0	7418057	266	32.8
1642846672.64	32800	59.99454	0.0	7580084	261	32.8
1642846675.53	32800	59.849498	0.0	7306910	257	32.8
1642846677.93	32800	59.840503	0.0	7790808	263	32.8
1642846679.81	32800	59.922522	0.0	7160738	255	32.8
1642846682.2	32800	59.98351	0.0	7565820	260	32.8
1642846684.6	32800	59.837679	0.0	8064139	264	32.8
1642846686.98	32800	59.592699	0.0	7308924	259	32.8
1642846688.87	32800	59.981827	0.0	7936123	261	32.8
1642846691.27	152400	59.531381	0.0	36607491	947	32.80000000000001
1642846693.33	152400	59.841034	0.0	34872720	767	152.4
1642846695.52	152400	59.590937	0.0	41004729	866	152.4
1642846697.71	152400	59.825205	0.0	37213320	903	152.4
1642846699.77	152400	59.857643	0.0	34267546	788	152.4
1642846701.71	152400	59.857638	0.0	32823233	701	152.4
1642846701.82	152400	59.670715	0.0	629903	9	152.4

1642846702.17	8200	1.999999	0.123	1048506	12	-31.98
1642846702.19	8200	3.999999	0.0	790650	2	8.2
1642846702.21	8200	5.997825	0.0	911646	3	8.2
1642846702.23	8200	7.982631	0.0	844970	2	8.2
1642846702.28	11700	9.925419	0.0	3938957	11	8.2
1642846702.32	11700	11.884715	0.0	4536725	11	11.7
1642846702.55	11700	13.655513	0.0	5378836	106	11.7
1642846702.6	11700	15.610775	0.0	4892753	13	11.7
1642846702.82	11700	17.38706	0.0	5587559	103	11.7
1642846703.21	32800	18.999577	0.0	12381646	205	11.699999999999996
1642846703.53	32800	20.676058	0.0	10179458	180	32.8
1642846703.78	32800	22.431622	0.0	7987681	114	32.8
1642846704.0	32800	24.208648	0.0	6249975	98	32.8
1642846704.23	32800	25.978319	0.0	6462926	101	32.8
1642846704.45	32800	27.753064	0.0	6930236	102	32.8
1642846705.55	152400	28.659802	0.0	40301174	601	32.80000000000001
1642846706.42	152400	29.787558	0.0	39676104	597	152.4
1642846707.18	152400	31.032912	0.0	40793176	477	152.4
1642846708.12	152400	32.090719	0.0	37608977	623	152.4
1642846709.12	152400	33.091029	0.0	35738670	683	152.4
1642846709.96	152400	34.248171	0.0	36020729	587	152.4
1642846710.91	152400	35.294893	0.0	36493721	679	152.4
1642846713.22	260000	34.986978	0.0	77638812	1374	152.4
1642846715.45	260000	34.900006	0.0	74749470	1759	260.0
1642846717.96	260000	34.470029	0.0	75910911	2046	260.0
1642846720.41	260000	34.258313	0.0	74070687	1959	260.0
1642846722.78	260000	34.714144	0.0	73938718	1876	260.0
1642846725.39	260000	34.894769	0.0	73613985	2108	260.0
1642846726.75	152400	35.92368	0.0	31292175	1088	44.80000000000001
1642846728.28	152400	36.595538	0.0	32834126	1258	152.4
1642846729.63	152400	37.376814	0.0	33877878	1002	152.4
1642846730.83	152400	38.477274	0.0	31988631	939	152.4
1642846732.03	152400	39.431292	0.0	34031025	930	152.4
1642846733.1	152400	40.546279	0.0	30869167	781	152.4
1642846734.13	152400	41.598455	0.0	31753337	777	152.4
1642846735.22	152400	42.502892	0.0	34013525	854	152.4
1642846736.17	152400	43.900285	0.0	30739933	701	152.4
1642846737.21	152400	45.643459	0.0	34919429	777	152.4
1642846738.16	152400	47.276699	0.0	34638995	699	152.4
1642846738.99	152400	49.003893	0.0	30969970	606	152.4
1642846739.9	152400	50.687837	0.0	35313058	628	152.4
1642846740.7	152400	52.462747	0.0	32767078	545	152.4
1642846741.54	152400	54.192374	0.0	34143965	551	152.4
1642846743.03	260000	55.661745	0.0	60581734	1083	152.4
1642846744.43	260000	57.123819	0.0	55686462	1021	260.0
1642846750.41	260000	57.371852	0.0	61687104	5384	260.0
1642846752.18	152400	58.733006	0.0	35220717	1490	44.80000000000001
1642846755.24	32800	59.828925	0.0	7306910	11	-86.8
1642846760.8	32800	59.977881	0.0	7790808	16	32.8
1642846766.85	32800	59.943472	0.0	7160738	13	32.8
1642846772.41	32800	59.941989	0.0	7565820	12	32.8
1642846778.98	32800	59.970704	0.0	8064139	18	32.8
1642846790.04	32800	59.926465	0.0	7308924	17	32.8
1642846801.11	32800	59.762007	0.0	7936123	17	32.8
1642846811.88	32800	59.889629	0.0	7845705	1048	32.8
1642846821.11	32800	59.938834	0.0	7682661	1011	32.8
1642846831.73	32800	59.835915	0.0	8703604	895	32.8
1642846842.53	32800	59.829629	0.0	8166986	1074	32.8
1642846847.46	32800	59.826688	0.0	8155312	710	32.8
1642846853.44	32800	59.918563	0.0	9057843	340	32.8
1642846853.45	32800	59.921835	0.0	296571	1	32.8

1642846853.47	32800	59.898434	0.123	296571	0	-31.98
1642846853.48	32800	59.888167	0.0	296571	1	32.8
1642846853.49	32800	59.87819	0.0	296571	0	32.8
1642846853.5	32800	59.868542	0.0	296571	1	32.8
1642846854.09	8200	1.999999	0.152	385365	172	-55.92
1642846854.11	8200	3.999999	0.0	790650	2	8.2
1642846854.14	8200	5.980543	0.0	911646	2	8.2
1642846854.15	8200	7.961678	0.0	844970	2	8.2
1642846854.21	11700	9.907669	0.0	3938957	11	8.2
1642846854.26	11700	11.857533	0.0	4536725	14	11.7
1642846854.31	11700	13.801666	0.0	5378836	17	11.7
1642846854.36	11700	15.754399	0.0	4892753	12	11.7
1642846854.4	11700	17.711126	0.0	5587559	13	11.7
1642846855.36	32800	18.757449	0.0	12381646	766	11.699999999999996
1642846855.92	32800	20.197606	0.0	10179458	418	32.8
1642846856.32	32800	21.798436	0.0	7987681	265	32.8
1642846856.37	32800	23.747739	0.0	6249975	16	32.8
1642846856.42	32800	25.699986	0.0	6462926	15	32.8
1642846856.72	32800	27.393613	0.0	6930236	179	32.8
1642846857.03	32800	29.08517	0.0	7176786	177	32.8
1642846857.4	32800	30.714065	0.0	6963959	241	32.8
1642846857.8	32800	32.314054	0.0	7320305	269	32.8
1642846858.21	32800	33.910743	0.0	7420242	276	32.8
1642846858.64	32800	35.473155	0.0	7455282	307	32.8
1642846861.99	152400	34.128802	0.0	36020729	2944	32.80000000000001
1642846862.78	32800	35.484664	0.0	6396912	648	-86.8
1642846863.7	32800	36.559226	0.0	7253832	800	32.8
1642846864.49	32800	37.769582	0.0	7034316	667	32.8
1642846865.17	32800	39.0927	0.0	7133512	555	32.8
1642846865.84	32800	40.422726	0.0	7041401	548	32.8
1642846866.44	32800	41.886094	0.0	7143328	472	32.8
1642846866.99	32800	43.33137	0.0	7338535	429	32.8
1642846867.58	32800	44.739948	0.0	6896645	468	32.8
1642846868.18	32800	46.148211	0.0	6714054	470	32.8
1642846868.71	32800	47.615926	0.0	7018701	409	32.8
