1643145645.74	8200	1.999999	0.382	546328	281	-99.32
1643145646.69	260000	3.0559	0.0	1757078	758	8.199999999999989
1643145648.02	260000	3.723967	0.0	1560847	1093	260.0
1643145648.84	260000	4.902983	0.0	1542805	637	260.0
1643145651.44	11700	4.307261	0.0	3938957	2379	-236.60000000000002
1643145654.02	11700	3.723709	0.0	4536725	2391	11.7
1643145656.71	11700	3.164003	0.0	5378836	2477	11.7
1643145659.11	11700	2.835829	0.0	4892753	2212	11.7
1643145662.11	11700	2.366318	0.068	5587559	2803	-135.98000000000002
1643145663.34	8200	3.275854	0.0	2809333	1035	4.699999999999999
1643145664.24	8200	4.370916	0.0	2063908	722	8.2
1643145665.09	4900	5.523693	0.0	935051	654	1.6000000000000005
1643145666.63	11700	5.987217	0.0	2255191	1354	4.8999999999999995
1643145667.89	11700	6.729716	0.0	2392223	1078	11.7
1643145670.82	11700	5.794924	0.0	2491394	2743	11.7
1643145673.33	8200	5.283662	0.0	1890012	2322	4.699999999999999
1643145676.27	11700	4.344002	0.0	2662617	1863	8.2
1643145679.24	11700	3.379071	0.0	2614451	1830	11.7
1643145683.84	11700	2.436556    0.079	2649932	3425	-424.84000000000003
1643145684.44	4900	3.836303	0.0	1126165	411	-1.8999999999999995
1643145686.44	4900	3.837096	0.0	1166756	1816	4.9
1643145687.53	8200	4.742671	0.0	1657573	907	4.8999999999999995
1643145688.29	11700	5.985088	0.0	2430789	568	8.2
1643145689.31	11700	6.963178	0.0	2399571	839	11.7
1643145690.12	8200	8.156155	0.0	1790499	627	4.699999999999999
1643145690.9	8200	9.373847	0.0	1726085	602	8.2
1643145691.58	11700	10.688382	0.0	2442104	498	8.2
1643145692.76	32800	11.5081	0.0	7338535	967	11.699999999999996
1643145693.92	32800	12.351003	0.0	6896645	956	32.8
1643145694.39	11700	13.886827	0.0	2397182	278	-9.400000000000002
1643145694.91	11700	15.363915	0.0	2417206	337	11.7
1643145695.89	32800	16.390823	0.0	6838204	773	11.699999999999996
1643145698.97	152400	15.299563	0.0	34031025	2522	32.80000000000001
1643145700.89	152400	15.384177	0.0	30869167	1588	152.4
1643145703.66	152400	14.612096	0.0	31753337	2446	152.4
1643145707.39	152400	12.880108	0.0	34013525	3322	152.4
1643145711.49	152400	10.780075	0.0	30739933	3788	152.4
1643145714.45	152400	11.271198	0.0	34919429	2595	152.4
1643145716.7	152400	12.330675	0.0	34638995	1938	152.4
1643145718.56	152400	13.711664	0.0	30969970	1551	152.4
1643145720.48	152400	14.990969	0.0	35313058	1584	152.4
1643145722.39	152400	16.224514	0.0	32767078	1582	152.4
1643145726.37	260000	16.517618	0.0	60358582	3302	152.4
1643145730.12	260000	17.176919	0.0	60581734	3265	260.0
1643145732.9	260000	17.848918	0.0	55686462	2339	260.0
1643145735.7	260000	18.7555	0.0	61687104	2326	260.0
1643145738.55	260000	19.666431	0.0	56994559	2398	260.0
1643145741.58	260000	20.439457	0.0	55162012	2575	260.0
1643145745.0	260000	21.343815	0.0	63612323	2909	260.0
1643145748.15	260000	22.20726	0.0	53712380	2688	260.0
1643145752.73	260000	22.586011	0.0	59826276	4066	260.0
1643145758.42	260000	22.330145	0.0	58861434	5205	260.0
1643145764.18	260000	21.859163	0.0	53320981	5250	260.0
1643145769.04	260000	22.567457	0.0	62494429	4378	260.0
1643145773.51	260000	23.632184	0.0	53458888	4027	260.0
1643145777.68	260000	24.70489	0.0	53798130	3744	260.0
1643145782.97	260000	25.375359	0.0	61358299	4690	260.0
1643145787.68	260000	25.951869	0.0	50406269	4209	260.0
1643145791.8	260000	27.088174	0.0	43226513	3714	260.0
1643145795.51	260000	28.288096	0.0	35938085	3265	260.0
1643145795.71	260000	28.32143	0.0	631698	63	260.0

1643145795.85	11700	28.32143	2.629	139786	13	-683.54
1643145795.91	260000	28.31553	0.0	631698	2	11.699999999999989
1643145796.68	8200	1.999999	-2.094	2049018	416	300.8400000000001
1643145796.84	260000	3.877676	0.0	1757078	4	8.199999999999989
1643145796.93	260000	5.77865	0.0	1560847	3	260.0
1643145797.03	260000	7.685919	0.0	1542805	4	260.0
1643145804.81	152400	2.063639	0.0	68504102	6698	44.80000000000001
1643145804.93	11700	3.953818	0.0	4536725	9	-129.0
1643145812.42	152400	4.42209	0.0	68626847	6890	11.700000000000017
1643145818.29	152400	3.540041	0.0	72320713	5039	152.4
1643145819.84	32800	5.314651	0.0	14688721	1222	-86.8
1643145820.71	32800	7.206787	0.0	12381646	646	32.8
1643145824.0	152400	8.448356	0.0	57184643	2858	32.80000000000001
1643145826.54	152400	9.900149	0.0	48821461	2127	152.4
1643145828.97	152400	11.407521	0.0	44466772	1994	152.4
1643145831.52	152400	12.815292	0.0	45810515	2057	152.4
1643145835.8	260000	13.627644	0.0	77654479	3663	152.4
1643145839.91	260000	12.908786	0.0	75220977	3484	260.0
