1643170111.38	8200	1.999999	0.378	546328	280	-98.28
1643170111.87	11700	3.517013	0.0	1102047	384	8.2
1643170112.62	11700	4.76595	0.0	1111083	643	11.7
1643170113.29	11700	6.098998	0.0	1066380	565	11.7
1643170115.46	11700	5.933867	0.0	3938957	2040	11.7
1643170117.75	11700	5.637224	0.0	4536725	2178	11.7
1643170120.64	11700	4.749101	0.0	5378836	2766	11.7
1643170123.19	11700	4.409107	0.0	4892753	2428	11.7
1643170126.17	11700	3.582716	0.0	5587559	2868	11.7
1643170127.81	11700	3.967749	0.0	4371099	1530	11.7
1643170130.09	11700	3.689514	0.0	3375218	2167	11.7
1643170131.12	11700	4.66189	0.0	2615238	915	11.7
1643170132.02	11700	5.763114	0.0	2255191	787	11.7
1643170133.81	11700	5.976496	0.0	2392223	1674	11.7
1643170134.89	11700	6.891745	0.0	2491394	973	11.7
1643170137.72	11700	6.058775	0.0	2629283	2720	11.7
1643170140.16	8200	5.621173	0.0	1883924	2318	4.699999999999999
1643170142.56	8200	5.21858	0.0	1840696	2287	8.2
1643170143.45	4900	6.332264	0.0	1119258	783	1.6000000000000005
1643170145.34	4900	6.443894	0.0	1126165	1787	4.9
1643170146.26	4900	7.525801	0.0	1166756	817	4.9
1643170147.05	4900	8.733178	0.0	988609	692	4.9
1643170148.82	4900	8.960529	0.0	1009447	705	4.9
1643170151.4	4900	8.379088	0.0	1002081	2409	4.9
1643170151.87	4900	9.908316	0.0	1052991	367	4.9
1643170152.56	4900	11.224876	0.0	1019357	579	4.9
1643170154.39	4900	11.394958	0.0	1039341	1727	4.9
1643170155.15	4900	12.629597	0.0	1056656	660	4.9
1643170155.52	4900	14.264498	0.0	1061067	246	4.9
1643170155.87	4900	15.917562	0.0	1042935	242	4.9
1643170156.27	4900	17.516927	0.0	1051931	295	4.9
1643170156.73	4900	19.052426	0.0	1030869	361	4.9
1643170157.7	11700	20.084029	0.0	2448718	857	4.8999999999999995
1643170158.68	11700	21.105105	0.0	2478629	867	11.7
1643170159.3	11700	22.480104	0.0	2529063	516	11.7
1643170159.72	11700	24.060737	0.0	2621613	306	11.7
1643170160.13	11700	25.652435	0.0	2518225	296	11.7
1643170160.7	11700	27.079544	0.0	2654985	464	11.7
1643170161.8	32800	27.985414	0.0	7344127	956	11.699999999999996
1643170162.87	32800	28.91469	0.0	7064203	937	32.8
1643170163.79	32800	29.994321	0.0	7516082	792	32.8
1643170164.53	32800	31.250235	0.0	7278398	616	32.8
1643170165.23	32800	32.551284	0.0	7481760	570	32.8
1643170165.92	32800	33.864635	0.0	7871221	550	32.8
1643170166.46	32800	35.326563	0.0	7236548	410	32.8
1643170166.98	32800	36.800871	0.0	7418057	398	32.8
1643170167.49	32800	38.295133	0.0	7580084	381	32.8
1643170167.98	32800	39.804104	0.0	7306910	365	32.8
1643170168.52	32800	41.261936	0.0	7790808	417	32.8
1643170169.04	32800	42.746358	0.0	7160738	385	32.8
1643170175.21	260000	38.577171	0.0	59826276	5426	32.80000000000001
1643170176.28	32800	39.499832	0.0	8064139	940	-194.39999999999998
1643170177.26	32800	40.521491	0.0	7308924	853	32.8
1643170178.35	32800	41.433149	0.0	7936123	961	32.8
1643170179.58	32800	42.204184	0.0	7845705	1098	32.8
1643170180.46	32800	43.320469	0.0	7682661	753	32.8
1643170181.18	32800	44.597492	0.0	8703604	596	32.8
1643170181.75	32800	46.030548	0.0	8166986	439	32.8
1643170182.33	32800	47.449415	0.0	8155312	453	32.8
1643170183.0	32800	48.785298	0.0	9057843	528	32.8
1643170183.11	32800	48.701957	0.0	296571	15	32.8

1643170183.5	8200	1.999999	0.121	427088	21	-31.46
1643170183.71	32800	3.830055	0.0	1705511	90	8.199999999999996
1643170183.9	32800	5.643265	0.0	1560846	85	32.8
1643170184.08	32800	7.459976	0.0	1542804	82	32.8
1643170184.97	32800	8.573572	0.0	12166782	709	32.8
1643170185.88	32800	9.658758	0.0	15664097	739	32.8
1643170186.77	32800	10.772087	0.0	15560661	726	32.8
1643170191.83	260000	7.777893	0.0	85798884	3990	32.80000000000001
1643170197.26	260000	5.936161	0.0	86059829	4908	260.0
1643170201.54	260000	5.747441	0.0	83431241	3819	260.0
1643170205.36	260000	7.200609	0.0	82198417	3270	260.0
1643170209.61	260000	8.36602	0.0	79299299	3659	260.0
1643170213.71	260000	9.597656	0.0	75092129	3412	260.0
1643170218.76	260000	10.865027	0.0	78844622	4473	260.0
1643170225.89	260000	11.791832	0.0	77654479	6565	260.0
1643170227.08	32800	13.540558	0.0	7176786	970	-194.39999999999998
1643170228.02	32800	15.445736	0.0	6963959	811	32.8
1643170228.99	32800	17.290733	0.0	7320305	855	32.8
1643170229.77	32800	19.065958	0.0	7420242	653	32.8
1643170230.51	32800	20.908852	0.0	7455282	606	32.8
1643170231.26	32800	22.752124	0.0	7960895	607	32.8
1643170231.82	32800	24.752124	0.0	6396912	447	32.8
1643170232.49	32800	26.536151	0.0	7253832	543	32.8
1643170233.15	32800	28.421314	0.0	7034316	544	32.8
1643170233.77	32800	30.38888	0.0	7133512	500	32.8
1643170234.36	32800	32.225838	0.0	7041401	449	32.8
1643170234.89	32800	34.225838	0.0	7143328	416	32.8
1643170235.55	32800	36.01625	0.0	7338535	533	32.8
1643170236.2	32800	38.01625	0.0	6896645	529	32.8
1643170236.79	32800	39.88395	0.0	6714054	470	32.8
1643170237.42	32800	41.60517	0.0	7018701	491	32.8
1643170238.02	32800	43.60517	0.0	6838204	479	32.8
1643170238.69	32800	45.60517	0.0	6922846	537	32.8
1643170239.35	32800	47.466156	0.0	6926196	538	32.8
1643170240.02	32800	49.324964	0.0	7072104	551	32.8
1643170240.73	32800	51.183082	0.0	7515735	584	32.8
1643170241.4	32800	53.038259	0.0	7011028	545	32.8
1643170242.09	32800	54.888616	0.0	7307337	568	32.8
1643170242.65	32800	56.856176	0.0	7344127	428	32.8
1643170243.19	32800	58.509246	0.0	7064203	422	32.8
1643170247.84	32800	59.833005	0.0	7516082	527	32.8
1643170259.6	32800	59.902976	0.0	7278398	615	32.8
1643170269.9	32800	59.869723	0.0	7481760	1078	32.8
1643170280.82	32800	59.883488	0.0	7871221	1203	32.8
1643170291.23	32800	59.841798	0.0	7236548	1200	32.8
1643170293.69	32800	59.990366	0.0	7418057	743	32.8
1643170296.65	32800	59.837522	0.0	7580084	319	32.8
1643170299.05	32800	59.833607	0.0	7306910	279	32.8
1643170301.01	32800	59.983339	0.0	7790808	322	32.8
1643170303.52	32800	59.837609	0.0	7160738	385	32.8
1643170306.16	32800	59.58857	0.0	7565820	514	32.8
