1642908043.23	8200	1.999999	0.357	546328	253	-92.82
1642908043.44	11700	3.803854	0.0	1102047	89	8.2
1642908043.55	11700	5.689519	0.0	1111083	12	11.7
1642908043.66	11700	7.575608	0.0	1066380	13	11.7
1642908043.87	11700	9.364834	0.0	3938957	86	11.7
1642908044.34	32800	10.903882	0.0	15664097	241	11.699999999999996
1642908044.77	32800	12.466634	0.0	15560661	279	32.8
1642908047.88	260000	11.360023	0.0	85798884	1666	32.80000000000001
1642908049.58	260000	11.662043	0.0	86059829	1057	260.0
1642908051.12	260000	12.122216	0.0	83431241	1055	260.0
1642908053.31	260000	12.018077	0.0	82198417	1422	260.0
1642908055.08	260000	12.788368	0.0	79299299	1284	260.0
1642908056.93	260000	13.754018	0.0	75092129	1347	260.0
1642908059.2	260000	14.27767	0.0	78844622	1774	260.0
1642908061.39	260000	15.757026	0.0	77654479	1697	260.0
1642908063.61	260000	17.457464	0.0	75220977	1629	260.0
1642908066.23	260000	18.879788	0.0	79740890	1950	260.0
1642908068.89	260000	20.501438	0.0	78574581	1952	260.0
1642908071.24	260000	22.103091	0.0	78901633	1683	260.0
1642908073.24	260000	23.635332	0.0	79414941	1538	260.0
1642908074.92	260000	25.478067	0.0	73704781	1298	260.0
1642908076.72	260000	27.081321	0.0	80783826	1296	260.0
1642908078.3	260000	28.863886	0.0	77638812	1123	260.0
1642908080.03	260000	30.517381	0.0	74749470	1169	260.0
1642908081.68	260000	32.229098	0.0	75910911	1179	260.0
1642908083.67	260000	33.822151	0.0	74070687	1370	260.0
1642908085.37	260000	35.586259	0.0	73938718	1299	260.0
1642908087.47	260000	37.064574	0.0	73613985	1641	260.0
1642908089.48	260000	38.759365	0.0	69503182	1451	260.0
1642908091.85	260000	40.390172	0.0	72822670	1717	260.0
1642908094.04	260000	42.082374	0.0	70991563	1773	260.0
1642908096.26	260000	43.699508	0.0	66218671	1606	260.0
1642908098.46	260000	45.258411	0.0	71469145	1697	260.0
1642908100.33	260000	46.929411	0.0	64074874	1521	260.0
1642908102.18	260000	48.642042	0.0	65041967	1451	260.0
1642908104.03	260000	50.260224	0.0	65860507	1441	260.0
1642908105.64	260000	51.721326	0.0	60900183	1223	260.0
1642908107.73	260000	53.508542	0.0	65223805	1459	260.0
1642908109.37	260000	55.328993	0.0	61492275	1267	260.0
1642908110.8	260000	57.187097	0.0	57534179	1054	260.0
1642908112.68	260000	58.77846	0.0	64191273	1446	260.0
1642908116.66	260000	59.839466	0.0	57421190	1432	260.0
1642908127.0	260000	59.882634	0.0	60358582	1510	260.0
1642908138.48	260000	59.874052	0.0	60581734	1509	260.0
1642908148.74	260000	59.869211	0.0	55686462	1774	260.0
1642908158.76	260000	59.998734	0.0	61687104	1522	260.0
1642908170.68	260000	59.847675	0.0	56994559	1523	260.0
1642908180.14	260000	59.929259	0.0	55162012	1465	260.0
1642908192.18	260000	59.866627	0.0	63612323	1607	260.0
1642908202.09	260000	59.916798	0.0	53712380	1496	260.0
1642908211.23	260000	59.829809	0.0	59826276	1652	260.0
1642908222.57	260000	59.776893	0.0	58861434	3713	260.0
1642908232.8	260000	59.885623	0.0	53320981	2817	260.0
1642907215.82	32800	41.965052	0.0	7936123	660	32.8
1642907216.48	32800	43.312143	0.0	7845705	519	32.8
1642907217.02	32800	44.768594	0.0	7682661	412	32.8
1642907217.66	32800	46.127604	0.0	8703604	493	32.8
1642907218.29	32800	47.498978	0.0	8166986	480	32.8
1642907218.87	32800	48.919876	0.0	8155312	440	32.8
1642907219.51	32800	50.283096	0.0	9057843	498	32.8
1642907219.63	32800	50.19201	0.0	296571	15	32.8