1642389575.09	8200	1.999999	0.36	546328	255	-93.6
1642389575.53	260000	3.568681	0.0	1757078	248	8.199999999999989
1642389576.04	260000	5.056323	0.0	1560847	272	260.0
1642389576.48	260000	6.612969	0.0	1542805	269	260.0
1642389579.38	32800	5.712632	0.0	12166782	2619	-194.39999999999998
1642389582.84	32800	4.251401	0.0	15664097	3205	32.8
1642389584.2	32800	5.450556	0.0	15560661	1127	32.8
1642389586.01	32800	6.04474	0.0	15851372	1565	32.8
1642389586.5	8200	7.710739	0.0	3391749	264	-16.400000000000002
1642389587.4	32800	9.113784	0.0	12381646	636	8.199999999999996
1642389588.17	32800	10.552433	0.0	10179458	560	32.8
1642389591.43	152400	10.40374	0.0	48821461	2429	32.80000000000001
1642389593.3	152400	11.329169	0.0	44466772	1476	152.4
1642389595.21	152400	12.202163	0.0	45810515	1495	152.4
1642389598.77	260000	11.09254	0.0	77654479	2582	152.4
1642389601.57	260000	11.566996	0.0	75220977	2229	260.0
1642389604.42	260000	11.811458	0.0	79740890	2285	260.0
1642389607.46	260000	12.986807	0.0	78574581	2484	260.0
1642389610.96	260000	13.794883	0.0	78901633	2740	260.0
1642389614.08	260000	14.924084	0.0	79414941	2569	260.0
1642389617.53	260000	15.855247	0.0	73704781	2779	260.0
1642389621.07	260000	16.812143	0.0	80783826	2950	260.0
1642389624.55	260000	17.834379	0.0	77638812	2941	260.0
1642389631.94	260000	18.361911	0.0	74749470	6665	260.0
1642389644.07	260000	18.107637	0.0	75910911	11291	260.0
1642389646.13	260000	19.76438	0.0	74070687	1300	260.0
1642389648.23	260000	21.321586	0.0	73938718	1458	260.0
1642389651.11	260000	22.688119	0.0	73613985	2112	260.0
1642389653.92	260000	24.206715	0.0	69503182	2275	260.0
1642389656.84	260000	25.667095	0.0	72822670	2251	260.0
1642389659.53	260000	27.154957	0.0	70991563	2158	260.0
1642389662.04	260000	28.634353	0.0	66218671	1949	260.0
1642389664.55	260000	30.126132	0.0	71469145	1945	260.0
1642389666.98	260000	31.394555	0.0	64074874	1761	260.0
1642389669.37	260000	33.364072	0.0	65041967	1855	260.0
1642389671.49	260000	34.915879	0.0	65860507	1599	260.0
1642389673.75	260000	36.504449	0.0	60900183	1691	260.0
1642389675.97	260000	38.140386	0.0	65223805	1711	260.0
1642389678.32	260000	39.655752	0.0	61492275	1757	260.0
1642389680.38	260000	41.28543	0.0	57534179	1585	260.0
1642389683.01	260000	42.780095	0.0	64191273	1944	260.0
1642389685.34	260000	44.30448	0.0	57421190	1698	260.0
1642389687.97	260000	45.804383	0.0	60358582	2158	260.0
1642389692.52	260000	47.15369	0.0	60581734	3905	260.0
1642389695.88	260000	48.266897	0.0	55686462	2900	260.0
1642389701.44	260000	49.441431	0.0	61687104	5075	260.0
1642389703.85	260000	50.919887	0.0	56994559	1951	260.0
1642389706.69	260000	52.333981	0.0	55162012	2336	260.0
1642389710.4	260000	53.836547	0.0	63612323	3213	260.0
1642389713.86	260000	55.186339	0.0	53712380	2881	260.0
1642389718.44	260000	56.265324	0.0	59826276	4102	260.0
1642389721.01	260000	57.797189	0.0	58861434	2106	260.0
1642389723.8	260000	59.178375	0.0	53320981	2321	260.0
1642389730.57	260000	59.767842	0.0	62494429	2543	260.0
1642389740.19	260000	59.905831	0.0	53458888	2517	260.0
1642389750.46	260000	59.874967	0.0	53798130	4077	260.0
