1642908886.82	8200	1.999999	0.354	546328	250	-92.04
1642908887.04	11700	3.787519	0.0	1102047	110	8.2
1642908887.21	11700	5.619869	0.0	1111083	64	11.7
1642908887.38	11700	7.454413	0.0	1066380	61	11.7
1642908887.73	11700	9.099671	0.0	3938957	224	11.7
1642908888.75	32800	10.078957	0.0	15664097	785	11.699999999999996
1642908889.78	32800	11.055306	0.0	15560661	848	32.8
1642908890.9	32800	11.931443	0.0	15851372	907	32.8
1642908892.2	32800	12.626164	0.0	14688721	1147	32.8
1642908894.82	32800	12.011884	0.0	12381646	2461	32.8
1642908895.56	32800	13.372804	0.0	10179458	593	32.8
1642908896.25	32800	14.683091	0.0	7987681	559	32.8
1642908896.87	32800	16.067997	0.0	6249975	492	32.8
1642908897.56	32800	17.699643	0.0	6462926	566	32.8
1642908898.12	32800	19.392935	0.0	6930236	441	32.8
1642908898.7	32800	21.232222	0.0	7176786	457	32.8
1642908899.28	32800	22.849323	0.0	6963959	444	32.8
1642908899.85	32800	24.463825	0.0	7320305	444	32.8
1642908900.41	32800	26.017556	0.0	7420242	432	32.8
1642908901.04	32800	27.725625	0.0	7455282	508	32.8
1642908901.7	32800	29.294704	0.0	7960895	528	32.8
1642908902.17	32800	30.997462	0.0	6396912	345	32.8
1642908902.73	32800	32.593905	0.0	7253832	430	32.8
1642908903.4	32800	34.112821	0.0	7034316	548	32.8
1642908904.34	32800	35.763013	0.0	7133512	797	32.8
1642908905.18	32800	37.429435	0.0	7041401	723	32.8
1642908905.85	32800	38.956592	0.0	7143328	534	32.8
1642908906.41	32800	40.609673	0.0	7338535	428	32.8
1642908906.9	32800	42.274541	0.0	6896645	354	32.8
1642908907.36	32800	44.022712	0.0	6714054	334	32.8
1642908907.85	32800	45.734167	0.0	7018701	350	32.8
1642908908.33	32800	47.416239	0.0	6838204	341	32.8
1642908916.52	260000	43.905282	0.0	71469145	7000	32.80000000000001
1642908917.7	32800	44.956811	0.0	6926196	951	-194.39999999999998
1642908918.45	32800	46.343569	0.0	7072104	618	32.8
1642908919.17	32800	47.672542	0.0	7515735	586	32.8
1642908919.84	32800	48.997054	0.0	7011028	545	32.8
1642908920.54	32800	50.299222	0.0	7307337	567	32.8
1642908921.41	32800	51.428054	0.0	7344127	734	32.8
1642908921.98	32800	52.861607	0.0	7064203	436	32.8
1642908922.54	32800	54.300773	0.0	7516082	437	32.8
1642908922.78	32800	56.063786	0.0	7278398	107	32.8
1642908923.01	32800	57.829595	0.0	7481760	106	32.8
1642908923.25	32800	59.586084	0.0	7871221	107	32.8
1642908925.45	260000	59.531081	0.0	55686462	718	32.80000000000001
1642908927.45	260000	59.998491	0.0	61687104	984	260.0
1642908930.31	260000	59.726124	0.0	56994559	956	260.0
1642908932.32	260000	59.844213	0.0	55162012	1148	260.0
1642908934.8	260000	59.840465	0.0	63612323	968	260.0
1642908937.16	260000	59.971471	0.0	53712380	920	260.0
1642908940.12	260000	59.38761	0.0	59826276	2522	260.0
1642908942.26	260000	59.48446	0.0	58861434	1732	260.0
1642908946.21	260000	57.977532	0.0	53320981	3423	260.0
1642908951.82	260000	54.853331	0.0	62494429	5188	260.0
1642908952.5	32800	56.172559	0.0	7845705	549	-194.39999999999998
1642908953.07	32800	57.653251	0.0	7682661	448	32.8
1642908953.71	32800	59.015934	0.0	8703604	507	32.8
1642908955.32	32800	59.547997	0.0	8166986	476	32.8
1642908956.95	32800	59.79802	0.0	8155312	499	32.8
1642908959.26	32800	59.548008	0.0	9057843	687	32.8
1642908959.38	32800	59.383112	0.0	296571	19	32.8

1642908959.8	8200	1.999999	0.13	427088	29	-33.8
1642908960.04	32800	3.833229	0.0	1705511	115	8.199999999999996
1642908960.25	32800	5.622139	0.0	1560846	107	32.8
1642908960.46	32800	7.408104	0.0	1542804	106	32.8
1642908961.96	32800	7.908519	0.0	12166782	1312	32.8
1642908963.42	32800	8.456811	0.0	15664097	1276	32.8
1642908964.5	32800	9.372558	0.0	15560661	921	32.8
1642908965.61	32800	10.25724	0.0	15851372	924	32.8
1642908966.58	32800	11.296796	0.0	14688721	791	32.8
1642908967.89	32800	11.979086	0.0	12381646	1161	32.8
1642908968.81	32800	13.564317	0.0	10179458	770	32.8
1642908969.5	32800	15.114883	0.0	7987681	559	32.8
1642908970.17	32800	16.510097	0.0	6249975	547	32.8
1642908970.95	32800	17.924389	0.0	6462926	654	32.8
1642908972.45	32800	19.240645	0.0	6930236	1374	32.8
1642908974.59	32800	19.914317	0.0	7176786	2016	32.8
1642908975.63	32800	21.336628	0.0	6963959	914	32.8
1642908975.84	32800	23.196195	0.0	7320305	73	32.8
1642908976.04	32800	25.071426	0.0	7420242	74	32.8
1642908976.25	32800	26.939058	0.0	7455282	74	32.8
1642908976.47	32800	28.82286	0.0	7960895	84	32.8
1642908976.66	32800	30.670501	0.0	6396912	59	32.8
1642908979.3	260000	31.184222	0.0	77638812	1457	32.80000000000001
1642908981.18	260000	31.95763	0.0	74749470	1196	260.0
1642908983.77	260000	32.880434	0.0	75910911	2115	260.0
1642908987.61	260000	32.427791	0.0	74070687	1742	260.0
1642908989.26	260000	33.222062	0.0	73938718	1248	260.0
1642908990.84	260000	34.104619	0.0	73613985	1081	260.0
1642908992.49	260000	34.717035	0.0	69503182	1149	260.0
1642908993.88	260000	35.619419	0.0	72822670	861	260.0
1642908995.22	260000	36.276758	0.0	70991563	722	260.0
1642908996.65	260000	36.852856	0.0	66218671	831	260.0
1642908998.78	260000	36.82124	0.0	71469145	1461	260.0
1642909000.02	260000	37.728776	0.0	64074874	710	260.0
1642909001.5	260000	38.273882	0.0	65041967	986	260.0
1642909003.38	260000	38.4788	0.0	65860507	1426	260.0
1642909005.02	260000	39.017262	0.0	60900183	1194	260.0
1642909006.79	260000	39.569901	0.0	65223805	1303	260.0
1642909008.48	260000	40.181897	0.0	61492275	1283	260.0
1642909010.15	260000	40.657868	0.0	57534179	1195	260.0
1642909011.84	260000	41.069233	0.0	64191273	1293	260.0
1642909013.29	260000	41.979675	0.0	57421190	1119	260.0
1642909014.75	260000	42.743744	0.0	60358582	1126	260.0
1642909016.2	260000	43.913234	0.0	60581734	1118	260.0
1642909017.58	260000	45.594447	0.0	55686462	1034	260.0
1642909019.47	260000	47.204763	0.0	61687104	1396	260.0
1642909021.13	260000	48.907798	0.0	56994559	1289	260.0
1642909023.13	260000	50.52835	0.0	55162012	1525	260.0
1642909025.13	260000	52.126483	0.0	63612323	1599	260.0
1642909026.75	260000	53.796063	0.0	53712380	1277	260.0
1642909028.66	260000	55.474026	0.0	59826276	1369	260.0
1642909030.88	260000	57.063076	0.0	58861434	1742	260.0
1642909032.73	260000	58.663022	0.0	53320981	1498	260.0
1642909035.73	260000	59.791274	0.0	62494429	1623	260.0
1642909046.98	260000	59.888714	0.0	53458888	1359	260.0
1642909057.77	260000	59.891662	0.0	53798130	1794	260.0
1642909067.13	260000	59.813295	0.0	61358299	1685	260.0
1642909077.28	260000	59.81256	0.0	50406269	6217	260.0
