1642404251.06	8200	1.999999	0.361	546328	256	-93.86
1642404251.55	260000	3.513507	0.0	1757078	307	8.199999999999989
1642404252.0	260000	5.063062	0.0	1560847	270	260.0
1642404252.51	260000	6.556066	0.0	1542805	270	260.0
1642404254.37	32800	6.7026	0.0	12166782	1594	-194.39999999999998
1642404256.96	32800	6.10388	0.0	15664097	2358	32.8
1642404259.22	32800	5.897135	0.0	15560661	2004	32.8
1642404261.25	32800	6.668235	0.0	15851372	1795	32.8
1642404263.28	32800	7.326365	0.0	14688721	1797	32.8
1642404264.87	32800	8.214094	0.0	12381646	1368	32.8
1642404266.04	32800	9.583133	0.0	10179458	961	32.8
1642404267.06	32800	11.064167	0.0	7987681	826	32.8
1642404267.81	32800	12.498814	0.0	6249975	546	32.8
1642404268.55	32800	13.965285	0.0	6462926	564	32.8
1642404272.99	152400	13.697848	0.0	42807747	3999	32.80000000000001
1642404276.99	152400	13.117831	0.0	40301174	3655	152.4
1642404280.43	152400	12.744246	0.0	39676104	3086	152.4
1642404283.42	152400	12.662926	0.0	40793176	2659	152.4
1642404288.45	152400	10.058127	0.0	37608977	4710	152.4
1642404289.35	32800	11.776531	0.0	7455282	704	-86.8
1642404290.16	32800	13.557517	0.0	7960895	616	32.8
1642404290.8	32800	15.424344	0.0	6396912	455	32.8
1642404293.73	152400	16.482282	0.0	37585290	2593	32.80000000000001
1642404296.15	152400	17.88751	0.0	34459282	2125	152.4
1642404299.22	152400	19.045996	0.0	37576374	2750	152.4
1642404301.87	152400	20.313789	0.0	34095545	2334	152.4
1642404304.61	152400	21.49725	0.0	34314045	2421	152.4
1642404307.53	152400	22.45884	0.0	34563011	2584	152.4
1642404312.21	152400	23.076702	0.0	31292175	4372	152.4
1642404314.63	152400	24.427402	0.0	32834126	2090	152.4
1642404319.25	152400	24.96905	0.0	33877878	4316	152.4
1642404321.82	152400	26.163663	0.0	31988631	2270	152.4
1642404326.06	152400	24.439254	0.0	34031025	3887	152.4
1642404328.52	152400	24.249608	0.0	30869167	2156	152.4
1642404330.87	152400	25.407597	0.0	31753337	2025	152.4
1642404334.18	152400	26.485295	0.0	34013525	2979	152.4
1642404337.08	152400	27.359616	0.0	30739933	2581	152.4
1642404340.78	152400	27.807679	0.0	34919429	3388	152.4
1642404343.48	152400	29.011913	0.0	34638995	2387	152.4
1642404347.17	260000	29.612663	0.0	57534179	3128	152.4
1642404349.39	260000	30.629561	0.0	64191273	1733	260.0
1642404350.65	260000	32.122493	0.0	57421190	876	260.0
1642404352.05	260000	33.575789	0.0	60358582	944	260.0
1642404353.4	260000	34.995462	0.0	60581734	929	260.0
1642404354.56	260000	36.569539	0.0	55686462	800	260.0
1642404355.91	260000	37.995912	0.0	61687104	908	260.0
1642404357.49	260000	39.53224	0.0	56994559	1146	260.0
1642404359.13	260000	40.729458	0.0	55162012	1159	260.0
1642404360.63	260000	42.124329	0.0	63612323	1001	260.0
1642404361.86	260000	43.817742	0.0	53712380	809	260.0
1642404363.27	260000	45.346048	0.0	59826276	1001	260.0
1642404364.57	260000	46.746274	0.0	58861434	851	260.0
1642404365.77	260000	48.345069	0.0	53320981	755	260.0
1642404367.18	260000	49.822361	0.0	62494429	904	260.0
1642404372.5	260000	49.946787	0.0	53458888	4929	260.0
1642404374.17	152400	51.376734	0.0	34872720	1257	44.80000000000001
1642404375.86	260000	52.604911	0.0	61358299	1226	152.4
1642404377.26	260000	54.096346	0.0	50406269	930	260.0
1642404378.43	260000	55.642217	0.0	43226513	793	260.0
1642404379.25	260000	57.28174	0.0	35938085	547	260.0
1642404379.4	260000	57.194118	0.0	631698	11	260.0

1642404379.83	8200	1.999999	0.105	385365	4	-27.3
1642404379.93	260000	3.919864	0.0	1757078	4	8.199999999999989
1642404380.02	260000	5.827264	0.0	1560847	8	260.0
1642404380.12	260000	7.734996	0.0	1542805	6	260.0
1642404382.64	260000	7.215119	0.0	83554460	1536	260.0
1642404384.97	260000	6.88245	0.0	88770741	1636	260.0
1642404386.8	260000	7.05607	0.0	84756689	1199	260.0
1642404388.13	152400	7.915127	0.0	72320713	795	44.80000000000001
1642404389.58	152400	9.650895	0.0	70827999	920	152.4
1642404390.85	152400	11.444589	0.0	51846012	901	152.4
1642404393.21	260000	12.79108	0.0	82198417	1841	152.4
1642404395.36	260000	14.632973	0.0	79299299	1631	260.0
1642404397.41	260000	16.322418	0.0	75092129	1532	260.0
1642404399.56	260000	17.953696	0.0	78844622	1603	260.0
1642404401.71	260000	19.686524	0.0	77654479	1545	260.0
1642404403.99	260000	21.220233	0.0	75220977	1775	260.0
1642404406.43	260000	22.781112	0.0	79740890	1754	260.0
1642404408.67	260000	24.416908	0.0	78574581	1621	260.0
1642404410.94	260000	26.102965	0.0	78901633	1699	260.0
1642404413.01	260000	27.768331	0.0	79414941	1579	260.0
1642404415.17	260000	29.410356	0.0	73704781	1311	260.0
1642404416.98	260000	31.115739	0.0	80783826	1283	260.0
1642404418.72	260000	32.65902	0.0	77638812	1126	260.0
1642404420.41	260000	34.404402	0.0	74749470	1173	260.0
1642404422.04	260000	36.257023	0.0	75910911	1102	260.0
1642404424.02	260000	37.76743	0.0	74070687	1461	260.0
1642404426.43	260000	39.374114	0.0	73938718	1761	260.0
1642404428.51	260000	41.225365	0.0	73613985	1599	260.0
