1642465731.19	8200	1.999999	0.351	546328	249	-91.26
1642465731.57	260000	3.634282	0.0	1757078	179	8.199999999999989
1642465731.89	260000	5.308484	0.0	1560847	131	260.0
1642465732.19	260000	7.011235	0.0	1542805	119	260.0
1642465733.48	32800	7.716194	0.0	12166782	996	-194.39999999999998
1642465736.28	32800	6.918989	0.0	15664097	2565	32.8
1642465736.86	11700	8.337772	0.0	5378836	374	-9.400000000000002
1642465737.5	11700	9.704411	0.0	4892753	427	11.7
1642465738.8	32800	10.396186	0.0	14688721	1080	11.699999999999996
1642465739.89	32800	11.529533	0.0	12381646	865	32.8
1642465745.46	152400	9.831629	0.0	57184643	4659	32.80000000000001
1642465753.17	152400	6.166316	0.0	48821461	7357	152.4
1642465755.08	152400	7.107031	0.0	44466772	1466	152.4
1642465756.16	152400	8.310651	0.0	45810515	711	152.4
1642465757.16	152400	9.559219	0.0	42807747	621	152.4
1642465758.1	152400	11.559219	0.0	40301174	586	152.4
1642465760.09	260000	13.262588	0.0	79740890	1328	152.4
1642465761.97	260000	14.767907	0.0	78574581	1280	260.0
1642465764.4	260000	16.177886	0.0	78901633	1921	260.0
1642465766.28	260000	17.774312	0.0	79414941	1403	260.0
1642465770.35	260000	18.689698	0.0	73704781	3390	260.0
1642465777.33	260000	18.636596	0.0	80783826	6234	260.0
1642465783.81	260000	18.414624	0.0	77638812	5860	260.0
1642465788.92	260000	19.213835	0.0	74749470	4404	260.0
1642465794.34	260000	19.619539	0.0	75910911	4940	260.0
1642465796.1	260000	20.998351	0.0	74070687	1134	260.0
1642465804.23	260000	21.200967	0.0	73938718	7642	260.0
1642465825.28	260000	19.595571	0.0	73613985	20446	260.0
1642465837.3	260000	19.316785	0.0	69503182	11417	260.0
1642465840.02	260000	20.733846	0.0	72822670	2042	260.0
1642465841.66	260000	22.544542	0.0	70991563	1178	260.0
1642465844.18	260000	24.228287	0.0	66218671	2093	260.0
1642465846.94	260000	25.706311	0.0	71469145	2239	260.0
1642465848.84	260000	27.270895	0.0	64074874	1442	260.0
1642465850.95	260000	28.917287	0.0	65041967	1628	260.0
1642465853.53	260000	30.239041	0.0	65860507	2047	260.0
1642465855.77	260000	31.838727	0.0	60900183	1773	260.0
1642465858.09	260000	33.573809	0.0	65223805	1857	260.0
1642465860.18	260000	35.18214	0.0	61492275	1706	260.0
1642465862.48	260000	36.752535	0.0	57534179	1861	260.0
1642465864.67	260000	38.34624	0.0	64191273	1784	260.0
1642465866.76	260000	39.770309	0.0	57421190	1696	260.0
1642465868.84	260000	41.530278	0.0	60358582	1615	260.0
1642465870.68	260000	43.178971	0.0	60581734	1371	260.0
1642465872.23	260000	44.764727	0.0	55686462	1117	260.0
1642465874.52	260000	46.398608	0.0	61687104	1757	260.0
1642465876.75	260000	47.942635	0.0	56994559	1760	260.0
1642465878.97	260000	49.509762	0.0	55162012	1792	260.0
1642465881.31	260000	51.03657	0.0	63612323	1923	260.0
1642465883.27	260000	52.705473	0.0	53712380	1604	260.0
1642465885.25	260000	54.317866	0.0	59826276	1600	260.0
1642465887.23	260000	55.766696	0.0	58861434	1442	260.0
1642465889.12	260000	57.603444	0.0	53320981	1504	260.0
1642465891.78	260000	59.068321	0.0	62494429	2220	260.0
1642465897.62	260000	59.973763	0.0	53458888	2823	260.0
1642465909.2	260000	59.738555	0.0	53798130	3659	260.0
1642465919.69	260000	59.88024	0.0	61358299	7955	260.0
1642465930.89	260000	59.557597	0.0	50406269	4292	260.0
1642465941.03	260000	59.929402	0.0	43226513	3173	260.0
1642465952.52	260000	59.906549	0.0	35938085	3563	260.0
1642465953.07	260000	59.6058	0.0	631698	338	260.0

1642465953.19	11700	59.6058	0.351	139786	6	-91.26
1642465953.25	260000	59.6058	0.0	631698	2	11.699999999999989
1642465954.11	8200	1.999999	0.213	2049018	446	-298.98
1642465954.22	260000	3.918173	0.0	1757078	4	8.199999999999989
1642465954.32	260000	5.818919	0.0	1560847	5	260.0
1642465954.41	260000	7.723648	0.0	1542805	5	260.0
1642465961.59	152400	2.555282	0.0	68504102	6474	44.80000000000001
1642465962.35	11700	3.946612	0.0	4536725	568	-129.0
1642465962.51	11700	5.939444	0.0	5378836	14	11.7
1642465968.88	152400	6.612112	0.0	72320713	5623	11.700000000000017
1642465976.28	152400	3.848964	0.0	70827999	6840	152.4
1642465976.47	32800	5.848964	0.0	12381646	26	-86.8
1642465981.63	152400	6.958313	0.0	57184643	4717	32.80000000000001
1642465990.17	152400	7.213357	0.0	48821461	8026	152.4
1642465992.23	152400	8.876737	0.0	44466772	1469	152.4
1642465993.47	152400	10.618814	0.0	45810515	871	152.4
1642465995.14	152400	12.177455	0.0	42807747	1239	152.4
1642465996.58	152400	13.830654	0.0	40301174	1109	152.4
1642465998.88	260000	14.188298	0.0	79740890	1712	152.4
1642466001.41	260000	15.526144	0.0	78574581	1957	260.0
1642466003.31	260000	17.002144	0.0	78901633	1394	260.0
1642466007.57	260000	17.918023	0.0	79414941	3717	260.0
1642466013.83	260000	18.469313	0.0	73704781	5804	260.0
1642466020.62	260000	18.426117	0.0	80783826	6112	260.0
1642466025.71	260000	18.913104	0.0	77638812	4565	260.0
