1643137808.75	8200	1.999999	0.358	546328	257	-93.08
1643137809.25	260000	3.510673	0.0	1757078	307	8.199999999999989
1643137809.66	260000	5.102918	0.0	1560847	233	260.0
1643137810.04	260000	6.717267	0.0	1542805	217	260.0
1643137811.87	32800	6.8966	0.0	12166782	1560	-194.39999999999998
1643137812.79	11700	7.970409	0.0	4536725	725	-9.400000000000002
1643137813.73	11700	9.03235	0.0	5378836	753	11.7
1643137816.02	32800	8.740455	0.0	15851372	2042	11.699999999999996
1643137817.92	32800	9.320931	0.0	14688721	1662	32.8
1643137818.44	8200	10.950808	0.0	2809333	327	-16.400000000000002
1643137818.78	4900	12.898217	0.0	1144854	164	1.6000000000000005
1643137819.95	32800	13.936806	0.0	7987681	953	4.899999999999999
1643137820.22	4900	15.665288	0.0	935377	91	-23.0
1643137821.15	32800	16.733336	0.0	6462926	736	4.899999999999999
1643137822.01	32800	17.874018	0.0	6930236	650	32.8
1643137826.31	152400	16.753368	0.0	40301174	3842	32.80000000000001
1643137830.46	152400	15.960748	0.0	39676104	3794	152.4
1643137834.33	152400	14.085701	0.0	40793176	3507	152.4
1643137837.59	152400	13.525657	0.0	37608977	2926	152.4
1643137840.2	152400	12.916696	0.0	35738670	2292	152.4
1643137842.92	152400	12.481448	0.0	36020729	2402	152.4
1643137847.12	152400	13.00888	0.0	36493721	3877	152.4
1643137850.08	152400	13.83111	0.0	37585290	2632	152.4
1643137852.56	152400	15.230407	0.0	34459282	2183	152.4
1643137855.56	152400	16.056591	0.0	37576374	2675	152.4
1643137858.15	152400	17.397741	0.0	34095545	2287	152.4
1643137860.88	152400	18.389834	0.0	34314045	2424	152.4
1643137863.95	152400	19.431285	0.0	34563011	2675	152.4
1643137866.37	152400	20.564038	0.0	31292175	2058	152.4
1643137871.86	260000	20.663166	0.0	72822670	4718	152.4
1643137879.44	260000	19.770266	0.0	70991563	6968	260.0
1643137886.18	260000	19.452219	0.0	66218671	6105	260.0
1643137892.34	260000	19.124845	0.0	71469145	5638	260.0
1643137898.46	260000	18.916129	0.0	64074874	5685	260.0
1643137903.77	260000	18.903628	0.0	65041967	4724	260.0
1643137905.27	260000	20.248205	0.0	65860507	1040	260.0
1643137906.52	260000	21.820926	0.0	60900183	800	260.0
1643137908.22	260000	23.128504	0.0	65223805	1217	260.0
1643137909.88	260000	24.439404	0.0	61492275	1196	260.0
1643137911.34	260000	25.827503	0.0	57534179	1037	260.0
1643137912.97	260000	27.347605	0.0	64191273	1148	260.0
1643137914.93	260000	28.599657	0.0	57421190	1484	260.0
1643137916.61	260000	29.794308	0.0	60358582	1084	260.0
1643137918.09	260000	31.469995	0.0	60581734	1020	260.0
1643137919.54	260000	32.853839	0.0	55686462	1019	260.0
1643137921.08	260000	33.96483	0.0	61687104	1080	260.0
1643137922.82	260000	35.45086	0.0	56994559	1225	260.0
1643137924.62	260000	37.330191	0.0	55162012	1223	260.0
1643137930.14	260000	38.222929	0.0	63612323	4928	260.0
1643137931.57	260000	39.903772	0.0	53712380	909	260.0
1643137933.2	260000	41.606707	0.0	59826276	1211	260.0
1643137934.78	260000	43.198263	0.0	58861434	1158	260.0
1643137936.04	260000	44.936273	0.0	53320981	868	260.0
1643137937.57	260000	46.633796	0.0	62494429	935	260.0
1643137938.94	260000	48.270414	0.0	53458888	859	260.0
1643137940.44	260000	49.82725	0.0	53798130	1096	260.0
1643137941.97	260000	51.634212	0.0	61358299	973	260.0
1643137943.1	260000	53.360429	0.0	50406269	713	260.0
1643137944.05	260000	55.105514	0.0	43226513	559	260.0
1643137944.72	260000	56.964845	0.0	35938085	405	260.0
1643137944.85	260000	56.998179	0.0	631698	8	260.0

1643137944.98	11700	56.998179	0.358	139786	4	-93.08
1643137945.03	260000	56.998179	0.0	631698	1	11.699999999999989
1643137945.73	8200	1.999999	0.105	2049018	345	-270.90000000000003
1643137945.84	260000	3.924775	0.0	1757078	3	8.199999999999989
1643137945.93	260000	5.830196	0.0	1560847	3	260.0
1643137946.03	260000	7.738274	0.0	1542805	3	260.0
1643137946.21	32800	9.553873	0.0	12166782	19	-194.39999999999998
1643137946.93	32800	10.831438	0.0	15664097	416	32.8
1643137948.91	260000	10.855935	0.0	84756689	1063	32.80000000000001
1643137951.09	260000	10.677566	0.0	85798884	1517	260.0
1643137952.83	260000	10.932389	0.0	86059829	1155	260.0
1643137954.72	260000	11.417341	0.0	83431241	1328	260.0
1643137956.68	260000	11.932805	0.0	82198417	1261	260.0
1643137958.48	260000	12.925853	0.0	79299299	1156	260.0
1643137960.03	260000	13.756336	0.0	75092129	1068	260.0
1643137962.06	260000	15.597481	0.0	78844622	1486	260.0
1643137964.06	260000	17.234869	0.0	77654479	1355	260.0
1643137965.94	260000	18.851801	0.0	75220977	1278	260.0
1643137967.83	260000	20.60932	0.0	79740890	1319	260.0
1643137969.75	260000	22.22602	0.0	78574581	1410	260.0
1643137971.69	260000	23.995868	0.0	78901633	1401	260.0
1643137973.68	260000	25.423124	0.0	79414941	1495	260.0
1643137975.61	260000	27.348806	0.0	73704781	1298	260.0
1643137977.47	260000	29.028603	0.0	80783826	1368	260.0
1643137979.25	260000	30.614386	0.0	77638812	1245	260.0
1643137981.0	260000	32.380348	0.0	74749470	1131	260.0
1643137982.92	260000	33.971479	0.0	75910911	1327	260.0
1643137985.12	260000	35.610842	0.0	74070687	1533	260.0
1643137987.27	260000	37.220433	0.0	73938718	1649	260.0
1643137989.36	260000	38.80028	0.0	73613985	1543	260.0
1643137991.54	260000	40.573016	0.0	69503182	1700	260.0
1643137993.79	260000	42.11381	0.0	72822670	1706	260.0
1643137996.54	260000	43.652989	0.0	70991563	2126	260.0
1643137998.99	260000	45.184779	0.0	66218671	1868	260.0
1643138001.68	260000	46.881721	0.0	71469145	2008	260.0
1643138004.4	260000	48.240025	0.0	64074874	2194	260.0
1643138006.96	260000	49.883289	0.0	65041967	2103	260.0
