1643147647.69	8200	1.999999	0.351	546328	251	-91.26
1643147648.08	260000	3.615129	0.0	1757078	167	8.199999999999989
1643147648.32	260000	5.376089	0.0	1560847	62	260.0
1643147648.56	260000	7.132281	0.0	1542805	60	260.0
1643147649.33	32800	8.36589	0.0	12166782	472	-194.39999999999998
1643147650.23	32800	9.470789	0.0	15664097	645	32.8
1643147654.0	152400	7.693373	0.0	68626847	2727	32.80000000000001
1643147657.71	152400	6.414406	0.0	72320713	3063	152.4
1643147661.59	152400	5.934611	0.0	70827999	3214	152.4
1643147664.06	152400	7.605135	0.0	51846012	2035	152.4
1643147667.37	152400	8.852523	0.0	57184643	2792	152.4
1643147669.7	152400	10.290901	0.0	48821461	1898	152.4
1643147673.82	260000	11.429035	0.0	75092129	3254	152.4
1643147677.67	260000	12.726677	0.0	78844622	3247	260.0
1643147681.16	260000	14.08342	0.0	77654479	2905	260.0
1643147684.89	260000	15.260304	0.0	75220977	3099	260.0
1643147689.11	260000	16.312434	0.0	79740890	3618	260.0
1643147697.28	260000	16.088145	0.0	78574581	7589	260.0
1643147705.1	260000	16.058072	0.0	78901633	7189	260.0
1643147710.42	260000	16.574228	0.0	79414941	4751	260.0
1643147712.63	260000	17.879358	0.0	73704781	1687	260.0
1643147714.57	260000	19.552064	0.0	80783826	1181	260.0
1643147716.43	260000	21.173071	0.0	77638812	1188	260.0
1643147718.23	260000	22.715264	0.0	74749470	1044	260.0
1643147720.22	260000	24.387089	0.0	75910911	1223	260.0
1643147721.92	260000	26.038974	0.0	74070687	1124	260.0
1643147724.11	260000	27.615387	0.0	73938718	1629	260.0
1643147726.28	260000	29.300961	0.0	73613985	1627	260.0
1643147728.67	260000	30.801189	0.0	69503182	1869	260.0
1643147731.11	260000	32.476331	0.0	72822670	1858	260.0
1643147733.55	260000	34.091901	0.0	70991563	1830	260.0
1643147735.81	260000	35.549305	0.0	66218671	1735	260.0
1643147739.54	260000	36.901132	0.0	71469145	3187	260.0
1643147746.18	260000	37.710827	0.0	64074874	6153	260.0
1643147757.06	260000	37.46323	0.0	65041967	10329	260.0
1643147760.38	260000	38.792947	0.0	65860507	2634	260.0
1643147771.01	260000	39.033129	0.0	60900183	7243	260.0
1643147773.15	260000	40.526296	0.0	65223805	1554	260.0
1643147774.47	260000	42.243456	0.0	61492275	770	260.0
1643147775.63	260000	44.034929	0.0	57534179	714	260.0
1643147777.05	260000	45.801448	0.0	64191273	815	260.0
1643147778.42	260000	47.462061	0.0	57421190	837	260.0
1643147779.84	260000	49.178989	0.0	60358582	867	260.0
1643147781.24	260000	51.028875	0.0	60581734	898	260.0
1643147783.57	260000	52.530573	0.0	55686462	1736	260.0
1643147785.2	260000	54.248966	0.0	61687104	943	260.0
1643147786.78	260000	55.916655	0.0	56994559	1099	260.0
1643147788.44	260000	57.729751	0.0	55162012	1098	260.0
1643147790.34	260000	59.341525	0.0	63612323	1344	260.0
1643147798.4	260000	59.885114	0.0	53712380	1107	260.0
1643147807.57	260000	59.790138	0.0	59826276	2581	260.0
1643147818.35	260000	59.874063	0.0	58861434	5694	260.0
1643147829.12	260000	59.885353	0.0	53320981	3718	260.0
1643147842.51	260000	59.167901	0.0	62494429	12675	260.0
