1642836576.84	8200	1.999999	0.36	546328	252	-93.6
1642836577.04	11700	3.804421	0.0	1102047	88	8.2
1642836577.19	32800	5.65356	0.0	1560846	27	11.699999999999996
1642836577.32	260000	7.53011	0.0	1542805	15	32.80000000000001
1642836579.9	260000	6.950306	0.0	83554460	1530	260.0
1642836581.28	152400	7.569422	0.0	56494032	1002	44.80000000000001
1642836582.99	152400	7.858151	0.0	68626847	1286	152.4
1642836583.0	260000	7.849152	0.0	68626847	1286	152.4
1642836585.28	260000	7.929092	0.0	85798884	1722	260.0
1642836588.7	260000	9.26701	0.0	86059829	2866	260.0
1642836591.83	260000	10.695227	0.0	83431241	2619	260.0
1642836604.92	260000	59.861223	0.0	7515735	66	260.0
1642836604.93	260000	59.861223	0.0	7515735	66	260.0
1642836627.03	260000	59.829329	0.0	2654985	507	260.0
1642836627.04	260000	59.829329	0.0	2654985	507	260.0
1642836638.45	260000	59.82232	0.0	2594029	505	260.0
1642836638.46	32800	59.82232	0.0	2594029	505	-194.39999999999998
1642836650.85	32800	59.541448	0.0	7064203	663	32.8
1642836652.74	32800	59.956982	0.0	7516082	675	32.8
1642836655.02	32800	59.985499	0.0	7278398	147	32.8
1642836657.82	32800	59.614937	0.0	7481760	173	32.8
1642836657.82	152400	59.510336	0.0	7481760	173	32.80000000000001
1642836659.82	152400	59.72324	0.0	35599566	731	152.4
1642836659.83	260000	59.682839	0.0	35599566	731	152.4
1642836662.02	260000	59.60469	0.0	55686462	807	260.0
1642836664.16	260000	59.610955	0.0	61687104	1212	260.0
1642836665.83	260000	59.911234	0.0	56994559	1240	260.0
1642836668.77	260000	59.58812	0.0	55162012	1043	260.0
1642836670.96	260000	59.600112	0.0	63612323	1245	260.0
1642836672.61	260000	59.971708	0.0	53712380	1277	260.0
1642836675.08	260000	59.838284	0.0	59826276	1519	260.0
1642836676.86	260000	59.963717	0.0	58861434	1377	260.0
1642836679.29	260000	59.662274	0.0	53320981	1560	260.0
1642836681.6	260000	59.249412	0.0	62494429	1844	260.0
1642836683.51	260000	59.627537	0.0	53458888	1523	260.0
1642836685.35	260000	59.781184	0.0	53798130	1462	260.0
1642836685.36	152400	59.77251	0.0	53798130	1462	44.80000000000001
1642836685.37	260000	59.766579	0.0	53798130	1462	152.4
1642836687.38	260000	59.752217	0.0	61358299	1584	260.0
1642836689.45	260000	59.769117	0.0	50406269	1195	260.0
1642836691.33	260000	59.960305	0.0	43226513	1053	260.0
1642836693.88	260000	59.839955	0.0	35938085	785	260.0
1642836694.0	260000	59.72502	0.0	631698	8	260.0
