1642910010.26	8200	1.999999	0.356	546328	252	-92.56
1642910010.47	11700	3.790914	0.0	1102047	101	8.2
1642910010.61	11700	5.649002	0.0	1111083	42	11.7
1642910010.76	11700	7.503332	0.0	1066380	41	11.7
1642910011.05	11700	9.218711	0.0	3938957	158	11.7
1642910012.02	32800	10.247371	0.0	15664097	644	11.699999999999996
1642910012.8	32800	11.462539	0.0	15560661	605	32.8
1642910017.5	260000	8.767423	0.0	85798884	3387	32.80000000000001
1642910021.8	260000	7.074519	0.0	86059829	3525	260.0
1642910025.74	260000	6.761635	0.0	83431241	3404	260.0
1642910030.13	260000	7.591413	0.0	82198417	3760	260.0
1642910034.2	260000	8.864493	0.0	79299299	3375	260.0
1642910037.73	260000	10.17768	0.0	75092129	3088	260.0
1642910041.29	260000	11.599383	0.0	78844622	3034	260.0
1642910045.09	260000	12.961633	0.0	77654479	3162	260.0
1642910049.32	260000	14.274751	0.0	75220977	3556	260.0
1642910055.34	260000	15.202657	0.0	79740890	5567	260.0
1642910065.61	260000	15.427241	0.0	78574581	9529	260.0
1642910065.99	32800	17.312718	0.0	7420242	248	-194.39999999999998
1642910066.43	32800	19.209903	0.0	7455282	306	32.8
1642910066.89	32800	21.169641	0.0	7960895	327	32.8
1642910067.31	32800	23.024542	0.0	6396912	296	32.8
1642910067.78	32800	25.024542	0.0	7253832	338	32.8
1642910072.88	260000	26.104939	0.0	74749470	4573	32.80000000000001
1642910073.09	32800	28.104939	0.0	7133512	79	-194.39999999999998
1642910073.29	32800	30.104939	0.0	7041401	73	32.8
1642910073.49	32800	31.962097	0.0	7143328	77	32.8
1642910073.7	32800	33.752094	0.0	7338535	79	32.8
1642910073.96	32800	35.554325	0.0	6896645	77	32.8
1642910075.74	260000	37.554325	0.0	72822670	1119	32.80000000000001
1642910077.31	260000	39.338207	0.0	70991563	1081	260.0
1642910079.24	260000	41.035415	0.0	66218671	1454	260.0
1642910081.2	260000	42.530409	0.0	71469145	1463	260.0
1642910083.26	260000	44.267984	0.0	64074874	1697	260.0
1642910085.69	260000	45.815416	0.0	65041967	1886	260.0
1642910087.96	260000	47.378456	0.0	65860507	1874	260.0
1642910090.02	260000	49.091032	0.0	60900183	1697	260.0
1642910092.27	260000	50.553692	0.0	65223805	1784	260.0
1642910094.32	260000	52.282596	0.0	61492275	1619	260.0
1642910096.08	260000	53.931531	0.0	57534179	1403	260.0
1642910098.09	260000	55.663994	0.0	64191273	1588	260.0
1642910101.35	260000	56.974577	0.0	57421190	2864	260.0
1642910107.69	260000	57.74511	0.0	60358582	5959	260.0
1642910108.73	32800	59.594941	0.0	7871221	898	-194.39999999999998
1642910117.68	32800	59.711261	0.0	7236548	818	32.8
1642910127.61	32800	59.841898	0.0	7418057	711	32.8
1642910137.76	32800	59.916968	0.0	7580084	1430	32.8
1642910149.17	32800	59.388418	0.0	7306910	684	32.8
1642910151.08	32800	59.985864	0.0	7790808	693	32.8
1642910153.89	32800	59.657653	0.0	7160738	184	32.8
1642910155.68	32800	59.834789	0.0	7565820	154	32.8
1642910158.49	32800	59.528144	0.0	8064139	168	32.8
1642910160.25	32800	59.934612	0.0	7308924	136	32.8
1642910170.65	32800	59.85824	0.0	7936123	764	32.8
1642910172.98	32800	59.840272	0.0	7845705	1113	32.8
1642910174.78	32800	59.995971	0.0	7682661	670	32.8
1642910177.0	32800	59.845633	0.0	8703604	575	32.8
1642910179.05	32800	59.988026	0.0	8166986	429	32.8
1642910181.61	32800	59.914122	0.0	8155312	430	32.8
1642910190.84	32800	59.816165	0.0	9057843	597	32.8
1642910191.29	32800	59.849499	0.0	296571	264	32.8

1642910191.31	32800	59.849499	0.356	296571	1	-92.56
1642910191.33	32800	59.849499	0.0	296571	0	32.8
1642910191.83	8200	1.999999	-0.149	385365	99	22.339999999999996
1642910191.86	11700	3.992088	0.0	1102047	3	8.2
1642910192.23	32800	5.625744	0.0	1560846	258	11.699999999999996
1642910192.6	32800	7.2526	0.0	1542804	269	32.8
1642910194.93	32800	6.917986	0.0	12166782	2128	32.8
1642910199.6	32800	4.256394	0.0	15664097	4470	32.8
1642910202.97	32800	3.850656	0.0	15560661	3201	32.8
1642910207.29	32800	3.602177	0.0	15851372	4139	32.8
