1642847515.99	8200	1.999999	0.347	546328	252	-90.22
1642847516.19	8200	3.809839	0.0	790650	96	8.2
1642847516.37	8200	5.632025	0.0	911646	80	8.2
1642847516.53	8200	7.463919	0.0	844970	73	8.2
1642847517.72	11700	8.282528	0.0	3938957	1052	8.2
1642847518.48	11700	9.520886	0.0	4536725	635	11.7
1642847519.51	11700	10.492108	0.0	5378836	900	11.7
1642847521.05	11700	10.94651	0.0	4892753	1429	11.7
1642847522.12	11700	11.874015	0.0	5587559	951	11.7
1642847522.75	11700	13.247699	0.0	4371099	509	11.7
1642847524.81	11700	13.322189	0.0	3375218	1949	11.7
1642847525.15	11700	14.987831	0.0	2615238	227	11.7
1642847525.45	11700	16.679823	0.0	2255191	197	11.7
1642847525.77	11700	18.365254	0.0	2392223	205	11.7
1642847526.05	11700	20.084577	0.0	2491394	174	11.7
1642847526.35	11700	21.794332	0.0	2629283	183	11.7
1642847526.64	11700	23.496834	0.0	2662617	185	11.7
1642847526.94	11700	25.190005	0.0	2614451	201	11.7
1642847527.26	11700	26.87826	0.0	2649932	206	11.7
1642847527.58	11700	28.55566	0.0	2700523	209	11.7
1642847528.62	32800	29.511014	0.0	7960895	898	11.699999999999996
1642847529.25	32800	30.935704	0.0	6396912	504	32.8
1642847529.89	32800	32.397946	0.0	7253832	504	32.8
1642847530.36	32800	33.962034	0.0	7034316	351	32.8
1642847530.87	32800	35.466325	0.0	7133512	369	32.8
1642847531.4	32800	36.923855	0.0	7041401	410	32.8
1642847531.92	32800	38.403171	0.0	7143328	392	32.8
1642847532.42	32800	39.908549	0.0	7338535	368	32.8
1642847532.88	32800	41.447585	0.0	6896645	337	32.8
1642847533.31	32800	43.010848	0.0	6714054	313	32.8
1642847533.77	32800	44.555523	0.0	7018701	325	32.8
1642847534.19	32800	46.222221	0.0	6838204	299	32.8
1642847534.64	32800	47.863283	0.0	6922846	315	32.8
1642847534.99	32800	49.637502	0.0	6926196	232	32.8
1642847535.35	32800	51.27919	0.0	7072104	237	32.8
1642847535.74	32800	52.892171	0.0	7515735	251	32.8
1642847536.07	32800	54.563328	0.0	7011028	204	32.8
1642847536.41	32800	56.224968	0.0	7307337	212	32.8
1642847536.75	32800	57.881781	0.0	7344127	215	32.8
1642847538.19	152400	58.467729	0.0	30969970	1044	32.80000000000001
1642847539.66	152400	59.070645	0.0	35313058	1196	152.4
1642847540.95	152400	59.78232	0.0	32767078	1038	152.4
1642847543.22	152400	59.670288	0.0	34143965	1009	152.4
1642847545.02	152400	59.920316	0.0	35599566	1037	152.4
1642847547.14	152400	59.670284	0.0	31880015	888	152.4
1642847549.06	152400	59.920295	0.0	35467287	1109	152.4
1642847550.91	152400	59.920292	0.0	35220717	1093	152.4
1642847553.22	152400	59.670273	0.0	32694645	1052	152.4
1642847554.94	152400	59.791203	0.0	39805936	1364	152.4
1642847557.29	152400	59.67027	0.0	33801477	1093	152.4
1642847559.03	152400	59.70146	0.0	36845834	1460	152.4
1642847561.19	152400	59.753839	0.0	38920703	1392	152.4
1642847563.1	152400	59.982449	0.0	33588969	1130	152.4
1642847566.02	152400	59.429224	0.0	37188900	2645	152.4
1642847568.31	32800	59.592129	0.0	7845705	143	-86.8
1642847570.24	32800	59.884276	0.0	7682661	804	32.8
1642847572.63	32800	59.698208	0.0	8703604	761	32.8
1642847575.0	32800	59.740146	0.0	8166986	713	32.8
1642847576.73	32800	59.990239	0.0	8155312	1104	32.8
1642847578.96	32800	59.754544	0.0	9057843	1584	32.8
1642847579.09	32800	59.630115	0.0	296571	40	32.8

1642847579.54	8200	1.999999	0.162	427088	59	-42.120000000000005
1642847579.56	8200	3.999999	0.0	790650	1	8.2
1642847579.58	8200	5.993117	0.0	911646	1	8.2
1642847579.59	8200	7.977361	0.0	844970	2	8.2
1642847580.41	11700	9.167523	0.0	3938957	675	8.2
1642847581.87	11700	9.703059	0.0	4536725	1348	11.7
1642847584.38	11700	9.193599	0.0	5378836	2382	11.7
1642847585.82	11700	9.754572	0.0	4892753	1321	11.7
1642847586.02	11700	11.55381	0.0	5587559	79	11.7
1642847586.05	11700	13.516335	0.0	4371099	10	11.7
1642847586.1	11700	15.477466	0.0	3375218	13	11.7
1642847586.13	11700	17.440204	0.0	2615238	8	11.7
1642847586.16	11700	19.412636	0.0	2255191	7	11.7
1642847586.18	11700	21.385975	0.0	2392223	6	11.7
1642847586.21	11700	23.361722	0.0	2491394	6	11.7
1642847586.24	11700	25.334051	0.0	2629283	7	11.7
1642847586.27	11700	27.304378	0.0	2662617	8	11.7
1642847586.51	32800	29.061891	0.0	7320305	101	11.699999999999996
1642847586.74	32800	30.828587	0.0	7420242	104	32.8
1642847586.93	32800	32.637865	0.0	7455282	62	32.8
1642847587.13	32800	34.441086	0.0	7960895	69	32.8
1642847587.18	32800	36.390018	0.0	6396912	16	32.8
1642847587.37	32800	38.203932	0.0	7253832	60	32.8
1642847588.51	152400	39.212015	0.0	34459282	755	32.80000000000001
1642847589.48	152400	40.322371	0.0	37576374	684	152.4
1642847590.04	152400	41.75373	0.0	34095545	312	152.4
1642847590.63	152400	43.172021	0.0	34314045	268	152.4
1642847591.13	152400	44.663763	0.0	34563011	262	152.4
1642847591.62	152400	46.175326	0.0	31292175	246	152.4
1642847592.12	152400	47.674496	0.0	32834126	257	152.4
1642847593.85	260000	47.944811	0.0	70991563	914	152.4
1642847595.33	260000	48.47249	0.0	66218671	957	260.0
1642847596.82	260000	48.980911	0.0	71469145	1034	260.0
1642847598.12	260000	49.765656	0.0	64074874	884	260.0
1642847599.75	260000	50.227815	0.0	65041967	1096	260.0
1642847601.55	260000	50.429242	0.0	65860507	1345	260.0
1642847603.25	260000	50.728536	0.0	60900183	1179	260.0
1642847604.89	260000	51.088848	0.0	65223805	1204	260.0
1642847606.63	260000	51.347648	0.0	61492275	1345	260.0
1642847608.28	260000	51.69205	0.0	57534179	1285	260.0
1642847610.38	260000	51.598277	0.0	64191273	1693	260.0
1642847612.44	260000	51.538115	0.0	57421190	1689	260.0
1642847614.82	260000	51.156267	0.0	60358582	1852	260.0
1642847616.21	152400	51.766251	0.0	35599566	1023	44.80000000000001
1642847617.3	152400	52.674555	0.0	31880015	854	152.4
1642847618.51	152400	53.461819	0.0	35467287	928	152.4
1642847619.62	152400	54.638387	0.0	35220717	859	152.4
1642847620.62	152400	55.889924	0.0	32694645	775	152.4
1642847621.79	152400	56.90861	0.0	39805936	917	152.4
1642847623.34	152400	57.79737	0.0	33801477	1289	152.4
1642847624.19	152400	58.945811	0.0	36845834	583	152.4
1642847625.16	152400	59.978239	0.0	38920703	615	152.4
1642847627.96	152400	59.860376	0.0	33588969	523	152.4
1642847633.57	152400	59.812422	0.0	37188900	862	152.4
1642847639.84	152400	59.825425	0.0	36607491	2444	152.4
1642847645.84	152400	59.839643	0.0	34872720	2749	152.4
1642847651.92	32800	59.796359	0.0	8703604	21	-86.8
1642847656.98	32800	59.619173	0.0	8166986	19	32.8
1642847662.55	32800	59.98503	0.0	8155312	13	32.8
1642847667.62	32800	59.826734	0.0	9057843	20	32.8
1642847667.64	32800	59.860068	0.0	296571	2	32.8

1642847667.66	32800	59.860068	0.162	296571	0	-42.12
1642847667.68	32800	59.860068	0.0	296571	1	32.8
1642847667.69	32800	59.860068	0.0	296571	1	32.8
1642847668.27	8200	1.999999	0.108	385365	170	-44.480000000000004
1642847668.29	8200	3.999999	0.0	790650	2	8.2
1642847668.31	8200	5.978475	0.0	911646	3	8.2
1642847668.32	8200	7.9619	0.0	844970	2	8.2
1642847668.38	11700	9.909168	0.0	3938957	12	8.2
1642847668.42	11700	11.863966	0.0	4536725	13	11.7
1642847668.48	11700	13.809655	0.0	5378836	17	11.7
1642847668.53	11700	15.758582	0.0	4892753	19	11.7
1642847668.58	11700	17.708237	0.0	5587559	17	11.7
1642847669.58	32800	18.706124	0.0	12381646	824	11.699999999999996
1642847670.21	32800	20.082944	0.0	10179458	483	32.8
1642847670.71	32800	21.578195	0.0	7987681	367	32.8
1642847671.03	32800	23.253541	0.0	6249975	197	32.8
1642847671.36	32800	24.923833	0.0	6462926	206	32.8
1642847671.71	32800	26.577876	0.0	6930236	221	32.8
1642847672.06	32800	28.230996	0.0	7176786	218	32.8
1642847672.4	32800	29.891095	0.0	6963959	212	32.8
1642847672.46	32800	31.831158	0.0	7320305	15	32.8
1642847672.51	32800	33.774325	0.0	7420242	15	32.8
1642847672.57	32800	35.720066	0.0	7455282	15	32.8
1642847674.28	152400	36.007279	0.0	36020729	1300	32.80000000000001
1642847675.88	152400	36.411204	0.0	36493721	1325	152.4
1642847677.9	152400	36.392984	0.0	37585290	1753	152.4
1642847679.71	152400	36.578458	0.0	34459282	1559	152.4
1642847682.7	152400	35.839431	0.0	37576374	2625	152.4
1642847683.33	32800	37.324516	0.0	7041401	493	-86.8
1642847683.92	32800	38.741153	0.0	7143328	456	32.8
1642847684.43	32800	40.223355	0.0	7338535	395	32.8
1642847685.87	32800	40.790902	0.0	6896645	1308	32.8
1642847686.42	32800	42.23835	0.0	6714054	426	32.8
1642847686.9	32800	43.760142	0.0	7018701	354	32.8
1642847687.27	32800	45.507264	0.0	6838204	251	32.8
1642847687.65	32800	47.295912	0.0	6922846	255	32.8
1642847688.07	32800	49.13048	0.0	6926196	284	32.8
1642847688.5	32800	50.765502	0.0	7072104	291	32.8
1642847688.91	32800	52.511096	0.0	7515735	278	32.8
1642847689.27	32800	54.229825	0.0	7011028	233	32.8
1642847689.64	32800	55.892275	0.0	7307337	242	32.8
1642847690.03	32800	57.821649	0.0	7344127	258	32.8
1642847690.41	32800	59.480002	0.0	7064203	247	32.8
1642847692.49	152400	59.975698	0.0	35313058	1292	32.80000000000001
1642847695.46	152400	59.578576	0.0	32767078	1232	152.4
1642847697.53	152400	59.997093	0.0	34143965	1299	152.4
1642847700.2	152400	59.720914	0.0	35599566	1407	152.4
1642847702.16	152400	59.938895	0.0	31880015	1699	152.4
1642847704.86	152400	59.42391	0.0	35467287	1440	152.4
1642847706.49	152400	59.972709	0.0	35220717	1369	152.4
1642847708.59	152400	59.997045	0.0	32694645	1347	152.4
1642847711.23	152400	59.853532	0.0	39805936	2346	152.4
1642847714.12	32800	59.669542	0.0	7160738	265	-86.8
1642847719.02	32800	59.931636	0.0	7565820	264	32.8
1642847725.96	32800	59.959167	0.0	8064139	297	32.8
1642847732.27	32800	59.803606	0.0	7308924	2095	32.8
1642847737.73	32800	59.977144	0.0	7936123	748	32.8
1642847743.34	32800	59.937674	0.0	7845705	1389	32.8
1642847745.81	32800	59.857179	0.0	7682661	759	32.8
1642847747.83	32800	59.881439	0.0	8703604	382	32.8
1642847750.1	32800	59.994222	0.0	8166986	633	32.8
1642847752.25	32800	59.96921	0.0	8155312	519	32.8
1642847754.51	32800	59.826029	0.0	9057843	618	32.8
1642847754.52	32800	59.683456	0.0	296571	0	32.8

1642847754.8	8200	1.999999	0.028	427088	1	-7.28
1642847754.83	8200	3.997267	0.0	790650	2	8.2
1642847754.85	8200	5.977936	0.0	911646	3	8.2
1642847754.87	8200	7.959585	0.0	844970	2	8.2
1642847754.92	11700	9.9137	0.0	3938957	6	8.2
1642847754.96	11700	11.87503	0.0	4536725	10	11.7
1642847755.01	11700	13.823215	0.0	5378836	12	11.7
1642847755.05	11700	15.777946	0.0	4892753	12	11.7
1642847756.31	11700	16.520648	0.0	5587559	1138	11.7
1642847759.17	32800	15.664901	0.0	12381646	2672	11.699999999999996
1642847760.73	32800	16.096489	0.0	10179458	1427	32.8
1642847763.26	32800	15.575142	0.0	7987681	2388	32.8
1642847763.57	11700	17.3856	0.0	2255191	197	-9.400000000000002
1642847763.86	11700	19.093695	0.0	2392223	183	11.7
1642847764.14	11700	20.809854	0.0	2491394	173	11.7
1642847764.43	11700	22.517716	0.0	2629283	183	11.7
1642847764.73	11700	24.219486	0.0	2662617	185	11.7
1642847765.05	11700	25.907065	0.0	2614451	201	11.7
1642847765.36	11700	27.594263	0.0	2649932	205	11.7
1642847765.68	11700	29.274156	0.0	2700523	210	11.7
1642847766.1	11700	30.848024	0.0	2697360	313	11.7
1642847766.91	32800	32.047969	0.0	6396912	676	11.699999999999996
1642847767.6	32800	33.446475	0.0	7253832	564	32.8
1642847768.09	32800	34.951102	0.0	7034316	368	32.8
1642847768.58	32800	36.463677	0.0	7133512	356	32.8
1642847769.1	32800	38.016474	0.0	7041401	399	32.8
1642847769.65	32800	39.690434	0.0	7143328	416	32.8
1642847770.14	32800	41.195243	0.0	7338535	367	32.8
1642847770.61	32800	42.726199	0.0	6896645	345	32.8
1642847771.05	32800	44.287954	0.0	6714054	316	32.8
1642847771.5	32800	45.835488	0.0	7018701	328	32.8
1642847771.93	32800	47.40334	0.0	6838204	308	32.8
1642847772.36	32800	48.977106	0.0	6922846	303	32.8
1642847772.78	32800	50.557157	0.0	6926196	298	32.8
1642847773.14	32800	52.199197	0.0	7072104	237	32.8
1642847773.52	32800	53.815595	0.0	7515735	251	32.8
1642847773.87	32800	55.575094	0.0	7011028	218	32.8
1642847774.21	32800	57.32597	0.0	7307337	212	32.8
1642847774.56	32800	59.038253	0.0	7344127	215	32.8
1642847775.93	32800	59.980389	0.0	7064203	231	32.8
1642847779.41	152400	59.718757	0.0	35313058	1100	32.80000000000001
1642847781.64	152400	59.699377	0.0	32767078	985	152.4
1642847783.4	152400	59.949434	0.0	34143965	996	152.4
1642847785.72	152400	59.699497	0.0	35599566	1051	152.4
1642847787.52	152400	59.699521	0.0	31880015	1050	152.4
1642847789.37	152400	59.949442	0.0	35467287	1125	152.4
1642847791.34	152400	59.949424	0.0	35220717	1239	152.4
1642847793.72	152400	59.699384	0.0	32694645	1109	152.4
1642847795.31	152400	59.875166	0.0	39805936	1308	152.4
1642847797.42	152400	59.949426	0.0	33801477	1350	152.4
1642847799.5	152400	59.699449	0.0	36845834	1292	152.4
1642847801.71	152400	59.934093	0.0	38920703	1417	152.4
1642847804.21	152400	59.526077	0.0	33588969	2251	152.4
1642847806.0	32800	59.991995	0.0	7936123	149	-86.8
1642847808.75	32800	59.580009	0.0	7845705	610	32.8
1642847811.06	32800	59.851003	0.0	7682661	671	32.8
1642847812.98	32800	59.769399	0.0	8703604	786	32.8
1642847815.2	32800	59.988527	0.0	8166986	1097	32.8
