1642913479.62	8200	1.999999	0.357	546328	249	-92.82
1642913479.91	260000	3.718777	0.0	1757078	97	8.199999999999989
1642913480.11	260000	5.519677	0.0	1560847	14	260.0
1642913480.31	260000	7.319366	0.0	1542805	18	260.0
1642913480.98	32800	8.645918	0.0	12166782	392	-194.39999999999998
1642913481.64	32800	9.984005	0.0	15664097	404	32.8
1642913483.71	152400	9.918073	0.0	68626847	1141	32.80000000000001
1642913485.31	152400	10.312593	0.0	72320713	1047	152.4
1642913486.83	152400	10.795675	0.0	70827999	913	152.4
1642913489.35	260000	10.947533	0.0	83431241	1711	152.4
1642913492.87	260000	10.859221	0.0	82198417	2908	260.0
1642913496.35	260000	11.652128	0.0	79299299	2691	260.0
1642913506.78	260000	11.375914	0.0	75092129	9682	260.0
1642913510.78	152400	12.59251	0.0	45810515	3537	44.80000000000001
1642913519.44	152400	12.875742	0.0	42807747	8242	152.4
1642913520.37	32800	14.71942	0.0	7176786	717	-86.8
1642913521.39	32800	16.464464	0.0	6963959	817	32.8
1642913522.77	32800	18.030168	0.0	7320305	1181	32.8
1642913524.02	32800	20.030168	0.0	7420242	1039	32.8
1642913524.94	32800	21.854278	0.0	7455282	711	32.8
1642913527.19	152400	23.438243	0.0	36020729	1925	32.80000000000001
1642913529.04	152400	25.075674	0.0	36493721	1535	152.4
1642913531.11	152400	26.761481	0.0	37585290	1718	152.4
1642913533.96	152400	28.224212	0.0	34459282	2523	152.4
1642913544.04	260000	28.38614	0.0	75910911	9546	152.4
1642913551.95	260000	28.913909	0.0	74070687	7255	260.0
1642913560.98	260000	29.213246	0.0	73938718	8431	260.0
1642913568.04	152400	29.80953	0.0	34563011	6614	44.80000000000001
1642913571.22	152400	30.886787	0.0	31292175	2880	152.4
1642913574.1	152400	31.834667	0.0	32834126	2532	152.4
1642913576.09	152400	33.298212	0.0	33877878	1660	152.4
1642913577.76	152400	34.763487	0.0	31988631	1331	152.4
1642913579.95	152400	35.774009	0.0	34031025	1834	152.4
1642913584.22	260000	34.259887	0.0	64074874	3736	152.4
1642913588.98	260000	31.920254	0.0	65041967	4256	260.0
1642913603.55	260000	27.932488	0.0	65860507	13890	260.0
1642913612.89	152400	26.310487	0.0	30739933	8449	44.80000000000001
1642913617.68	152400	27.170503	0.0	34919429	4456	152.4
1642913621.61	152400	28.551826	0.0	34638995	3614	152.4
1642913623.92	152400	30.071709	0.0	30969970	2021	152.4
1642913626.3	152400	31.623947	0.0	35313058	1997	152.4
1642913628.3	152400	33.374036	0.0	32767078	1705	152.4
1642913630.07	152400	34.926951	0.0	34143965	1458	152.4
1642913632.88	260000	36.378392	0.0	60581734	2295	152.4
1642913635.51	260000	37.775597	0.0	55686462	2000	260.0
1642913638.49	260000	39.268285	0.0	61687104	2428	260.0
1642913642.78	260000	40.417554	0.0	56994559	3844	260.0
1642913647.11	260000	41.214662	0.0	55162012	3749	260.0
1642913652.2	260000	41.252797	0.0	63612323	4450	260.0
1642913657.86	260000	40.853823	0.0	53712380	5243	260.0
1642913660.27	260000	41.787597	0.0	59826276	1835	260.0
1642913663.73	260000	42.685366	0.0	58861434	3027	260.0
1642913664.79	260000	44.305046	0.0	53320981	612	260.0
1642913666.22	260000	45.910158	0.0	62494429	726	260.0
1642913667.29	260000	47.375583	0.0	53458888	617	260.0
1642913668.8	260000	48.862785	0.0	53798130	1023	260.0
1642913671.25	260000	49.850486	0.0	61358299	1773	260.0
1642913673.22	260000	51.154251	0.0	50406269	1524	260.0
1642913675.1	260000	52.26699	0.0	43226513	1365	260.0
1642913676.55	260000	53.794412	0.0	35938085	1108	260.0
1642913676.68	260000	53.827746	0.0	631698	7	260.0

1642913677.08	8200	1.999999	0.109	385365	4	-28.34
1642913677.19	260000	3.918701	0.0	1757078	5	8.199999999999989
1642913677.29	260000	5.819596	0.0	1560847	4	260.0
1642913677.4	260000	7.716247	0.0	1542805	8	260.0
