1642939618.15	8200	1.999999	0.348	546328	250	-90.48
1642939618.43	260000	3.725387	0.0	1757078	94	8.199999999999989
1642939618.62	260000	5.534982	0.0	1560847	16	260.0
1642939618.84	260000	7.330085	0.0	1542805	31	260.0
1642939619.4	32800	8.75614	0.0	12166782	283	-194.39999999999998
1642939620.01	32800	10.148331	0.0	15664097	347	32.8
1642939622.31	152400	9.845884	0.0	68626847	1289	32.80000000000001
1642939624.74	152400	9.418815	0.0	72320713	1605	152.4
1642939626.68	152400	9.774617	0.0	70827999	1384	152.4
1642939628.17	152400	10.605646	0.0	51846012	1038	152.4
1642939630.56	260000	11.05023	0.0	82198417	1607	152.4
1642939632.78	260000	11.780061	0.0	79299299	1452	260.0
1642939634.74	260000	13.498694	0.0	75092129	1399	260.0
1642939636.76	260000	14.964077	0.0	78844622	1439	260.0
1642939642.33	260000	15.886054	0.0	77654479	5009	260.0
1642939653.12	260000	15.68558	0.0	75220977	10229	260.0
1642939659.66	152400	16.319463	0.0	39676104	6041	44.80000000000001
1642939666.52	152400	16.666894	0.0	40793176	6382	152.4
1642939668.42	32800	18.086074	0.0	7420242	1681	-86.8
1642939672.28	32800	19.388945	0.0	7455282	3665	32.8
1642939676.56	32800	20.626852	0.0	7960895	3287	32.8
1642939677.96	32800	22.245039	0.0	6396912	1203	32.8
1642939680.79	32800	23.83145	0.0	7253832	2623	32.8
1642939684.91	32800	25.035794	0.0	7034316	3920	32.8
1642939686.58	32800	26.669889	0.0	7133512	1468	32.8
1642939687.97	32800	28.52349	0.0	7041401	1186	32.8
1642939689.23	32800	30.247833	0.0	7143328	1068	32.8
1642939689.85	11700	32.108813	0.0	2472140	431	-9.400000000000002
1642939691.39	32800	33.798404	0.0	6896645	1330	11.699999999999996
1642939692.83	32800	35.499049	0.0	6714054	1253	32.8
1642939694.26	32800	37.21534	0.0	7018701	1228	32.8
1642939695.5	32800	39.081137	0.0	6838204	1044	32.8
1642939699.67	152400	40.233329	0.0	34031025	3830	32.80000000000001
1642939702.95	152400	41.731829	0.0	30869167	2962	152.4
1642939705.98	152400	43.165753	0.0	31753337	2668	152.4
1642939708.54	152400	44.762038	0.0	34013525	2207	152.4
1642939710.15	260000	46.39717	0.0	60900183	1139	152.4
1642939715.02	260000	47.446885	0.0	65223805	1802	260.0
1642939716.45	260000	49.062958	0.0	61492275	842	260.0
1642939717.73	260000	50.913676	0.0	57534179	778	260.0
1642939719.18	260000	52.631232	0.0	64191273	866	260.0
1642939720.59	260000	54.268976	0.0	57421190	766	260.0
1642939721.88	260000	56.132163	0.0	60358582	787	260.0
1642939723.16	260000	57.770547	0.0	60581734	791	260.0
1642939724.67	260000	59.607413	0.0	55686462	883	260.0
1642939733.47	260000	59.824087	0.0	61687104	1196	260.0
1642939739.1	260000	59.991555	0.0	56994559	1578	260.0
1642939744.73	260000	59.98943	0.0	55162012	1173	260.0
1642939747.71	260000	59.839644	0.0	63612323	1737	260.0
1642939749.7	260000	59.848473	0.0	53712380	975	260.0
1642939751.92	260000	59.832104	0.0	59826276	1067	260.0
1642939753.92	260000	59.832094	0.0	58861434	954	260.0
1642939755.94	260000	59.83207	0.0	53320981	1049	260.0
1642939758.17	260000	59.884933	0.0	62494429	1177	260.0
1642939760.62	260000	59.604711	0.0	53458888	994	260.0
1642939762.56	260000	59.604553	0.0	53798130	960	260.0
1642939764.16	260000	59.907752	0.0	61358299	1105	260.0
1642939766.34	260000	59.854608	0.0	50406269	1211	260.0
1642939768.28	260000	59.85463	0.0	43226513	1020	260.0
1642939770.44	260000	59.857939	0.0	35938085	844	260.0
1642939770.58	260000	59.675579	0.0	631698	6	260.0

1642939770.69	11700	59.560524	0.348	139786	1	-90.48
1642939770.75	260000	59.500305	0.0	631698	3	11.699999999999989
1642939771.53	8200	1.999999	0.112	2049018	346	-272.72
1642939771.64	260000	3.926748	0.0	1757078	4	8.199999999999989
1642939771.75	260000	5.824076	0.0	1560847	3	260.0
1642939771.85	260000	7.721687	0.0	1542805	4	260.0
1642939772.08	32800	9.487866	0.0	12166782	26	-194.39999999999998
1642939772.3	32800	11.26752	0.0	15664097	30	32.8
1642939775.33	260000	10.243818	0.0	84756689	1812	32.80000000000001
1642939777.1	152400	10.47072	0.0	72320713	1106	44.80000000000001
1642939777.69	32800	11.882334	0.0	14688721	325	-86.8
1642939778.13	32800	13.438342	0.0	12381646	200	32.8
1642939778.53	32800	15.043188	0.0	10179458	179	32.8
1642939778.85	32800	16.721911	0.0	7987681	117	32.8
1642939780.71	260000	17.205911	0.0	75092129	1284	32.80000000000001
1642939782.62	260000	17.846136	0.0	78844622	1315	260.0
1642939784.49	260000	18.687721	0.0	77654479	1261	260.0
1642939786.25	260000	19.773697	0.0	75220977	1203	260.0
1642939788.46	260000	21.4972	0.0	79740890	1542	260.0
1642939790.67	260000	23.187166	0.0	78574581	1567	260.0
1642939792.78	260000	24.768036	0.0	78901633	1511	260.0
1642939794.79	260000	26.391716	0.0	79414941	1448	260.0
1642939797.16	260000	28.018776	0.0	73704781	1649	260.0
1642939799.52	260000	29.532391	0.0	80783826	1700	260.0
1642939802.03	260000	31.079632	0.0	77638812	1785	260.0
1642939804.62	260000	32.228895	0.0	74749470	1842	260.0
1642939806.77	260000	34.041444	0.0	75910911	1599	260.0
1642939808.82	260000	34.811469	0.0	74070687	1467	260.0
1642939811.07	260000	35.558584	0.0	73938718	1687	260.0
1642939813.22	260000	36.130118	0.0	73613985	1610	260.0
1642939815.18	260000	36.799741	0.0	69503182	1430	260.0
1642939817.18	260000	37.247083	0.0	72822670	1426	260.0
