1642940918.02	8200	1.999999	0.353	546328	248	-91.78
1642940918.37	260000	3.653924	0.0	1757078	170	8.199999999999989
1642940918.62	260000	5.410378	0.0	1560847	64	260.0
1642940918.85	260000	7.178047	0.0	1542805	60	260.0
1642940919.6	32800	8.425926	0.0	12166782	472	-194.39999999999998
1642940919.97	11700	10.057718	0.0	4536725	165	-9.400000000000002
1642940920.23	4900	11.794416	0.0	2134063	77	-1.8999999999999995
1642940921.17	32800	12.858736	0.0	15851372	675	4.899999999999999
1642940924.96	152400	11.063389	0.0	70827999	2917	32.80000000000001
1642940928.0	152400	10.589834	0.0	51846012	2485	152.4
1642940930.72	152400	10.349182	0.0	57184643	2267	152.4
1642940933.54	152400	9.841221	0.0	48821461	2388	152.4
1642940935.67	152400	10.662933	0.0	44466772	1730	152.4
1642940938.13	152400	11.758365	0.0	45810515	2034	152.4
1642940940.26	152400	13.375104	0.0	42807747	1725	152.4
1642940944.2	260000	14.431903	0.0	75220977	3097	152.4
1642940947.84	260000	15.677047	0.0	79740890	2990	260.0
1642940951.73	260000	16.621544	0.0	78574581	3315	260.0
1642940955.92	260000	17.545864	0.0	78901633	3615	260.0
1642940964.24	260000	17.347213	0.0	79414941	7728	260.0
1642940969.91	152400	17.773393	0.0	36020729	5157	44.80000000000001
1642940971.63	152400	19.191018	0.0	36493721	1367	152.4
1642940974.3	152400	20.302016	0.0	37585290	2293	152.4
1642940976.52	152400	21.660924	0.0	34459282	1897	152.4
1642940978.18	152400	23.109689	0.0	37576374	1294	152.4
1642940978.97	152400	24.83575	0.0	34095545	368	152.4
1642940980.4	260000	26.30279	0.0	73938718	803	152.4
1642940982.02	260000	27.808781	0.0	73613985	1085	260.0
1642940983.68	260000	29.477392	0.0	69503182	1134	260.0
1642940985.69	260000	30.787541	0.0	72822670	1487	260.0
1642940987.61	260000	32.238733	0.0	70991563	1366	260.0
1642940989.42	260000	33.834236	0.0	66218671	1251	260.0
1642940991.36	260000	35.480224	0.0	71469145	1308	260.0
1642940993.21	260000	37.032422	0.0	64074874	1192	260.0
1642940995.07	260000	38.694246	0.0	65041967	1198	260.0
1642940996.8	260000	40.378961	0.0	65860507	1210	260.0
1642940998.38	260000	42.049488	0.0	60900183	1109	260.0
1642941000.17	260000	43.722349	0.0	65223805	1179	260.0
1642941002.16	260000	45.286937	0.0	61492275	1497	260.0
1642941005.32	260000	46.762752	0.0	57534179	2672	260.0
1642941011.15	260000	47.730265	0.0	64191273	5333	260.0
1642941021.23	260000	47.695431	0.0	57421190	9395	260.0
1642941025.57	152400	48.895503	0.0	34143965	3897	44.80000000000001
1642941034.7	152400	49.159731	0.0	35599566	8784	152.4
1642941037.28	152400	50.656708	0.0	31880015	2184	152.4
1642941038.35	152400	52.31741	0.0	35467287	681	152.4
1642941039.3	152400	54.31741	0.0	35220717	553	152.4
1642941040.17	152400	56.143281	0.0	32694645	527	152.4
1642941041.12	152400	57.79992	0.0	39805936	538	152.4
1642941042.32	260000	59.52498	0.0	53712380	710	152.4
1642941046.63	260000	59.911424	0.0	59826276	768	260.0
1642941052.58	260000	59.812109	0.0	58861434	811	260.0
1642941058.31	260000	59.940412	0.0	53320981	1665	260.0
1642941063.6	260000	59.809051	0.0	62494429	1249	260.0
1642941069.09	260000	59.797853	0.0	53458888	1023	260.0
1642941073.83	260000	59.731505	0.0	53798130	1249	260.0
1642941084.16	260000	59.780738	0.0	61358299	5816	260.0
1642941094.12	260000	59.885623	0.0	50406269	3464	260.0
1642941104.18	260000	59.839281	0.0	43226513	7606	260.0
1642941114.22	260000	59.889188	0.0	35938085	8640	260.0
1642941114.82	260000	59.79273	0.0	631698	358	260.0

1642941114.95	11700	59.709917	0.353	139786	15	-91.78
1642941115.01	260000	59.649641	0.0	631698	2	11.699999999999989
1642941115.92	8200	1.999999	0.32	2049018	557	-326.8
1642941116.03	260000	3.922405	0.0	1757078	6	8.199999999999989
1642941116.13	260000	5.820978	0.0	1560847	5	260.0
1642941116.22	260000	7.730452	0.0	1542805	5	260.0
1642941116.44	32800	9.50804	0.0	12166782	24	-194.39999999999998
