1642846255.07	8200	1.999999	0.356	546328	249	-92.56
1642846255.26	8200	3.817231	0.0	790650	86	8.2
1642846255.37	8200	5.706496	0.0	911646	11	8.2
1642846255.48	8200	7.594927	0.0	844970	10	8.2
1642846255.7	11700	9.370808	0.0	3938957	100	8.2
1642846255.86	11700	11.214545	0.0	4536725	44	11.7
1642846256.05	11700	13.02306	0.0	5378836	50	11.7
1642846256.26	11700	14.818687	0.0	4892753	46	11.7
1642846256.43	11700	16.644214	0.0	5587559	50	11.7
1642846256.58	11700	18.491163	0.0	4371099	41	11.7
1642846256.85	32800	20.223502	0.0	10179458	116	11.699999999999996
1642846257.08	32800	21.995685	0.0	7987681	88	32.8
1642846257.25	32800	23.820325	0.0	6249975	54	32.8
1642846257.43	32800	25.645271	0.0	6462926	53	32.8
1642846257.61	32800	27.463127	0.0	6930236	57	32.8
1642846257.79	32800	29.284627	0.0	7176786	55	32.8
1642846258.95	152400	30.12846	0.0	39676104	529	32.80000000000001
1642846259.78	152400	31.29172	0.0	40793176	565	152.4
1642846260.66	152400	32.41699	0.0	37608977	548	152.4
1642846261.41	152400	33.667917	0.0	35738670	519	152.4
1642846262.11	152400	34.961126	0.0	36020729	472	152.4
1642846262.98	152400	36.099879	0.0	36493721	606	152.4
1642846263.78	152400	37.326347	0.0	37585290	546	152.4
1642846266.02	260000	37.082945	0.0	74749470	1330	152.4
1642846268.4	260000	36.842121	0.0	75910911	1702	260.0
1642846270.84	260000	36.406942	0.0	74070687	1953	260.0
1642846273.29	260000	35.955087	0.0	73938718	1948	260.0
1642846275.81	260000	35.489841	0.0	73613985	1899	260.0
1642846278.45	260000	35.22992	0.0	69503182	2012	260.0
1642846288.33	260000	28.664597	0.0	72822670	9405	260.0
1642846292.77	152400	28.995691	0.0	33877878	4168	44.80000000000001
1642846293.69	32800	30.625917	0.0	6838204	798	-86.8
1642846294.98	32800	32.120028	0.0	6922846	1167	32.8
1642846296.07	32800	33.787106	0.0	6926196	970	32.8
1642846297.18	32800	35.382992	0.0	7072104	990	32.8
1642846298.36	32800	36.976873	0.0	7515735	1053	32.8
1642846299.46	32800	38.610796	0.0	7011028	981	32.8
1642846300.49	32800	40.269728	0.0	7307337	892	32.8
1642846301.61	32800	41.952316	0.0	7344127	987	32.8
1642846302.94	32800	43.401918	0.0	7064203	1215	32.8
1642846304.38	32800	44.891207	0.0	7516082	1316	32.8
1642846305.78	32800	46.350029	0.0	7278398	1275	32.8
1642846307.35	32800	47.828192	0.0	7481760	1441	32.8
1642846309.57	32800	49.080287	0.0	7871221	2085	32.8
1642846313.73	32800	49.55883	0.0	7236548	4032	32.8
1642846314.8	11700	51.163446	0.0	2728942	953	-9.400000000000002
1642846316.31	11700	52.653666	0.0	2718244	1402	11.7
1642846317.08	11700	54.348262	0.0	2695178	665	11.7
1642846317.68	11700	56.166155	0.0	2782060	487	11.7
1642846318.38	11700	57.908666	0.0	2573837	593	11.7
1642846319.26	11700	59.676429	0.0	2659966	773	11.7
1642846323.86	11700	59.81815	0.0	2747985	1486	11.7
1642846329.9	11700	59.794583	0.0	2644475	925	11.7
1642846340.91	11700	59.875	0.0	2864046	807	11.7
1642846351.2	11700	59.933156	0.0	2785470	587	11.7
1642846360.99	11700	59.956474	0.0	2752189	590	11.7
1642846372.7	11700	59.785127	0.0	2884569	594	11.7
1642846383.41	11700	59.966429	0.0	2854371	508	11.7
1642846394.63	11700	59.905945	0.0	2998361	511	11.7
1642846403.85	11700	59.826032	0.0	3147034	514	11.7
1642846404.19	11700	59.859366	0.0	139786	167	11.7

1642846404.22	11700	59.859366	0.356	139786	0	-92.56
1642846404.23	11700	59.859366	0.0	139786	0	11.7
1642846404.24	11700	59.854031	0.0	139786	1	11.7
1642846404.25	11700	59.844149	0.0	139786	1	11.7
1642846404.56	8200	1.999999	-0.3	546328	1	82.7
1642846404.59	8200	3.970682	0.0	790650	2	8.2
1642846404.61	8200	5.95315	0.0	911646	2	8.2
1642846404.63	8200	7.936562	0.0	844970	2	8.2
1642846404.68	11700	9.882358	0.0	3938957	9	8.2
1642846404.72	11700	11.842553	0.0	4536725	10	11.7
1642846404.77	11700	13.789278	0.0	5378836	11	11.7
1642846404.82	11700	15.746968	0.0	4892753	11	11.7
1642846404.86	11700	17.701654	0.0	5587559	12	11.7
1642846405.62	32800	18.942082	0.0	12381646	573	11.699999999999996
1642846405.95	32800	20.619592	0.0	10179458	180	32.8
1642846406.2	32800	22.366175	0.0	7987681	117	32.8
1642846406.4	32800	24.160998	0.0	6249975	61	32.8
1642846406.63	32800	25.930829	0.0	6462926	56	32.8
1642846406.87	32800	27.690547	0.0	6930236	58	32.8
1642846408.42	152400	28.150839	0.0	40301174	835	32.80000000000001
1642846409.6	152400	28.969307	0.0	39676104	847	152.4
1642846410.31	152400	30.257263	0.0	40793176	423	152.4
1642846410.99	152400	31.580349	0.0	37608977	403	152.4
1642846412.32	152400	32.244767	0.0	35738670	1068	152.4
1642846413.16	152400	33.456431	0.0	36020729	574	152.4
1642846413.86	152400	34.758811	0.0	36493721	416	152.4
1642846415.7	260000	34.935102	0.0	77638812	876	152.4
1642846417.44	260000	35.319599	0.0	74749470	1044	260.0
1642846419.24	260000	35.676923	0.0	75910911	1189	260.0
1642846421.29	260000	35.730734	0.0	74070687	1405	260.0
1642846423.23	260000	36.032971	0.0	73938718	1350	260.0
1642846424.97	260000	36.932795	0.0	73613985	1284	260.0
1642846426.73	260000	37.557878	0.0	69503182	1198	260.0
1642846428.45	260000	38.102405	0.0	72822670	1263	260.0
1642846430.25	260000	38.772805	0.0	70991563	1203	260.0
1642846431.81	260000	39.278394	0.0	66218671	1128	260.0
1642846434.2	260000	38.881259	0.0	71469145	1831	260.0
1642846436.51	260000	38.884005	0.0	64074874	1855	260.0
1642846438.9	260000	39.617323	0.0	65041967	1783	260.0
1642846441.26	260000	40.854179	0.0	65860507	1785	260.0
1642846443.25	260000	42.285831	0.0	60900183	1609	260.0
1642846444.54	152400	43.83229	0.0	34919429	1020	44.80000000000001
1642846445.72	152400	45.509699	0.0	34638995	942	152.4
1642846446.8	152400	47.080153	0.0	30969970	837	152.4
1642846448.0	152400	48.609009	0.0	35313058	930	152.4
1642846449.1	152400	50.17253	0.0	32767078	844	152.4
1642846450.21	152400	52.015499	0.0	34143965	854	152.4
1642846451.33	152400	53.713801	0.0	35599566	859	152.4
1642846452.32	152400	55.389642	0.0	31880015	755	152.4
1642846453.37	152400	57.074769	0.0	35467287	785	152.4
1642846454.37	152400	58.714176	0.0	35220717	767	152.4
1642846457.3	152400	59.554664	0.0	32694645	678	152.4
1642846463.42	152400	59.913461	0.0	39805936	835	152.4
1642846470.44	152400	59.984061	0.0	33801477	1171	152.4
1642846476.42	260000	59.917068	0.0	59826276	1553	152.4
1642846482.29	260000	59.986132	0.0	58861434	968	260.0
1642846492.82	260000	59.882604	0.0	53320981	1578	260.0
1642846503.42	152400	59.915388	0.0	37188900	1255	44.80000000000001
1642846514.92	152400	59.714851	0.0	36607491	1179	152.4
1642846524.05	152400	59.991572	0.0	34872720	2735	152.4
1642846536.0	32800	59.964025	0.0	8703604	1218	-86.8
1642846548.66	32800	59.869773	0.0	8166986	1437	32.8
