1642915642.74	8200	1.999999	0.362	546328	258	-94.12
1642915643.36	260000	3.386345	0.0	1757078	410	8.199999999999989
1642915643.74	260000	5.011318	0.0	1560847	178	260.0
1642915644.12	260000	6.624728	0.0	1542805	179	260.0
1642915647.26	32800	5.490343	0.0	12166782	2855	-194.39999999999998
1642915647.81	11700	6.941413	0.0	4536725	317	-9.400000000000002
1642915648.38	11700	8.363218	0.0	5378836	375	11.7
1642915650.05	32800	8.69932	0.0	15851372	1390	11.699999999999996
1642915651.51	32800	9.480298	0.0	14688721	1227	32.8
1642915651.84	8200	11.220445	0.0	2809333	139	-16.400000000000002
1642915652.09	4900	13.033634	0.0	1144854	62	1.6000000000000005
1642915655.39	152400	12.244121	0.0	48821461	2559	4.900000000000006
1642915657.54	152400	12.10018	0.0	44466772	1697	152.4
1642915659.36	152400	13.215488	0.0	45810515	1450	152.4
1642915661.03	152400	14.505875	0.0	42807747	1298	152.4
1642915662.74	152400	15.443967	0.0	40301174	1329	152.4
1642915666.14	260000	14.631369	0.0	79740890	2360	152.4
1642915669.05	260000	14.005112	0.0	78574581	2250	260.0
1642915672.11	260000	15.093691	0.0	78901633	2490	260.0
1642915675.39	260000	15.798774	0.0	79414941	2743	260.0
1642915678.26	260000	17.11519	0.0	73704781	2366	260.0
1642915681.88	260000	17.836249	0.0	80783826	2979	260.0
1642915685.27	260000	18.889624	0.0	77638812	2681	260.0
1642915688.94	260000	19.818047	0.0	74749470	3070	260.0
1642915695.68	260000	19.749221	0.0	75910911	6051	260.0
1642915708.33	260000	18.673017	0.0	74070687	12022	260.0
1642915709.43	152400	20.336816	0.0	34314045	703	44.80000000000001
1642915710.12	152400	22.255951	0.0	34563011	363	152.4
1642915710.77	152400	24.255951	0.0	31292175	304	152.4
1642915711.53	152400	26.006651	0.0	32834126	376	152.4
1642915712.64	152400	27.810972	0.0	33877878	739	152.4
1642915714.28	260000	29.581371	0.0	66218671	968	152.4
1642915716.16	260000	31.17134	0.0	71469145	1374	260.0
1642915718.2	260000	32.682538	0.0	64074874	1527	260.0
1642915720.66	260000	34.2611	0.0	65041967	1944	260.0
1642915723.4	260000	35.60291	0.0	65860507	2200	260.0
1642915725.74	260000	37.166164	0.0	60900183	1868	260.0
1642915728.23	260000	38.801406	0.0	65223805	1955	260.0
1642915730.55	260000	40.373351	0.0	61492275	1845	260.0
1642915732.66	260000	42.018135	0.0	57534179	1616	260.0
1642915734.79	260000	43.47673	0.0	64191273	1627	260.0
1642915736.51	260000	45.308024	0.0	57421190	1287	260.0
1642915738.39	260000	46.766399	0.0	60358582	1332	260.0
1642915740.16	260000	48.570844	0.0	60581734	1297	260.0
1642915741.9	260000	50.242366	0.0	55686462	1267	260.0
1642915743.66	260000	51.90227	0.0	61687104	1273	260.0
1642915745.56	260000	53.588278	0.0	56994559	1336	260.0
1642915747.18	260000	55.122728	0.0	55162012	1197	260.0
1642915749.06	260000	56.931365	0.0	63612323	1448	260.0
1642915750.71	260000	58.395368	0.0	53712380	1232	260.0
1642915754.67	260000	59.718817	0.0	59826276	3495	260.0
1642915764.92	260000	59.870139	0.0	58861434	3245	260.0
1642915775.81	260000	59.894373	0.0	53320981	2294	260.0
1642915785.89	260000	59.923797	0.0	62494429	3004	260.0
1642915797.6	260000	59.867805	0.0	53458888	2659	260.0
1642915807.51	260000	59.802043	0.0	53798130	2859	260.0
1642915812.59	260000	59.790973	0.0	61358299	2871	260.0
1642915818.51	260000	59.793912	0.0	50406269	1909	260.0
1642915822.66	260000	59.959418	0.0	43226513	2164	260.0
1642915828.01	260000	59.830315	0.0	35938085	1510	260.0
1642915828.15	260000	59.863649	0.0	631698	24	260.0

1642915828.27	11700	59.860942	0.362	139786	5	-94.12
1642915828.34	260000	59.794345	0.0	631698	2	11.699999999999989
1642915829.13	8200	1.999999	0.124	2049018	370	-275.84000000000003
1642915829.23	260000	3.936064	0.0	1757078	6	8.199999999999989
1642915829.32	260000	5.840998	0.0	1560847	3	260.0
1642915829.42	260000	7.743045	0.0	1542805	4	260.0
1642915829.65	32800	9.51249	0.0	12166782	21	-194.39999999999998
1642915830.63	32800	10.52831	0.0	15664097	719	32.8
1642915835.01	260000	8.155212	0.0	84756689	3176	32.80000000000001
1642915835.22	32800	9.950539	0.0	15851372	26	-194.39999999999998
1642915838.31	152400	9.179987	0.0	70827999	2611	32.80000000000001
1642915839.08	32800	10.50512	0.0	12381646	537	-86.8
1642915839.74	32800	11.943881	0.0	10179458	445	32.8
1642915840.3	32800	13.711355	0.0	7987681	350	32.8
