1642844914.31	8200	1.999999	0.354	546328	248	-92.04
1642844914.5	8200	3.815355	0.0	790650	84	8.2
1642844914.62	8200	5.699143	0.0	911646	9	8.2
1642844914.73	8200	7.58673	0.0	844970	10	8.2
1642844914.98	11700	9.330184	0.0	3938957	111	8.2
1642844915.22	11700	11.090748	0.0	4536725	122	11.7
1642844915.48	11700	12.83837	0.0	5378836	124	11.7
1642844915.72	11700	14.596215	0.0	4892753	119	11.7
1642844915.98	11700	16.334593	0.0	5587559	134	11.7
1642844916.19	11700	18.124614	0.0	4371099	94	11.7
1642844916.54	32800	19.775655	0.0	10179458	185	11.699999999999996
1642844916.79	32800	21.5271	0.0	7987681	116	32.8
1642844917.01	32800	23.304809	0.0	6249975	97	32.8
1642844917.23	32800	25.085305	0.0	6462926	95	32.8
1642844917.45	32800	26.860817	0.0	6930236	98	32.8
1642844917.67	32800	28.638869	0.0	7176786	95	32.8
1642844918.88	152400	29.430061	0.0	39676104	730	32.80000000000001
1642844920.04	152400	30.277925	0.0	40793176	870	152.4
1642844920.94	152400	31.372875	0.0	37608977	618	152.4
1642844921.78	152400	32.533423	0.0	35738670	565	152.4
1642844922.66	152400	33.657164	0.0	36020729	546	152.4
1642844923.45	152400	34.867826	0.0	36493721	551	152.4
1642844924.26	152400	36.048863	0.0	37585290	548	152.4
1642844926.63	260000	35.734148	0.0	74749470	1443	152.4
1642844928.9	260000	35.94845	0.0	75910911	1780	260.0
1642844931.27	260000	35.581387	0.0	74070687	1777	260.0
1642844933.64	260000	35.208055	0.0	73938718	1855	260.0
1642844935.9	260000	35.063245	0.0	73613985	1789	260.0
1642844937.97	260000	35.590454	0.0	69503182	1648	260.0
1642844940.1	260000	35.924971	0.0	72822670	1623	260.0
1642844942.01	260000	36.012384	0.0	70991563	1456	260.0
1642844943.78	260000	36.473455	0.0	66218671	1215	260.0
1642844945.43	260000	37.259554	0.0	71469145	1189	260.0
1642844946.82	260000	38.096379	0.0	64074874	971	260.0
1642844948.3	260000	39.002524	0.0	65041967	927	260.0
1642844949.84	260000	39.860861	0.0	65860507	1059	260.0
1642844951.23	260000	41.428997	0.0	60900183	882	260.0
1642844952.6	260000	42.993912	0.0	65223805	874	260.0
1642844953.88	260000	44.482643	0.0	61492275	877	260.0
1642844955.27	260000	46.065868	0.0	57534179	1013	260.0
1642844956.85	260000	47.648422	0.0	64191273	1028	260.0
1642844958.2	260000	49.135768	0.0	57421190	888	260.0
1642844959.6	260000	50.693282	0.0	60358582	925	260.0
1642844960.9	260000	52.218463	0.0	60581734	890	260.0
1642844962.32	260000	53.820263	0.0	55686462	1065	260.0
1642844963.95	260000	55.160339	0.0	61687104	1212	260.0
1642844965.46	260000	56.623362	0.0	56994559	1116	260.0
1642844967.16	260000	58.140897	0.0	55162012	1262	260.0
1642844968.97	260000	59.680522	0.0	63612323	1376	260.0
1642844974.09	260000	59.794018	0.0	53712380	1198	260.0
1642844979.26	260000	59.964775	0.0	59826276	1276	260.0
1642844985.36	260000	59.764326	0.0	58861434	1204	260.0
1642844991.85	260000	59.773723	0.0	53320981	1538	260.0
1642845002.93	260000	59.986365	0.0	62494429	1587	260.0
1642845014.06	260000	59.91306	0.0	53458888	2141	260.0
1642845024.1	152400	59.882368	0.0	34872720	1196	44.80000000000001
1642845034.77	152400	59.778689	0.0	41004729	1327	152.4
1642845045.29	152400	59.797604	0.0	37213320	1192	152.4
1642845055.3	152400	59.861923	0.0	34267546	1190	152.4
1642845063.77	152400	59.994857	0.0	32823233	1173	152.4
1642845065.29	152400	59.902305	0.0	629903	332	152.4

1642845065.91	8200	1.999999	0.188	427088	84	-48.88000000000001
1642845065.93	8200	3.999999	0.0	790650	2	8.2
1642845065.96	8200	5.988629	0.0	911646	7	8.2
1642845065.98	8200	7.963372	0.0	844970	3	8.2
1642845066.04	11700	9.904782	0.0	3938957	9	8.2
1642845066.08	11700	11.863399	0.0	4536725	12	11.7
1642845066.13	11700	13.813739	0.0	5378836	13	11.7
1642845066.18	11700	15.770681	0.0	4892753	11	11.7
1642845066.22	11700	17.728864	0.0	5587559	11	11.7
1642845066.85	32800	19.093827	0.0	12381646	455	11.699999999999996
1642845066.92	32800	21.023029	0.0	10179458	15	32.8
1642845067.02	32800	22.927656	0.0	7987681	23	32.8
1642845067.07	32800	24.872024	0.0	6249975	10	32.8
1642845067.12	32800	26.827092	0.0	6462926	11	32.8
1642845067.17	32800	28.776866	0.0	6930236	11	32.8
1642845068.31	152400	29.636136	0.0	40301174	817	32.80000000000001
1642845069.32	152400	30.624902	0.0	39676104	737	152.4
1642845070.47	152400	31.482124	0.0	40793176	867	152.4
1642845071.44	152400	32.501989	0.0	37608977	711	152.4
1642845072.39	152400	33.556941	0.0	35738670	682	152.4
1642845073.35	152400	34.597846	0.0	36020729	694	152.4
1642845074.32	152400	35.689993	0.0	36493721	694	152.4
1642845076.62	260000	35.460132	0.0	77638812	1451	152.4
1642845078.92	260000	35.158704	0.0	74749470	1859	260.0
1642845081.41	260000	34.666045	0.0	75910911	1861	260.0
1642845083.75	260000	34.37909	0.0	74070687	1757	260.0
1642845085.9	260000	34.941774	0.0	73938718	1707	260.0
1642845087.97	260000	35.544534	0.0	73613985	1627	260.0
1642845089.85	260000	35.981782	0.0	69503182	1458	260.0
1642845091.92	260000	36.570338	0.0	72822670	1444	260.0
1642845093.78	260000	36.865349	0.0	70991563	1281	260.0
1642845095.49	260000	37.46646	0.0	66218671	1269	260.0
1642845097.25	260000	37.932936	0.0	71469145	1303	260.0
1642845099.17	260000	38.309054	0.0	64074874	1449	260.0
1642845100.89	260000	39.691363	0.0	65041967	1289	260.0
1642845102.82	260000	41.085812	0.0	65860507	1380	260.0
1642845104.41	260000	42.567764	0.0	60900183	1202	260.0
1642845106.19	260000	43.847891	0.0	65223805	1271	260.0
1642845107.75	260000	45.456366	0.0	61492275	1184	260.0
1642845109.32	260000	46.965815	0.0	57534179	1097	260.0
1642845111.3	260000	48.197735	0.0	64191273	1636	260.0
1642845113.3	260000	49.522405	0.0	57421190	1625	260.0
1642845115.26	260000	50.763577	0.0	60358582	1605	260.0
1642845117.15	260000	52.219595	0.0	60581734	1532	260.0
1642845118.88	260000	53.590974	0.0	55686462	1372	260.0
1642845120.78	260000	54.880858	0.0	61687104	1537	260.0
1642845122.58	260000	56.198883	0.0	56994559	1377	260.0
1642845124.26	260000	57.658422	0.0	55162012	1339	260.0
1642845126.15	260000	58.991891	0.0	63612323	1432	260.0
1642845128.71	260000	59.714625	0.0	53712380	1111	260.0
1642845134.39	260000	59.803629	0.0	59826276	1124	260.0
1642845140.3	260000	59.882118	0.0	58861434	1034	260.0
1642845149.78	260000	59.835732	0.0	53320981	1448	260.0
1642845160.23	260000	59.655293	0.0	62494429	1486	260.0
1642845171.14	260000	59.999303	0.0	53458888	1404	260.0
1642845182.63	260000	59.895713	0.0	53798130	1538	260.0
1642845193.2	260000	59.889859	0.0	61358299	2065	260.0
1642845203.85	152400	59.880258	0.0	37213320	1250	44.80000000000001
1642845213.33	152400	59.925274	0.0	34267546	1151	152.4
