1642837576.71	8200	1.999999	0.351	546328	247	-91.26
1642837576.91	11700	3.809785	0.0	1102047	89	8.2
1642837577.03	32800	5.680786	0.0	1560846	17	11.699999999999996
1642837577.16	260000	7.55529	0.0	1542805	18	32.80000000000001
1642837579.79	260000	6.926853	0.0	83554460	1431	260.0
1642837581.05	152400	7.663619	0.0	56494032	869	44.80000000000001
1642837582.84	152400	7.874442	0.0	68626847	1231	152.4
1642837582.85	260000	7.864831	0.0	68626847	1231	152.4
1642837585.08	260000	7.912644	0.0	85798884	1483	260.0
1642837587.17	260000	9.553776	0.0	86059829	1562	260.0
1642837598.6	260000	27.597745	0.0	37608977	621	260.0
1642837598.61	260000	27.597745	0.0	37608977	621	260.0
1642837600.42	260000	29.246662	0.0	79414941	1332	260.0
1642837602.21	260000	30.707486	0.0	73704781	1214	260.0
1642837604.17	260000	32.228565	0.0	80783826	1431	260.0
1642837606.49	260000	33.771544	0.0	77638812	1828	260.0
1642837609.07	260000	35.249138	0.0	74749470	2066	260.0
1642837611.71	260000	36.690364	0.0	75910911	2134	260.0
1642837614.7	260000	38.143693	0.0	74070687	2484	260.0
1642837617.73	260000	39.452554	0.0	73938718	2428	260.0
1642837617.74	152400	39.452554	0.0	73938718	2428	44.80000000000001
1642837619.3	152400	41.300319	0.0	34563011	1268	152.4
1642837620.63	152400	43.146468	0.0	31292175	1027	152.4
1642837621.95	152400	44.911888	0.0	32834126	1051	152.4
1642837623.28	152400	46.714099	0.0	33877878	1048	152.4
1642837624.48	152400	48.523951	0.0	31988631	941	152.4
1642837625.73	152400	50.328189	0.0	34031025	952	152.4
1642837626.81	152400	52.140241	0.0	30869167	803	152.4
1642837627.86	152400	53.986282	0.0	31753337	770	152.4
1642837627.87	260000	53.986282	0.0	31753337	770	152.4
1642837629.85	260000	55.746098	0.0	65860507	1502	260.0
1642837631.72	260000	57.394885	0.0	60900183	1386	260.0
1642837633.54	260000	59.073972	0.0	65223805	1362	260.0
1642837639.93	260000	59.998422	0.0	61492275	1463	260.0
1642837657.54	260000	59.904442	0.0	2591593	506	260.0
1642837657.55	152400	59.904442	0.0	2591593	506	44.80000000000001
1642837670.68	152400	59.984994	0.0	2719235	509	152.4
1642837670.68	32800	59.783705	0.0	2719235	509	-86.8
1642837677.56	32800	59.816719	0.0	7871221	656	32.8
1642837691.17	32800	59.840545	0.0	2728942	508	32.8
1642837691.18	32800	59.840545	0.0	2728942	508	32.8
1642837703.29	32800	59.848446	0.0	2695178	501	32.8
1642837703.3	32800	59.848446	0.0	2695178	501	32.8
1642837709.21	32800	59.875268	0.0	7790808	692	32.8
1642837728.32	32800	59.977572	0.0	2659966	498	32.8
1642837728.33	32800	59.977572	0.0	2659966	498	32.8
1642837740.26	32800	59.782507	0.0	2747985	500	32.8
1642837740.26	32800	59.782507	0.0	2747985	500	32.8
1642837760.89	32800	59.989576	0.0	2864046	501	32.8
1642837760.9	32800	59.989576	0.0	2864046	501	32.8
1642837772.8	32800	59.891631	0.0	2785470	506	32.8
1642837772.81	32800	59.891631	0.0	2785470	506	32.8
1642837794.54	32800	59.824471	0.0	2884569	613	32.8
1642837794.54	32800	59.824471	0.0	2884569	613	32.8
1642837808.39	32800	59.97076	0.0	3147034	102	32.8
1642837808.39	32800	59.958357	0.0	3147034	102	32.8
1642837808.49	32800	59.89748	0.0	296571	3	32.8
1642837808.49	260000	59.892537	0.0	296571	3	32.80000000000001
1642837808.62	260000	59.850236	0.0	631698	16	260.0
