1642914407.99	8200	1.999999	0.286	546328	180	-74.36
1642914408.5	260000	3.500865	0.0	1757078	306	8.199999999999989
1642914409.05	260000	4.947887	0.0	1560847	367	260.0
1642914409.59	260000	6.410216	0.0	1542805	359	260.0
1642914415.11	32800	2.8842	0.0	12166782	5236	-194.39999999999998
1642914416.07	8200	3.927908	0.0	3361033	676	-16.400000000000002
1642914416.78	11700	5.550386	0.0	5378836	505	8.2
1642914417.38	11700	7.169385	0.0	4892753	341	11.7
1642914418.24	11700	8.432886	0.0	5587559	659	11.7
1642914419.78	32800	9.280088	0.0	12381646	1310	11.699999999999996
1642914420.31	11700	10.749876	0.0	3375218	337	-9.400000000000002
1642914421.34	32800	11.81388	0.0	7987681	800	11.699999999999996
1642914422.0	32800	13.209642	0.0	6249975	457	32.8
1642914422.29	8200	14.918997	0.0	1704148	107	-16.400000000000002
1642914425.73	152400	13.471513	0.0	42807747	2743	8.200000000000017
1642914429.17	152400	12.445574	0.0	40301174	3073	152.4
1642914432.49	152400	11.285458	0.0	39676104	2987	152.4
1642914436.43	152400	10.055299	0.0	40793176	3556	152.4
1642914438.93	152400	9.879871	0.0	37608977	2125	152.4
1642914442.4	152400	10.865685	0.0	35738670	3062	152.4
1642914447.07	152400	11.390765	0.0	36020729	4333	152.4
1642914450.29	152400	12.233775	0.0	36493721	2865	152.4
1642914451.25	32800	13.830062	0.0	7253832	745	-86.8
1642914452.59	32800	15.513626	0.0	7034316	1116	32.8
1642914453.76	32800	17.135467	0.0	7133512	976	32.8
1642914454.71	32800	18.859359	0.0	7041401	705	32.8
1642914455.76	32800	20.585155	0.0	7143328	842	32.8
1642914456.93	32800	22.125141	0.0	7338535	981	32.8
1642914457.84	32800	23.836315	0.0	6896645	713	32.8
1642914458.5	32800	25.762866	0.0	6714054	470	32.8
1642914459.07	32800	27.530927	0.0	7018701	380	32.8
1642914461.16	152400	28.853144	0.0	31988631	1747	32.80000000000001
1642914464.04	152400	29.829793	0.0	34031025	2459	152.4
1642914465.91	260000	31.235865	0.0	64074874	1230	152.4
1642914471.1	260000	31.552947	0.0	65041967	4639	260.0
1642914473.93	260000	32.606518	0.0	65860507	2323	260.0
1642914477.21	260000	33.384104	0.0	60900183	2618	260.0
1642914481.0	260000	33.996728	0.0	65223805	3332	260.0
1642914484.25	260000	34.888038	0.0	61492275	2768	260.0
1642914485.32	260000	36.34426	0.0	57534179	594	260.0
1642914486.33	260000	37.926052	0.0	64191273	522	260.0
1642914487.25	260000	39.003682	0.0	57421190	458	260.0
1642914488.18	260000	40.076171	0.0	60358582	478	260.0
1642914489.12	260000	41.141291	0.0	60581734	475	260.0
1642914490.21	260000	42.0447	0.0	55686462	660	260.0
1642914491.4	260000	42.861332	0.0	61687104	717	260.0
1642914492.54	260000	43.723032	0.0	56994559	690	260.0
1642914493.75	260000	44.510377	0.0	55162012	833	260.0
1642914495.8	260000	44.520616	0.0	63612323	1564	260.0
1642914497.34	260000	45.300286	0.0	53712380	1117	260.0
1642914499.12	260000	45.782885	0.0	59826276	1280	260.0
1642914500.78	260000	46.122566	0.0	58861434	1257	260.0
1642914502.41	260000	46.486758	0.0	53320981	1049	260.0
1642914504.16	260000	46.743857	0.0	62494429	1220	260.0
1642914505.63	260000	47.748081	0.0	53458888	1047	260.0
1642914507.18	260000	49.121449	0.0	53798130	1075	260.0
1642914508.93	260000	50.311681	0.0	61358299	1225	260.0
1642914511.0	260000	51.532029	0.0	50406269	1669	260.0
1642914514.48	260000	52.072948	0.0	43226513	3163	260.0
1642914516.26	260000	53.654266	0.0	35938085	1454	260.0
1642914516.41	260000	53.6876	0.0	631698	25	260.0

1642914516.56	11700	53.675739	0.286	139786	1	-74.36
1642914516.62	260000	53.612982	0.0	631698	2	11.699999999999989
1642914517.41	8200	1.999999	0.261	2049018	434	-311.46000000000004
1642914517.51	260000	3.937944	0.0	1757078	4	8.199999999999989
1642914517.61	260000	5.833428	0.0	1560847	5	260.0
1642914517.71	260000	7.734523	0.0	1542805	4	260.0
1642914517.93	32800	9.517793	0.0	12166782	18	-194.39999999999998
1642914519.24	32800	10.209608	0.0	15664097	1038	32.8
1642914522.65	152400	8.800618	0.0	68626847	2393	32.80000000000001
1642914526.26	152400	7.635795	0.0	72320713	2718	152.4
1642914531.0	152400	6.551895	0.0	70827999	4028	152.4
1642914531.19	32800	8.436673	0.0	12381646	32	-86.8
1642914531.83	32800	9.911755	0.0	10179458	419	32.8
1642914534.32	152400	11.478314	0.0	48821461	2069	32.80000000000001
1642914537.03	152400	12.888473	0.0	44466772	2248	152.4
1642914541.78	152400	13.917642	0.0	45810515	4288	152.4
1642914542.66	152400	15.749684	0.0	42807747	396	152.4
1642914543.71	152400	17.617643	0.0	40301174	664	152.4
1642914544.56	152400	19.232085	0.0	39676104	477	152.4
1642914545.24	152400	21.172541	0.0	40793176	305	152.4
1642914546.78	260000	23.054629	0.0	78901633	918	152.4
1642914548.79	260000	24.543037	0.0	79414941	1455	260.0
1642914550.8	260000	26.143132	0.0	73704781	1288	260.0
1642914552.77	260000	27.739354	0.0	80783826	1412	260.0
1642914555.21	260000	29.12091	0.0	77638812	1685	260.0
1642914557.28	260000	30.743767	0.0	74749470	1532	260.0
1642914559.32	260000	32.296087	0.0	75910911	1531	260.0
1642914561.32	260000	33.589748	0.0	74070687	1446	260.0
1642914563.7	260000	33.664091	0.0	73938718	1840	260.0
1642914568.85	260000	33.234548	0.0	73613985	4675	260.0
1642914573.69	260000	33.784643	0.0	69503182	4367	260.0
1642914575.23	260000	35.258579	0.0	72822670	838	260.0
1642914577.87	260000	36.327282	0.0	70991563	2173	260.0
1642914583.14	260000	36.798442	0.0	66218671	4656	260.0
1642914587.81	260000	37.521285	0.0	71469145	3956	260.0
1642914592.43	260000	37.934366	0.0	64074874	4125	260.0
1642914595.5	260000	39.095268	0.0	65041967	2596	260.0
1642914600.39	260000	39.476746	0.0	65860507	4359	260.0
1642914604.63	260000	39.926292	0.0	60900183	3804	260.0
