1642918425.94	8200	1.999999	0.354	546328	250	-92.04
1642918426.22	260000	3.726591	0.0	1757078	93	8.199999999999989
1642918426.42	260000	5.532724	0.0	1560847	14	260.0
1642918426.61	260000	7.339557	0.0	1542805	15	260.0
1642918427.18	32800	8.772289	0.0	12166782	271	-194.39999999999998
1642918427.47	11700	10.47857	0.0	4536725	95	-9.400000000000002
1642918429.86	260000	10.086931	0.0	84756689	1278	11.699999999999989
1642918432.39	260000	9.559813	0.0	85798884	1687	260.0
1642918435.15	260000	9.345413	0.0	86059829	1966	260.0
1642918438.26	260000	8.532883	0.0	83431241	2506	260.0
1642918441.15	260000	9.591693	0.0	82198417	2278	260.0
1642918443.79	260000	11.172547	0.0	79299299	2118	260.0
1642918446.79	260000	12.6284	0.0	75092129	2212	260.0
1642918449.97	260000	14.076811	0.0	78844622	2535	260.0
1642918452.86	260000	15.611233	0.0	77654479	2288	260.0
1642918455.67	260000	17.209935	0.0	75220977	2167	260.0
1642918458.96	260000	18.529998	0.0	79740890	2697	260.0
1642918462.17	260000	19.992369	0.0	78574581	2458	260.0
1642918465.38	260000	21.381516	0.0	78901633	2611	260.0
1642918468.81	260000	22.946994	0.0	79414941	2942	260.0
1642918472.16	260000	24.413468	0.0	73704781	2615	260.0
1642918477.95	260000	25.444729	0.0	80783826	1846	260.0
1642918480.01	260000	27.060326	0.0	77638812	1361	260.0
1642918481.76	260000	28.762027	0.0	74749470	1147	260.0
1642918483.35	260000	30.406419	0.0	75910911	914	260.0
1642918485.0	260000	32.109718	0.0	74070687	1063	260.0
1642918487.27	260000	33.712668	0.0	73938718	1505	260.0
1642918489.31	260000	35.296415	0.0	73613985	1437	260.0
1642918491.27	260000	36.94716	0.0	69503182	1285	260.0
1642918493.69	260000	38.439148	0.0	72822670	1819	260.0
1642918496.04	260000	40.043453	0.0	70991563	1672	260.0
1642918498.14	260000	41.7725	0.0	66218671	1634	260.0
1642918500.8	260000	43.348368	0.0	71469145	2054	260.0
1642918503.54	260000	44.776281	0.0	64074874	2113	260.0
1642918506.3	260000	46.232645	0.0	65041967	2019	260.0
1642918508.78	260000	47.876812	0.0	65860507	1937	260.0
1642918511.26	260000	49.318983	0.0	60900183	1957	260.0
1642918513.77	260000	50.785607	0.0	65223805	1941	260.0
1642918516.29	260000	52.269404	0.0	61492275	1993	260.0
1642918518.43	260000	53.813359	0.0	57534179	1609	260.0
1642918520.66	260000	55.613484	0.0	64191273	1589	260.0
1642918522.77	260000	57.132764	0.0	57421190	1626	260.0
1642918524.98	260000	58.809625	0.0	60358582	1594	260.0
1642918527.98	260000	59.930641	0.0	60581734	1546	260.0
1642918540.36	260000	59.831775	0.0	55686462	1361	260.0
1642918552.2	260000	59.897151	0.0	61687104	1731	260.0
1642918563.42	260000	59.887204	0.0	56994559	1663	260.0
1642918574.48	260000	59.906116	0.0	55162012	1500	260.0
1642918584.95	260000	59.798825	0.0	63612323	1899	260.0
1642918596.0	260000	59.707041	0.0	53712380	1512	260.0
1642918606.78	260000	59.792978	0.0	59826276	1522	260.0
1642918618.25	260000	59.807161	0.0	58861434	1906	260.0
