1642944942.51	8200	1.999999	0.356	546328	249	-92.56
1642944942.87	260000	3.648367	0.0	1757078	176	8.199999999999989
1642944943.14	260000	5.375171	0.0	1560847	98	260.0
1642944943.4	260000	7.113107	0.0	1542805	82	260.0
1642944944.33	32800	8.188558	0.0	12166782	654	-194.39999999999998
1642944945.85	32800	8.662612	0.0	15664097	1295	32.8
1642944946.9	32800	9.617723	0.0	15560661	809	32.8
1642944954.07	152400	5.547265	0.0	72320713	6189	32.80000000000001
1642944955.35	32800	6.718555	0.0	14688721	1030	-86.8
1642944956.56	32800	7.725743	0.0	12381646	989	32.8
1642944960.62	152400	7.748997	0.0	57184643	3620	32.80000000000001
1642944965.02	152400	8.968818	0.0	48821461	3977	152.4
1642944967.68	152400	10.382361	0.0	44466772	2261	152.4
1642944971.14	152400	10.829778	0.0	45810515	3024	152.4
1642944977.2	152400	9.778162	0.0	42807747	3746	152.4
1642944981.18	152400	10.513674	0.0	40301174	3471	152.4
1642944982.48	152400	12.283161	0.0	39676104	828	152.4
1642944983.74	152400	14.025531	0.0	40793176	866	152.4
1642944985.73	260000	15.531313	0.0	78901633	1367	152.4
1642944988.05	260000	16.866272	0.0	79414941	1575	260.0
1642944990.06	260000	18.261052	0.0	73704781	1452	260.0
1642944992.63	260000	19.376244	0.0	80783826	1764	260.0
1642944995.13	260000	20.630996	0.0	77638812	1751	260.0
1642944998.95	260000	21.603101	0.0	74749470	3138	260.0
1642945002.06	260000	22.741011	0.0	75910911	2361	260.0
1642945009.62	260000	22.382537	0.0	74070687	6957	260.0
1642945014.93	260000	22.705519	0.0	73938718	4647	260.0
1642945021.28	260000	22.575192	0.0	73613985	5740	260.0
1642945026.24	260000	22.83946	0.0	69503182	4437	260.0
1642945034.8	260000	22.923988	0.0	72822670	7981	260.0
1642945037.05	260000	24.5834	0.0	70991563	1630	260.0
1642945038.66	260000	26.282234	0.0	66218671	1109	260.0
1642945040.3	260000	27.797948	0.0	71469145	1069	260.0
1642945042.42	260000	29.611638	0.0	64074874	1551	260.0
1642945046.14	260000	30.793452	0.0	65041967	1547	260.0
1642945048.01	260000	32.479178	0.0	65860507	1224	260.0
1642945049.47	260000	34.267881	0.0	60900183	954	260.0
1642945051.06	260000	35.810987	0.0	65223805	1082	260.0
1642945052.34	260000	37.597351	0.0	61492275	744	260.0
1642945053.54	260000	39.455956	0.0	57534179	699	260.0
1642945054.81	260000	41.168888	0.0	64191273	760	260.0
1642945056.04	260000	42.871218	0.0	57421190	643	260.0
1642945057.34	260000	44.531911	0.0	60358582	765	260.0
1642945059.05	260000	46.13342	0.0	60581734	1205	260.0
1642945060.55	260000	47.912046	0.0	55686462	1027	260.0
1642945062.17	260000	49.400206	0.0	61687104	1096	260.0
1642945063.57	260000	51.400206	0.0	56994559	961	260.0
1642945065.05	260000	53.15594	0.0	55162012	1018	260.0
1642945066.93	260000	54.689814	0.0	63612323	1292	260.0
1642945068.51	260000	56.543456	0.0	53712380	1134	260.0
1642945070.3	260000	58.149226	0.0	59826276	1270	260.0
1642945072.16	260000	59.854647	0.0	58861434	1366	260.0
1642945082.65	260000	59.888636	0.0	53320981	1513	260.0
1642945092.21	260000	59.993529	0.0	62494429	1474	260.0
1642945102.67	260000	59.91163	0.0	53458888	1414	260.0
1642945112.7	260000	59.896737	0.0	53798130	1470	260.0
1642945122.45	260000	59.618193	0.0	61358299	1665	260.0
1642945132.86	260000	59.885726	0.0	50406269	1362	260.0
