1642840776.71	8200	1.999999	0.361	546328	251	-93.86
1642840776.93	11700	3.792493	0.0	1102047	103	8.2
1642840777.12	32800	5.593683	0.0	1560846	82	11.699999999999996
1642840777.29	32800	7.424415	0.0	1542804	62	32.8
1642840777.96	32800	8.761244	0.0	12166782	482	32.8
1642840778.76	32800	9.958892	0.0	15664097	620	32.8
1642840782.33	152400	8.389878	0.0	68626847	2755	32.80000000000001
1642840786.02	152400	7.091044	0.0	72320713	2978	152.4
1642840789.58	152400	6.517383	0.0	70827999	3100	152.4
1642840792.06	152400	7.753893	0.0	51846012	2101	152.4
1642840795.23	152400	9.262876	0.0	57184643	2677	152.4
1642840797.47	152400	10.695017	0.0	48821461	1928	152.4
1642840799.55	152400	12.297293	0.0	44466772	1734	152.4
1642840801.98	152400	13.895462	0.0	45810515	2066	152.4
1642840804.19	152400	15.461158	0.0	42807747	1833	152.4
1642840806.13	152400	16.948888	0.0	40301174	1609	152.4
1642840807.93	152400	18.656074	0.0	39676104	1554	152.4
1642840809.8	152400	20.103162	0.0	40793176	1611	152.4
1642840811.7	152400	21.89509	0.0	37608977	1557	152.4
1642840813.41	152400	23.61802	0.0	35738670	1471	152.4
1642840815.58	152400	25.241363	0.0	36020729	1870	152.4
1642840817.29	152400	26.860005	0.0	36493721	1463	152.4
1642840819.88	152400	28.328024	0.0	37585290	2357	152.4
1642840823.67	152400	29.399146	0.0	34459282	3526	152.4
1642840823.68	32800	29.399146	0.0	34459282	3526	-86.8
1642840824.52	32800	31.131048	0.0	7133512	723	32.8
1642840825.46	32800	32.807007	0.0	7041401	818	32.8
1642840826.21	32800	34.772395	0.0	7143328	626	32.8
1642840827.15	32800	36.483922	0.0	7338535	815	32.8
1642840828.08	32800	38.293021	0.0	6896645	804	32.8
1642840829.84	32800	39.8897	0.0	6714054	1641	32.8
1642840830.95	32800	41.477356	0.0	7018701	986	32.8
1642840831.72	32800	43.388337	0.0	6838204	646	32.8
1642840832.45	32800	45.229136	0.0	6922846	606	32.8
1642840832.8	32800	47.040596	0.0	6926196	231	32.8
1642840833.16	32800	48.951458	0.0	7072104	237	32.8
1642840833.55	32800	50.882827	0.0	7515735	266	32.8
1642840833.56	152400	50.873503	0.0	7515735	266	32.80000000000001
1642840835.18	152400	52.444883	0.0	30739933	1395	152.4
1642840838.2	152400	53.716689	0.0	34919429	2750	152.4
1642840839.81	152400	55.239186	0.0	34638995	1356	152.4
1642840840.84	152400	56.998408	0.0	30969970	784	152.4
1642840841.5	152400	58.709388	0.0	35313058	387	152.4
1642840844.2	152400	59.939615	0.0	32767078	434	152.4
1642840851.88	260000	59.845199	0.0	60358582	770	152.4
1642840864.52	260000	59.831543	0.0	2628469	508	260.0
1642840864.53	260000	59.831543	0.0	2628469	508	260.0
1642840864.54	152400	59.831543	0.0	2628469	508	44.80000000000001
1642840864.54	32800	59.831543	0.0	2628469	508	-86.8
1642840878.26	32800	59.841091	0.0	2718244	580	32.8
1642840878.26	32800	59.841091	0.0	2718244	580	32.8
1642840890.11	32800	59.988151	0.0	1928522	1084	32.8
1642840890.12	11700	59.988151	0.0	1928522	1084	-9.400000000000002
1642840896.72	11700	59.818091	0.0	2573837	596	11.7
1642840902.11	11700	59.916654	0.0	2659966	275	11.7
1642840907.81	11700	59.669844	0.0	2747985	509	11.7
1642840907.82	32800	59.616132	0.0	2747985	509	11.699999999999996
1642840918.94	32800	59.932376	0.0	2864046	512	32.8
1642840918.95	32800	59.887616	0.0	2864046	512	32.8
1642840931.34	32800	59.653223	0.0	3147034	105	32.8
1642840931.35	152400	59.640004	0.0	3147034	105	32.80000000000001

1642840931.46	152400	59.562414	0.361	629903	11	-93.86
1642840931.47	260000	59.554335	0.0	629903	11	152.4
1642840932.22	8200	1.999999	0.104	2049018	350	-270.64
1642840932.36	32800	3.892309	0.0	1705511	31	8.199999999999996
1642840932.52	260000	5.736068	0.0	1560847	40	32.80000000000001
1642840932.66	260000	7.589578	0.0	1542805	40	260.0
1642840936.06	260000	6.193764	0.0	83554460	2312	260.0
1642840936.06	152400	6.185014	0.0	83554460	2312	44.80000000000001
1642840946.84	152400	22.786642	0.0	7176786	315	152.4
1642840946.85	152400	22.777185	0.0	7176786	315	152.4
1642840949.26	152400	24.343288	0.0	39676104	2123	152.4
1642840952.24	152400	25.642284	0.0	40793176	2596	152.4
1642840952.24	32800	25.629537	0.0	40793176	2596	-86.8
1642840952.88	32800	27.213618	0.0	7420242	511	32.8
1642840953.53	32800	28.800034	0.0	7455282	515	32.8
1642840954.16	32800	30.536307	0.0	7960895	505	32.8
1642840954.7	32800	32.200683	0.0	6396912	406	32.8
1642840955.28	32800	34.054656	0.0	7253832	461	32.8
1642840955.9	32800	35.596078	0.0	7034316	487	32.8
1642840956.53	32800	37.179069	0.0	7133512	500	32.8
1642840957.16	32800	38.786336	0.0	7041401	493	32.8
1642840957.87	32800	40.252139	0.0	7143328	583	32.8
1642840958.7	32800	41.761148	0.0	7338535	703	32.8
1642840959.72	32800	43.09969	0.0	6896645	892	32.8
1642840961.02	32800	44.192471	0.0	6714054	1175	32.8
1642840962.37	32800	45.490617	0.0	7018701	1228	32.8
1642840964.89	32800	46.026496	0.0	6838204	2394	32.8
1642840966.7	32800	47.034274	0.0	6922846	1684	32.8
1642840968.22	32800	48.148475	0.0	6926196	1405	32.8
1642840969.67	32800	49.100917	0.0	7072104	1317	32.8
1642840970.93	32800	50.351747	0.0	7515735	1132	32.8
1642840972.15	32800	51.444913	0.0	7011028	1097	32.8
1642840975.61	32800	50.646932	0.0	7307337	3323	32.8
1642840977.02	32800	51.478304	0.0	7344127	1285	32.8
1642840978.07	32800	52.672026	0.0	7064203	928	32.8
1642840979.63	32800	53.432095	0.0	7516082	1433	32.8
1642840981.03	32800	54.287233	0.0	7278398	1274	32.8
1642840982.13	32800	55.353029	0.0	7481760	975	32.8
1642840983.32	32800	56.195587	0.0	7871221	1061	32.8
1642840984.29	32800	57.831482	0.0	7236548	847	32.8
1642840987.12	32800	59.094238	0.0	7418057	2693	32.8
1642840990.43	32800	59.827272	0.0	7580084	683	32.8
1642840997.06	32800	59.843233	0.0	7306910	461	32.8
1642841008.62	32800	59.999472	0.0	2644475	264	32.8
1642841008.63	32800	59.967485	0.0	2644475	264	32.8
1642841010.7	32800	59.957759	0.0	7936123	930	32.8
1642841013.15	32800	59.861981	0.0	7845705	318	32.8
1642841015.64	32800	59.828643	0.0	7682661	359	32.8
1642841018.11	32800	59.839695	0.0	8703604	340	32.8
1642841020.58	32800	59.55204	0.0	8166986	322	32.8
1642841020.58	152400	59.55204	0.0	8166986	322	32.80000000000001
1642841022.75	152400	59.703306	0.0	34267546	1406	152.4
1642841024.84	152400	59.732805	0.0	32823233	1351	152.4
1642841024.85	152400	59.766139	0.0	629903	2	152.4
1642841024.86	260000	59.766139	0.0	629903	2	152.4
