1642916100.18	8200	1.999999	0.348	546328	248	-90.48
1642916100.54	260000	3.653413	0.0	1757078	168	8.199999999999989
1642916100.78	260000	5.411651	0.0	1560847	64	260.0
1642916101.01	260000	7.176945	0.0	1542805	60	260.0
1642916101.78	32800	8.409841	0.0	12166782	472	-194.39999999999998
1642916102.15	11700	10.039643	0.0	4536725	165	-9.400000000000002
1642916102.49	8200	11.7017	0.0	3920262	145	4.699999999999999
1642916103.45	32800	12.73637	0.0	15851372	670	8.199999999999996
1642916107.47	152400	10.72553	0.0	70827999	2916	32.80000000000001
1642916110.44	152400	10.09849	0.0	51846012	2477	152.4
1642916113.2	152400	9.401685	0.0	57184643	2277	152.4
1642916116.0	152400	9.291769	0.0	48821461	2333	152.4
1642916118.15	152400	9.993514	0.0	44466772	1730	152.4
1642916120.56	152400	11.610089	0.0	45810515	2054	152.4
1642916122.68	152400	13.117573	0.0	42807747	1716	152.4
1642916126.35	260000	14.311951	0.0	75220977	3098	152.4
1642916129.96	260000	15.469908	0.0	79740890	2990	260.0
1642916133.75	260000	16.49859	0.0	78574581	3297	260.0
1642916138.12	260000	17.364204	0.0	78901633	3632	260.0
1642916146.55	260000	17.140042	0.0	79414941	7680	260.0
1642916152.09	152400	17.522414	0.0	36020729	5136	44.80000000000001
1642916153.81	152400	18.988361	0.0	36493721	1347	152.4
1642916156.36	152400	20.122516	0.0	37585290	2219	152.4
1642916158.7	152400	21.382628	0.0	34459282	2027	152.4
1642916160.38	152400	22.951868	0.0	37576374	1310	152.4
1642916161.14	152400	24.694952	0.0	34095545	461	152.4
1642916162.51	260000	26.303199	0.0	73938718	815	152.4
1642916164.2	260000	27.806785	0.0	73613985	970	260.0
1642916166.37	260000	29.122391	0.0	69503182	1583	260.0
1642916168.63	260000	30.435977	0.0	72822670	1788	260.0
1642916171.14	260000	31.706344	0.0	70991563	1927	260.0
1642916173.52	260000	33.292669	0.0	66218671	1865	260.0
1642916176.01	260000	34.743764	0.0	71469145	1921	260.0
1642916178.2	260000	36.291149	0.0	64074874	1693	260.0
1642916180.65	260000	37.85103	0.0	65041967	1817	260.0
1642916182.89	260000	39.350715	0.0	65860507	1727	260.0
1642916184.9	260000	40.902717	0.0	60900183	1565	260.0
1642916188.62	260000	42.253098	0.0	65223805	3280	260.0
1642916195.8	260000	42.817773	0.0	61492275	6746	260.0
1642916205.67	260000	42.921166	0.0	57534179	9334	260.0
1642916207.51	152400	44.677418	0.0	35313058	1379	44.80000000000001
1642916216.17	152400	44.930055	0.0	32767078	8339	152.4
1642916219.48	152400	46.40594	0.0	34143965	2847	152.4
1642916220.52	152400	48.264993	0.0	35599566	708	152.4
1642916221.29	152400	50.120988	0.0	31880015	455	152.4
1642916222.06	152400	51.82266	0.0	35467287	440	152.4
1642916222.87	152400	53.602087	0.0	35220717	437	152.4
1642916224.1	260000	55.110239	0.0	55162012	639	152.4
1642916225.37	260000	56.405425	0.0	63612323	758	260.0
1642916226.6	260000	58.083577	0.0	53712380	849	260.0
1642916228.04	260000	59.538818	0.0	59826276	1024	260.0
1642916232.06	260000	59.811316	0.0	58861434	911	260.0
1642916237.91	260000	59.789257	0.0	53320981	831	260.0
1642916242.93	260000	59.828021	0.0	62494429	1841	260.0
1642916248.51	260000	59.87966	0.0	53458888	1095	260.0
1642916253.23	260000	59.766569	0.0	53798130	849	260.0
1642916263.77	260000	59.622855	0.0	61358299	1982	260.0
1642916274.71	260000	59.748745	0.0	50406269	2400	260.0
1642916285.21	260000	59.890067	0.0	43226513	4033	260.0
1642916294.52	260000	59.896769	0.0	35938085	6919	260.0
1642916295.09	260000	59.803114	0.0	631698	371	260.0

1642916295.23	11700	59.803114	0.348	139786	24	-90.48
1642916296.29	8200	1.999999	0.29	2049018	518	-70.7
1642916296.67	11700	3.6591	0.0	1102047	191	8.2
1642916297.01	11700	5.324037	0.0	1111083	154	11.7
1642916297.26	4900	7.076998	0.0	607418	69	-1.8999999999999995
1642916297.72	4900	8.615758	0.0	2009327	233	4.9
1642916297.84	11700	10.492162	0.0	4536725	12	4.8999999999999995
