1642938072.67	8200	1.999999	0.353	546328	252	-91.78
1642938072.95	260000	3.734558	0.0	1757078	95	8.199999999999989
1642938073.13	260000	5.552601	0.0	1560847	13	260.0
1642938073.31	260000	7.371143	0.0	1542805	13	260.0
1642938073.8	32800	8.885745	0.0	12166782	209	-194.39999999999998
1642938074.33	32800	10.354644	0.0	15664097	275	32.8
1642938076.69	152400	9.98843	0.0	68626847	1471	32.80000000000001
1642938078.98	260000	9.706878	0.0	85798884	1482	152.4
1642938081.7	260000	9.302247	0.0	86059829	2191	260.0
1642938084.67	260000	9.305838	0.0	83431241	2249	260.0
1642938087.47	260000	9.756843	0.0	82198417	2106	260.0
1642938090.09	260000	11.42898	0.0	79299299	2000	260.0
1642938092.52	260000	12.911989	0.0	75092129	1839	260.0
1642938094.91	260000	14.304703	0.0	78844622	1767	260.0
1642938097.52	260000	15.864783	0.0	77654479	1957	260.0
1642938100.11	260000	17.118599	0.0	75220977	1828	260.0
1642938103.07	260000	18.933794	0.0	79740890	2194	260.0
1642938105.62	260000	20.503946	0.0	78574581	1938	260.0
1642938108.29	260000	22.11197	0.0	78901633	2112	260.0
1642938111.05	260000	23.606299	0.0	79414941	2010	260.0
1642938113.71	260000	25.101316	0.0	73704781	2181	260.0
1642938116.79	260000	26.752364	0.0	80783826	2440	260.0
1642938119.55	260000	28.252492	0.0	77638812	2186	260.0
1642938125.62	260000	29.120977	0.0	74749470	1608	260.0
1642938127.54	260000	30.788676	0.0	75910911	1346	260.0
1642938129.23	260000	32.456188	0.0	74070687	1199	260.0
1642938130.75	260000	34.11912	0.0	73938718	1009	260.0
1642938132.64	260000	35.808769	0.0	73613985	1350	260.0
1642938134.67	260000	37.396528	0.0	69503182	1536	260.0
1642938137.33	260000	39.034045	0.0	72822670	2096	260.0
1642938140.23	260000	40.653406	0.0	70991563	2368	260.0
1642938142.91	260000	42.117445	0.0	66218671	2115	260.0
1642938145.57	260000	43.57771	0.0	71469145	2207	260.0
1642938148.14	260000	45.075117	0.0	64074874	2042	260.0
1642938150.46	260000	46.627599	0.0	65041967	1759	260.0
1642938152.67	260000	48.141295	0.0	65860507	1532	260.0
1642938154.71	260000	49.838728	0.0	60900183	1597	260.0
1642938156.8	260000	51.424283	0.0	65223805	1594	260.0
1642938158.83	260000	52.944534	0.0	61492275	1553	260.0
1642938161.0	260000	54.505714	0.0	57534179	1767	260.0
1642938163.36	260000	56.098104	0.0	64191273	1887	260.0
1642938165.54	260000	57.72945	0.0	57421190	1787	260.0
1642938167.95	260000	59.255917	0.0	60358582	1904	260.0
1642938174.67	260000	59.897781	0.0	60581734	1785	260.0
1642938185.54	260000	59.917879	0.0	55686462	1309	260.0
1642938195.52	260000	59.798731	0.0	61687104	1382	260.0
1642938205.69	260000	59.851846	0.0	56994559	1649	260.0
1642938215.87	260000	59.921289	0.0	55162012	1562	260.0
1642938226.49	260000	59.901178	0.0	63612323	1536	260.0
1642938236.58	260000	59.926725	0.0	53712380	1456	260.0
1642938248.15	260000	59.857169	0.0	59826276	1560	260.0
1642938259.21	260000	59.899239	0.0	58861434	1497	260.0
1642938269.68	260000	59.698837	0.0	53320981	1456	260.0
