1642914867.27	8200	1.999999	0.275	546328	171	-71.5
1642914867.67	260000	3.614214	0.0	1757078	136	8.199999999999989
1642914867.93	260000	5.353225	0.0	1560847	83	260.0
1642914868.2	260000	7.085258	0.0	1542805	86	260.0
1642914869.13	32800	8.153551	0.0	12166782	654	-194.39999999999998
1642914870.29	32800	8.990508	0.0	15664097	906	32.8
1642914871.69	32800	9.59352	0.0	15560661	1152	32.8
1642914873.43	11700	9.852049	0.0	4892753	1544	-9.400000000000002
1642914874.29	11700	10.993705	0.0	5587559	661	11.7
1642914874.64	8200	12.639326	0.0	2809333	162	4.699999999999999
1642914874.94	8200	14.336722	0.0	2063908	119	8.2
1642914875.31	11700	15.967267	0.0	2615238	182	8.2
1642914875.96	32800	17.555263	0.0	6249975	437	11.699999999999996
1642914879.76	152400	16.920357	0.0	45810515	3162	32.80000000000001
1642914882.88	152400	17.067709	0.0	42807747	2715	152.4
1642914886.52	152400	15.930026	0.0	40301174	3252	152.4
1642914889.08	152400	15.370531	0.0	39676104	2079	152.4
1642914892.24	152400	14.210537	0.0	40793176	2770	152.4
1642914897.77	152400	11.76927	0.0	37608977	3489	152.4
1642914901.48	152400	12.695674	0.0	35738670	3294	152.4
1642914902.81	152400	14.299934	0.0	36020729	970	152.4
1642914903.88	152400	15.932119	0.0	36493721	675	152.4
1642914904.89	152400	17.676389	0.0	37585290	618	152.4
1642914905.89	152400	19.245929	0.0	34459282	596	152.4
1642914907.65	152400	20.844775	0.0	37576374	617	152.4
1642914909.55	260000	22.207113	0.0	74070687	1128	152.4
1642914911.64	260000	23.616091	0.0	73938718	1382	260.0
1642914913.55	260000	24.852072	0.0	73613985	1232	260.0
1642914915.2	260000	26.183591	0.0	69503182	1202	260.0
1642914918.08	260000	27.495688	0.0	72822670	2218	260.0
1642914921.25	260000	28.339663	0.0	70991563	2595	260.0
1642914925.67	260000	28.961434	0.0	66218671	3902	260.0
1642914932.19	260000	28.664769	0.0	71469145	5810	260.0
1642914936.7	260000	29.069294	0.0	64074874	3961	260.0
1642914942.53	260000	28.868277	0.0	65041967	5164	260.0
1642914947.86	260000	28.999504	0.0	65860507	4647	260.0
1642914955.54	260000	27.759884	0.0	60900183	7201	260.0
1642914957.17	152400	29.396161	0.0	34919429	1223	44.80000000000001
1642914957.99	152400	30.996932	0.0	34638995	468	152.4
1642914959.19	152400	32.477481	0.0	30969970	883	152.4
1642914961.24	260000	33.719049	0.0	64191273	1563	152.4
1642914962.79	260000	35.124463	0.0	57421190	1101	260.0
1642914972.51	260000	34.668304	0.0	60358582	9284	260.0
1642914974.29	152400	36.331056	0.0	35599566	1308	44.80000000000001
1642914975.28	152400	38.03061	0.0	31880015	622	152.4
1642914976.37	152400	39.896241	0.0	35467287	662	152.4
1642914977.49	152400	41.53425	0.0	35220717	696	152.4
1642914978.45	152400	43.459183	0.0	32694645	542	152.4
1642914980.67	260000	44.955827	0.0	63612323	1697	152.4
1642914982.05	260000	46.668924	0.0	53712380	834	260.0
1642914983.77	260000	48.273206	0.0	59826276	1231	260.0
1642914985.7	260000	49.803423	0.0	58861434	1439	260.0
1642914987.57	260000	51.605293	0.0	53320981	1433	260.0
1642914989.92	260000	53.180717	0.0	62494429	1787	260.0
1642914991.94	260000	54.760192	0.0	53458888	1500	260.0
1642914994.07	260000	56.281622	0.0	53798130	1536	260.0
1642914996.3	260000	57.843068	0.0	61358299	1699	260.0
1642914998.18	260000	59.358834	0.0	50406269	1528	260.0
1642915004.71	260000	59.866376	0.0	43226513	1189	260.0
1642915014.53	260000	59.807025	0.0	35938085	1433	260.0
1642915015.08	260000	59.840359	0.0	631698	339	260.0

1642915015.2	11700	59.840359	0.275	139786	3	-71.5
1642915015.27	260000	59.783178	0.0	631698	1	11.699999999999989
1642915015.95	8200	1.999999	0.178	2049018	343	-289.88
1642915016.14	11700	3.855147	0.0	1102047	8	8.2
1642915016.32	11700	5.675033	0.0	1111083	9	11.7
1642915016.5	11700	7.495254	0.0	1066380	7	11.7
1642915016.79	11700	9.198051	0.0	3938957	98	11.7
1642915017.1	11700	10.89501	0.0	4536725	101	11.7
1642915020.26	260000	9.727604	0.0	84756689	2052	11.699999999999989
1642915022.64	260000	9.348282	0.0	85798884	1558	260.0
1642915025.03	152400	8.960322	0.0	70827999	1725	44.80000000000001
1642915026.75	152400	9.302872	0.0	51846012	1261	152.4
1642915028.81	152400	9.94448	0.0	57184643	1355	152.4
1642915031.64	260000	11.247363	0.0	79299299	2267	152.4
1642915034.0	260000	13.055284	0.0	75092129	1700	260.0
1642915036.29	260000	14.529493	0.0	78844622	1727	260.0
1642915038.43	260000	16.220098	0.0	77654479	1614	260.0
1642915040.56	260000	17.847184	0.0	75220977	1430	260.0
1642915042.67	260000	19.454453	0.0	79740890	1358	260.0
1642915044.5	260000	21.154995	0.0	78574581	1260	260.0
1642915046.21	260000	22.761298	0.0	78901633	1131	260.0
1642915053.08	260000	23.671148	0.0	79414941	6165	260.0
1642915057.6	260000	24.682368	0.0	73704781	3979	260.0
1642915058.53	152400	26.58015	0.0	36493721	473	44.80000000000001
1642915059.59	152400	28.393058	0.0	37585290	577	152.4
1642915060.56	152400	30.192744	0.0	34459282	512	152.4
1642915062.11	152400	31.796112	0.0	37576374	1061	152.4
1642915063.78	260000	33.363696	0.0	74070687	1090	152.4
1642915065.55	260000	34.740336	0.0	73938718	1090	260.0
