1642920365.02	8200	1.999999	0.354	546328	251	-92.04
1642920365.31	260000	3.71979	0.0	1757078	98	8.199999999999989
1642920365.5	260000	5.522523	0.0	1560847	14	260.0
1642920365.7	260000	7.322016	0.0	1542805	26	260.0
1642920366.25	32800	8.771755	0.0	12166782	269	-194.39999999999998
1642920367.97	32800	9.05933	0.0	15664097	1393	32.8
1642920371.64	152400	7.38394	0.0	68626847	2628	32.80000000000001
1642920376.17	152400	5.732992	0.0	72320713	3842	152.4
1642920380.56	152400	5.786105	0.0	70827999	3824	152.4
1642920382.72	152400	7.216818	0.0	51846012	1691	152.4
1642920385.47	152400	8.745863	0.0	57184643	2240	152.4
1642920386.7	152400	10.566434	0.0	48821461	740	152.4
1642920388.22	260000	12.182477	0.0	75092129	751	152.4
1642920389.58	260000	13.895332	0.0	78844622	768	260.0
1642920391.27	260000	15.599462	0.0	77654479	933	260.0
1642920392.6	260000	17.350324	0.0	75220977	799	260.0
1642920399.26	260000	17.894144	0.0	79740890	5894	260.0
1642920402.48	260000	19.232254	0.0	78574581	2468	260.0
1642920405.49	260000	20.494259	0.0	78901633	2341	260.0
1642920408.33	260000	21.894896	0.0	79414941	2034	260.0
1642920410.38	260000	23.39298	0.0	73704781	1484	260.0
1642920412.1	260000	24.816796	0.0	80783826	1183	260.0
1642920413.81	260000	26.395643	0.0	77638812	977	260.0
1642920415.54	260000	27.939625	0.0	74749470	1182	260.0
1642920417.12	260000	29.519206	0.0	75910911	1126	260.0
1642920419.2	260000	30.931721	0.0	74070687	1362	260.0
1642920426.32	260000	31.090955	0.0	73938718	6391	260.0
1642920428.69	260000	32.564911	0.0	73613985	1742	260.0
1642920430.22	260000	33.995851	0.0	69503182	872	260.0
1642920431.73	260000	35.650389	0.0	72822670	1049	260.0
1642920433.45	260000	37.49025	0.0	70991563	1198	260.0
1642920435.21	260000	39.081984	0.0	66218671	1123	260.0
1642920437.05	260000	40.79287	0.0	71469145	1125	260.0
1642920438.66	260000	42.606125	0.0	64074874	1074	260.0
1642920440.34	260000	44.233433	0.0	65041967	1199	260.0
1642920443.6	260000	45.618656	0.0	65860507	2609	260.0
1642920455.27	260000	45.555617	0.0	60900183	11006	260.0
1642920462.61	260000	46.129782	0.0	65223805	6795	260.0
1642920467.66	260000	47.165054	0.0	61492275	4490	260.0
1642920469.4	260000	48.795598	0.0	57534179	1206	260.0
1642920470.9	260000	50.513764	0.0	64191273	1020	260.0
1642920472.26	260000	52.227974	0.0	57421190	851	260.0
1642920473.57	260000	54.045372	0.0	60358582	854	260.0
1642920475.82	260000	55.671879	0.0	60581734	1552	260.0
1642920477.16	260000	57.344107	0.0	55686462	879	260.0
1642920479.15	260000	58.977207	0.0	61687104	1531	260.0
1642920485.11	260000	59.674317	0.0	56994559	1491	260.0
1642920496.24	260000	59.871584	0.0	55162012	1607	260.0
1642920506.0	260000	59.951559	0.0	63612323	1766	260.0
1642920518.51	260000	59.891952	0.0	53712380	1461	260.0
1642920527.23	260000	59.987745	0.0	59826276	1618	260.0
1642920538.3	260000	59.793024	0.0	58861434	1508	260.0
1642920549.26	260000	59.867878	0.0	53320981	1434	260.0
1642920558.78	260000	59.93186	0.0	62494429	2200	260.0
