1642940038.75	8200	1.999999	0.345	546328	247	-89.7
1642940039.03	260000	3.733238	0.0	1757078	97	8.199999999999989
1642940039.21	260000	5.549153	0.0	1560847	14	260.0
1642940039.4	260000	7.357859	0.0	1542805	13	260.0
1642940040.0	32800	8.755439	0.0	12166782	316	-194.39999999999998
1642940040.64	32800	10.124715	0.0	15664097	370	32.8
1642940042.54	152400	10.218295	0.0	68626847	1057	32.80000000000001
1642940044.27	152400	10.493152	0.0	72320713	972	152.4
1642940046.31	260000	10.450656	0.0	86059829	1198	152.4
1642940051.35	260000	9.014402	0.0	83431241	4389	260.0
1642940056.73	260000	9.358128	0.0	82198417	4784	260.0
1642940059.74	152400	10.715266	0.0	48821461	2536	44.80000000000001
1642940061.68	152400	12.304967	0.0	44466772	1539	152.4
1642940063.61	152400	13.876653	0.0	45810515	1497	152.4
1642940065.18	152400	15.573399	0.0	42807747	1196	152.4
1642940066.43	152400	17.329513	0.0	40301174	865	152.4
1642940068.32	260000	18.948245	0.0	79740890	1269	152.4
1642940070.66	260000	20.512135	0.0	78574581	1601	260.0
1642940072.98	260000	22.039233	0.0	78901633	1657	260.0
1642940079.28	260000	22.784169	0.0	79414941	5530	260.0
1642940082.22	260000	24.406656	0.0	73704781	2315	260.0
1642940085.18	260000	25.906638	0.0	80783826	2384	260.0
1642940087.74	260000	27.476866	0.0	77638812	1988	260.0
1642940089.73	260000	29.259807	0.0	74749470	1443	260.0
1642940091.49	260000	30.875376	0.0	75910911	1158	260.0
1642940093.21	260000	32.504967	0.0	74070687	944	260.0
1642940095.28	260000	34.121034	0.0	73938718	1506	260.0
1642940097.02	260000	35.791781	0.0	73613985	1064	260.0
1642940098.67	260000	37.483088	0.0	69503182	1040	260.0
1642940104.78	260000	38.472199	0.0	72822670	5570	260.0
1642940107.63	260000	39.896692	0.0	70991563	2249	260.0
1642940109.2	260000	41.504274	0.0	66218671	1036	260.0
1642940111.75	260000	42.762017	0.0	71469145	1756	260.0
1642940113.47	260000	44.20859	0.0	64074874	1199	260.0
1642940115.19	260000	45.639402	0.0	65041967	1190	260.0
1642940116.91	260000	47.12807	0.0	65860507	1118	260.0
1642940118.44	260000	48.643168	0.0	60900183	1057	260.0
1642940120.17	260000	49.921645	0.0	65223805	1231	260.0
1642940123.26	260000	51.062816	0.0	61492275	2390	260.0
1642940133.98	260000	49.650543	0.0	57534179	10187	260.0
1642940137.43	152400	50.460369	0.0	35313058	3087	44.80000000000001
1642940141.42	152400	51.568112	0.0	32767078	3625	152.4
1642940145.87	152400	52.759792	0.0	34143965	4048	152.4
1642940146.74	152400	54.559873	0.0	35599566	523	152.4
1642940147.57	152400	56.416211	0.0	31880015	498	152.4
1642940149.52	260000	58.092371	0.0	61687104	1377	152.4
1642940150.81	260000	59.823126	0.0	56994559	790	260.0
1642940160.58	260000	59.991809	0.0	55162012	659	260.0
1642940171.49	260000	59.802321	0.0	63612323	1804	260.0
1642940182.54	260000	59.911315	0.0	53712380	1539	260.0
1642940192.19	260000	59.855073	0.0	59826276	1571	260.0
1642940202.71	260000	59.749208	0.0	58861434	1452	260.0
1642940213.19	260000	59.782816	0.0	53320981	1429	260.0
1642940223.81	260000	59.862568	0.0	62494429	1507	260.0
1642940234.28	260000	59.904668	0.0	53458888	1434	260.0
