1642913272.48	8200	1.999999	0.519	546328	415	-134.94
1642913273.44	11700	3.046956	0.0	1102047	771	8.2
1642913274.4	11700	4.086317	0.0	1111083	776	11.7
1642913275.19	11700	5.298775	0.0	1066380	610	11.7
1642913277.27	11700	5.214223	0.0	3938957	1879	11.7
1642913280.04	11700	4.451193	0.0	4536725	2568	11.7
1642913280.97	4900	5.663234	0.0	2134063	746	-1.8999999999999995
1642913283.47	8200	5.165978	0.0	3861716	2306	4.8999999999999995
1642913285.62	8200	5.015694	0.0	3391749	1964	8.2
1642913287.88	11700	4.754927	0.0	4371099	2060	8.2
1642913289.43	11700	5.198764	0.0	3375218	1366	11.7
1642913290.75	11700	5.877728	0.0	2615238	1138	11.7
1642913291.72	11700	6.912864	0.0	2255191	788	11.7
1642913292.96	8200	7.675213	0.0	1704148	1046	4.699999999999999
1642913293.88	4900	8.755901	0.0	1057198	739	1.6000000000000005
1642913294.44	4900	10.190045	0.0	1103099	386	4.9
1642913295.56	11700	11.076013	0.0	2662617	931	4.8999999999999995
1642913296.7	8200	11.93221	0.0	1840696	967	4.699999999999999
1642913298.12	8200	12.508243	0.0	1872134	1245	8.2
1642913299.45	11700	13.187001	0.0	2700523	1136	8.2
1642913309.63	32800	5.006923	0.0	7960895	9935	11.699999999999996
1642913312.19	8200	4.439095	0.0	1657573	2300	-16.400000000000002
1642913315.06	4900	3.781695	0.0	1009447	2693	1.6000000000000005
1642913315.59	4900	5.25527	0.0	1002081	350	4.9
1642913316.22	4900	6.624613	0.0	1052991	451	4.9
1642913318.11	4900	6.735085	0.0	1019357	1712	4.9
1642913319.01	4900	7.835347	0.0	1039341	729	4.9
1642913319.44	4900	9.411175	0.0	1056656	246	4.9
1642913320.26	11700	10.586682	0.0	2434805	634	4.8999999999999995
1642913321.33	11700	11.513441	0.0	2397182	838	11.7
1642913322.37	11700	12.479328	0.0	2417206	847	11.7
1642913323.09	8200	13.75675	0.0	1716793	538	4.699999999999999
1642913323.56	11700	15.287409	0.0	2448718	285	8.2
1642913324.83	32800	16.015386	0.0	6926196	1054	11.699999999999996
1642913325.88	32800	16.97067	0.0	7072104	840	32.8
1642913327.11	32800	17.731133	0.0	7515735	1036	32.8
1642913328.01	32800	18.833303	0.0	7011028	700	32.8
1642913328.79	32800	20.060426	0.0	7307337	567	32.8
1642913329.51	32800	21.331422	0.0	7344127	523	32.8
1642913331.75	152400	21.09434	0.0	30969970	1723	32.80000000000001
1642913334.23	152400	20.614861	0.0	35313058	2119	152.4
1642913337.72	152400	19.125224	0.0	32767078	3132	152.4
1642913341.92	152400	17.542213	0.0	34143965	3792	152.4
1642913345.65	152400	16.283695	0.0	35599566	3354	152.4
1642913347.86	152400	16.267511	0.0	31880015	1828	152.4
1642913350.07	152400	16.174616	0.0	35467287	1857	152.4
1642913352.09	152400	16.163433	0.0	35220717	1640	152.4
1642913353.97	152400	17.319792	0.0	32694645	1530	152.4
1642913356.52	152400	18.301663	0.0	39805936	2103	152.4
1642913358.79	152400	19.391903	0.0	33801477	1973	152.4
1642913362.53	260000	19.828746	0.0	59826276	3083	152.4
1642913365.29	260000	20.649645	0.0	58861434	2329	260.0
1642913367.79	260000	21.614683	0.0	53320981	2070	260.0
1642913370.98	260000	22.191862	0.0	62494429	2705	260.0
1642913373.81	260000	23.377686	0.0	53458888	2458	260.0
1642913376.76	260000	24.189975	0.0	53798130	2481	260.0
1642913380.57	260000	24.478837	0.0	61358299	3142	260.0
1642913384.55	260000	24.877616	0.0	50406269	3498	260.0
1642913388.41	260000	25.428847	0.0	43226513	3483	260.0
1642913392.63	260000	25.88726	0.0	35938085	3861	260.0
1642913392.84	260000	25.869396	0.0	631698	72	260.0

1642913393.26	8200	1.999999	0.131	385365	33	-34.06
1642913393.66	260000	3.624475	0.0	1757078	153	8.199999999999989
1642913393.98	260000	5.307074	0.0	1560847	136	260.0
1642913394.27	260000	7.01138	0.0	1542805	119	260.0
1642913395.49	32800	7.791587	0.0	12166782	907	-194.39999999999998
1642913395.62	11700	9.66338	0.0	4536725	13	-9.400000000000002
1642913396.21	11700	11.078548	0.0	5378836	390	11.7
1642913397.66	32800	11.62701	0.0	15851372	1176	11.699999999999996
1642913398.79	32800	12.489751	0.0	14688721	896	32.8
1642913399.96	32800	13.325219	0.0	12381646	936	32.8
1642913400.89	32800	14.397389	0.0	10179458	711	32.8
1642913405.12	152400	12.82886	0.0	48821461	3689	32.80000000000001
1642913408.59	152400	11.80531	0.0	44466772	3015	152.4
1642913412.6	152400	11.505339	0.0	45810515	3595	152.4
1642913416.0	152400	11.340921	0.0	42807747	2954	152.4
1642913419.53	152400	10.909355	0.0	40301174	3150	152.4
1642913423.34	152400	11.34228	0.0	39676104	3429	152.4
1642913427.56	152400	12.194585	0.0	40793176	3719	152.4
1642913431.52	152400	13.011612	0.0	37608977	3575	152.4
1642913435.56	152400	13.663499	0.0	35738670	3709	152.4
1642913439.09	152400	14.558083	0.0	36020729	3192	152.4
1642913443.48	152400	15.11184	0.0	36493721	3953	152.4
1642913447.35	152400	15.954739	0.0	37585290	3511	152.4
1642913451.13	152400	16.680149	0.0	34459282	3424	152.4
1642913453.54	152400	17.900691	0.0	37576374	1931	152.4
1642913456.27	152400	19.100405	0.0	34095545	2378	152.4
1642913458.15	152400	20.448368	0.0	34314045	1533	152.4
1642913460.09	152400	21.772679	0.0	34563011	1613	152.4
1642913461.69	152400	23.188458	0.0	31292175	1271	152.4
1642913465.7	260000	23.802257	0.0	72822670	3261	152.4
1642913469.85	260000	24.234373	0.0	70991563	3578	260.0
