1642941601.21	8200	1.999999	0.355	546328	249	-92.3
1642941601.62	260000	3.602759	0.0	1757078	163	8.199999999999989
1642941601.88	260000	5.335718	0.0	1560847	87	260.0
1642941602.14	260000	7.074309	0.0	1542805	85	260.0
1642941602.96	32800	8.252414	0.0	12166782	539	-194.39999999999998
1642941603.34	11700	9.878282	0.0	4536725	175	-9.400000000000002
1642941604.04	32800	11.177642	0.0	15560661	443	11.699999999999996
1642941604.63	32800	12.583851	0.0	15851372	354	32.8
1642941606.83	152400	12.386594	0.0	70827999	1285	32.80000000000001
1642941608.31	152400	12.901906	0.0	51846012	1049	152.4
1642941610.92	260000	12.998762	0.0	82198417	1685	152.4
1642941613.57	260000	12.996015	0.0	79299299	1909	260.0
1642941616.26	260000	13.051358	0.0	75092129	2124	260.0
1642941619.13	260000	13.247098	0.0	78844622	2124	260.0
1642941621.77	260000	13.784526	0.0	77654479	2066	260.0
1642941624.26	260000	15.382614	0.0	75220977	1943	260.0
1642941626.77	260000	16.801575	0.0	79740890	1931	260.0
1642941629.76	260000	18.332301	0.0	78574581	2215	260.0
1642941632.3	260000	19.795245	0.0	78901633	1967	260.0
1642941636.1	260000	20.720378	0.0	79414941	3222	260.0
1642941642.26	260000	21.293845	0.0	73704781	5604	260.0
1642941645.16	260000	22.774104	0.0	80783826	2304	260.0
1642941647.67	260000	24.352008	0.0	77638812	1769	260.0
1642941649.69	260000	25.799136	0.0	74749470	1464	260.0
1642941651.75	260000	27.618943	0.0	75910911	1519	260.0
1642941653.57	260000	29.187624	0.0	74070687	1264	260.0
1642941655.54	260000	30.897075	0.0	73938718	1381	260.0
1642941657.77	260000	32.412526	0.0	73613985	1674	260.0
1642941660.19	260000	33.871298	0.0	69503182	1710	260.0
1642941662.69	260000	35.345102	0.0	72822670	1767	260.0
1642941664.94	260000	36.936311	0.0	70991563	1668	260.0
1642941667.18	260000	38.458526	0.0	66218671	1554	260.0
1642941669.49	260000	40.07849	0.0	71469145	1665	260.0
1642941671.68	260000	41.688489	0.0	64074874	1711	260.0
1642941673.88	260000	43.155803	0.0	65041967	1626	260.0
1642941676.14	260000	44.807348	0.0	65860507	1597	260.0
1642941678.3	260000	46.362819	0.0	60900183	1660	260.0
1642941680.55	260000	47.864689	0.0	65223805	1595	260.0
1642941682.5	260000	49.578629	0.0	61492275	1362	260.0
1642941684.14	260000	51.115456	0.0	57534179	1181	260.0
1642941685.93	260000	52.941087	0.0	64191273	1198	260.0
1642941687.45	260000	54.644292	0.0	57421190	976	260.0
1642941691.03	260000	55.932971	0.0	60358582	2975	260.0
1642941696.87	260000	56.901684	0.0	60581734	5266	260.0
1642941702.74	260000	57.802073	0.0	55686462	5333	260.0
1642941709.96	260000	58.497068	0.0	61687104	6724	260.0
1642941716.85	260000	59.297189	0.0	56994559	6371	260.0
1642941722.8	260000	59.94242	0.0	55162012	2891	260.0
1642941734.54	260000	59.949634	0.0	63612323	2619	260.0
1642941744.65	260000	59.793652	0.0	53712380	2566	260.0
1642941754.37	260000	59.797524	0.0	59826276	2917	260.0
1642941766.22	260000	59.858689	0.0	58861434	3087	260.0
1642941776.88	260000	59.86397	0.0	53320981	2619	260.0
1642941785.58	260000	59.868307	0.0	62494429	3489	260.0
1642941797.02	260000	59.888067	0.0	53458888	2795	260.0
