1642938768.2	8200	1.999999	0.355	546328	250	-92.3
1642938768.49	260000	3.715894	0.0	1757078	98	8.199999999999989
1642938768.68	260000	5.524496	0.0	1560847	14	260.0
1642938768.9	260000	7.315604	0.0	1542805	16	260.0
1642938769.39	32800	8.818438	0.0	12166782	203	-194.39999999999998
1642938769.92	32800	10.285043	0.0	15664097	268	32.8
1642938772.44	152400	9.764812	0.0	68626847	1457	32.80000000000001
1642938774.39	260000	9.818624	0.0	85798884	1215	152.4
1642938777.48	260000	9.31909	0.0	86059829	2366	260.0
1642938780.78	260000	9.238488	0.0	83431241	2472	260.0
1642938783.69	260000	9.758768	0.0	82198417	2352	260.0
1642938786.8	260000	11.113615	0.0	79299299	2505	260.0
1642938789.56	260000	12.396899	0.0	75092129	2186	260.0
1642938792.38	260000	13.790664	0.0	78844622	2196	260.0
1642938795.05	260000	15.432321	0.0	77654479	1935	260.0
1642938797.22	260000	17.049323	0.0	75220977	1615	260.0
1642938799.31	260000	18.612141	0.0	79740890	1494	260.0
1642938801.18	260000	20.375397	0.0	78574581	1306	260.0
1642938803.1	260000	21.802943	0.0	78901633	1174	260.0
1642938804.68	260000	23.802943	0.0	79414941	1035	260.0
1642938806.43	260000	25.452133	0.0	73704781	1093	260.0
1642938808.01	260000	27.200994	0.0	80783826	982	260.0
1642938809.73	260000	28.779248	0.0	77638812	1142	260.0
1642938811.44	260000	30.564511	0.0	74749470	1133	260.0
1642938813.54	260000	32.264985	0.0	75910911	1554	260.0
1642938816.24	260000	33.793895	0.0	74070687	1939	260.0
1642938818.79	260000	35.33876	0.0	73938718	1786	260.0
1642938821.29	260000	36.792973	0.0	73613985	1763	260.0
1642938823.72	260000	38.503547	0.0	69503182	1885	260.0
1642938826.2	260000	40.131633	0.0	72822670	1885	260.0
1642938828.73	260000	41.592246	0.0	70991563	1783	260.0
1642938830.82	260000	43.183807	0.0	66218671	1549	260.0
1642938833.3	260000	44.642447	0.0	71469145	1713	260.0
1642938835.45	260000	46.262913	0.0	64074874	1549	260.0
1642938837.37	260000	47.78588	0.0	65041967	1368	260.0
1642938839.54	260000	49.607977	0.0	65860507	1533	260.0
1642938841.48	260000	51.157559	0.0	60900183	1439	260.0
1642938843.95	260000	52.756867	0.0	65223805	1868	260.0
1642938846.06	260000	54.392128	0.0	61492275	1618	260.0
1642938848.05	260000	55.953391	0.0	57534179	1496	260.0
1642938850.19	260000	57.598189	0.0	64191273	1616	260.0
1642938852.12	260000	59.333536	0.0	57421190	1413	260.0
1642938858.75	260000	59.807444	0.0	60358582	1620	260.0
1642938868.52	260000	59.946971	0.0	60581734	1564	260.0
1642938879.06	260000	59.815752	0.0	55686462	1469	260.0
1642938888.74	260000	59.994681	0.0	61687104	1602	260.0
1642938899.81	260000	59.86166	0.0	56994559	1487	260.0
1642938910.29	260000	59.896959	0.0	55162012	1413	260.0
1642938921.04	260000	59.88558	0.0	63612323	1612	260.0
1642938931.49	260000	59.883647	0.0	53712380	1440	260.0
1642938941.58	260000	59.848861	0.0	59826276	1526	260.0
1642938952.47	260000	59.856056	0.0	58861434	1344	260.0
1642938962.41	260000	59.880107	0.0	53320981	1336	260.0
