1642842347.76	8200	1.999999	0.363	546328	258	-94.38
1642842348.06	11700	3.704471	0.0	1102047	192	8.2
1642842348.36	11700	5.408493	0.0	1111083	192	11.7
1642842348.74	32800	7.02712	0.0	1542804	269	11.699999999999996
1642842350.71	32800	7.055576	0.0	12166782	1792	32.8
1642842353.16	32800	6.61022	0.0	15664097	2265	32.8
1642842355.52	32800	6.245848	0.0	15560661	2179	32.8
1642842357.39	32800	7.01463	0.0	15851372	1710	32.8
1642842359.41	32800	7.50359	0.0	14688721	1862	32.8
1642842360.85	32800	8.722638	0.0	12381646	1288	32.8
1642842362.01	32800	10.054425	0.0	10179458	1017	32.8
1642842362.96	32800	11.680921	0.0	7987681	815	32.8
1642842363.73	32800	13.196817	0.0	6249975	646	32.8
1642842364.41	32800	14.796807	0.0	6462926	564	32.8
1642842365.14	32800	16.266649	0.0	6930236	605	32.8
1642842365.94	32800	17.775248	0.0	7176786	686	32.8
1642842366.73	32800	19.274436	0.0	6963959	661	32.8
1642842367.5	32800	20.77945	0.0	7320305	643	32.8
1642842368.37	32800	22.384925	0.0	7420242	742	32.8
1642842369.15	32800	23.998301	0.0	7455282	652	32.8
1642842370.15	32800	25.478185	0.0	7960895	863	32.8
1642842370.84	32800	27.057339	0.0	6396912	564	32.8
1642842371.55	32800	28.71181	0.0	7253832	575	32.8
1642842372.29	32800	30.163728	0.0	7034316	614	32.8
1642842373.11	32800	31.821056	0.0	7133512	703	32.8
1642842373.84	32800	33.428859	0.0	7041401	604	32.8
1642842374.53	32800	34.993744	0.0	7143328	554	32.8
1642842375.23	32800	36.579101	0.0	7338535	571	32.8
1642842375.89	32800	38.276656	0.0	6896645	537	32.8
1642842376.54	32800	39.862587	0.0	6714054	522	32.8
1642842377.21	32800	41.507353	0.0	7018701	546	32.8
1642842377.83	32800	43.022871	0.0	6838204	494	32.8
1642842378.44	32800	44.51403	0.0	6922846	483	32.8
1642842379.0	32800	46.043039	0.0	6926196	439	32.8
1642842379.57	32800	47.593586	0.0	7072104	443	32.8
1642842380.13	32800	49.068443	0.0	7515735	438	32.8
1642842380.71	32800	50.515523	0.0	7011028	446	32.8
1642842381.35	32800	51.994437	0.0	7307337	511	32.8
1642842381.95	32800	53.56307	0.0	7344127	468	32.8
1642842382.52	32800	55.059726	0.0	7064203	453	32.8
1642842383.18	32800	56.40707	0.0	7516082	526	32.8
1642842383.81	32800	57.775905	0.0	7278398	509	32.8
1642842384.45	32800	59.181828	0.0	7481760	523	32.8
1642842386.13	32800	59.969324	0.0	7871221	550	32.8
1642842389.34	32800	59.528161	0.0	7236548	573	32.8
1642842390.99	32800	59.99232	0.0	7418057	516	32.8
1642842393.6	32800	59.857034	0.0	7580084	471	32.8
1642842395.87	32800	59.737684	0.0	7306910	639	32.8
1642842398.55	32800	59.476479	0.0	7790808	539	32.8
1642842400.23	32800	59.796761	0.0	7160738	556	32.8
1642842402.37	32800	59.864657	0.0	7565820	516	32.8
1642842404.21	32800	59.973602	0.0	8064139	705	32.8
1642842406.77	32800	59.831205	0.0	7308924	426	32.8
1642842409.01	32800	59.868274	0.0	7936123	611	32.8
1642842411.15	32800	59.868264	0.0	7845705	499	32.8
1642842413.37	32800	59.9905	0.0	7682661	594	32.8
1642842415.85	32800	59.857106	0.0	8703604	1345	32.8
1642842417.99	32800	59.839485	0.0	8166986	519	32.8
1642842420.71	32800	59.534081	0.0	8155312	594	32.8
1642842422.62	32800	59.44608	0.0	9057843	1785	32.8
1642842422.74	32800	59.35834	0.0	296571	26	32.8

1642842423.15	8200	1.999999	0.137	427088	35	-35.62
1642842423.41	32800	3.770243	0.0	1705511	148	8.199999999999996
1642842423.62	32800	5.567396	0.0	1560846	99	32.8
1642842423.64	32800	7.546444	0.0	1542804	3	32.8
1642842434.78	260000	13.720869	0.0	7987681	647	32.80000000000001
1642842435.55	32800	15.28661	0.0	6249975	645	-194.39999999999998
1642842436.54	32800	16.793987	0.0	6462926	860	32.8
1642842437.2	32800	18.566022	0.0	6930236	538	32.8
1642842437.84	32800	20.15673	0.0	7176786	517	32.8
1642842438.46	32800	21.88605	0.0	6963959	488	32.8
1642842439.05	32800	23.462078	0.0	7320305	465	32.8
1642842439.69	32800	25.085691	0.0	7420242	508	32.8
1642842440.39	32800	26.722457	0.0	7455282	580	32.8
1642842442.54	32800	27.39639	0.0	7960895	2017	32.8
1642842442.82	32800	29.19541	0.0	6396912	149	32.8
1642842443.12	32800	31.022435	0.0	7253832	169	32.8
1642842444.21	152400	32.39294	0.0	34459282	597	32.80000000000001
1642842445.16	152400	33.993483	0.0	37576374	690	152.4
1642842445.17	260000	33.993483	0.0	37576374	690	152.4
1642842448.16	260000	34.481395	0.0	74070687	2251	260.0
1642842450.55	260000	35.049941	0.0	73938718	1704	260.0
1642842452.28	260000	35.941044	0.0	73613985	1162	260.0
1642842454.02	260000	36.594623	0.0	69503182	1077	260.0
1642842456.18	260000	37.152036	0.0	72822670	1581	260.0
1642842457.92	260000	37.677368	0.0	70991563	1152	260.0
1642842459.42	260000	38.246889	0.0	66218671	1089	260.0
1642842460.94	260000	38.940268	0.0	71469145	1037	260.0
1642842462.9	260000	39.276792	0.0	64074874	1543	260.0
1642842464.58	260000	39.936559	0.0	65041967	1209	260.0
1642842476.47	260000	59.789359	0.0	7160738	143	260.0
1642842476.48	260000	59.603349	0.0	7160738	143	260.0
1642842478.4	260000	59.829916	0.0	59826276	1068	260.0
1642842480.98	260000	59.533514	0.0	58861434	1183	260.0
1642842482.68	260000	59.914262	0.0	53320981	760	260.0
1642842487.6	260000	59.990961	0.0	62494429	923	260.0
1642842493.69	260000	59.893512	0.0	53458888	1207	260.0
1642842504.53	260000	59.923176	0.0	1880988	491	260.0
1642842504.54	260000	59.923176	0.0	1880988	491	260.0
1642842525.17	260000	59.88338	0.0	2854371	511	260.0
1642842525.17	32800	59.88338	0.0	2854371	511	-194.39999999999998
1642842544.31	32800	59.769814	0.0	3147034	513	32.8
1642842544.32	32800	59.769814	0.0	3147034	513	32.8
1642842544.33	32800	59.803148	0.0	296571	1	32.8
1642842544.33	260000	59.803148	0.0	296571	1	32.80000000000001
1642842544.85	260000	59.803148	0.0	631698	336	260.0
1642842544.86	32800	59.803148	0.0	631698	336	-194.39999999999998
1642842544.87	32800	59.803148	0.0	296571	1	32.8
1642842544.88	260000	59.803148	0.0	296571	1	32.80000000000001
1642842544.89	260000	59.803148	0.0	631698	2	260.0
