1642838903.13	8200	1.999999	0.355	546328	249	-92.3
1642838903.33	11700	3.805228	0.0	1102047	91	8.2
1642838903.46	32800	5.67556	0.0	1560846	18	11.699999999999996
1642838903.59	260000	7.54861	0.0	1542805	19	32.80000000000001
1642838906.3	260000	6.844023	0.0	83554460	1448	260.0
1642838907.36	152400	7.780249	0.0	56494032	689	44.80000000000001
1642838907.37	260000	7.77197	0.0	56494032	689	152.4
1642838908.92	260000	8.215745	0.0	84756689	1015	260.0
1642838910.91	260000	8.226333	0.0	85798884	1282	260.0
1642838912.94	260000	9.614043	0.0	86059829	1301	260.0
1642838914.96	260000	11.252408	0.0	83431241	1460	260.0
1642838917.4	260000	12.850875	0.0	82198417	1908	260.0
1642838919.7	260000	14.455706	0.0	79299299	1779	260.0
1642838922.03	260000	16.054289	0.0	75092129	1631	260.0
1642838929.96	260000	16.204095	0.0	78844622	7243	260.0
1642838944.19	260000	59.786701	0.0	1754228	203	260.0
1642838944.2	32800	59.786701	0.0	1754228	203	-194.39999999999998
1642838956.27	32800	59.876508	0.0	1871666	560	32.8
1642838956.28	32800	59.876508	0.0	1871666	560	32.8
1642838967.99	32800	59.886352	0.0	1062576	668	32.8
1642838967.99	32800	59.655405	0.0	1062576	668	32.8
1642838968.0	11700	59.649889	0.0	1062576	668	-9.400000000000002
1642838979.56	11700	59.796299	0.0	1044296	547	11.7
1642838979.56	11700	59.796299	0.0	1044296	547	11.7
1642838991.93	11700	59.88312	0.0	2591593	656	11.7
1642839002.79	11700	59.869967	0.0	2642305	663	11.7
1642839013.5	11700	59.868747	0.0	2719235	511	11.7
1642839024.22	11700	59.597553	0.0	2765120	514	11.7
1642839025.93	11700	59.847607	0.0	2628469	508	11.7
1642839025.93	32800	59.676575	0.0	2628469	508	11.699999999999996
1642839027.85	32800	59.84741	0.0	7418057	288	32.8
1642839030.24	32800	59.597454	0.0	7580084	258	32.8
1642839032.12	32800	59.597458	0.0	7306910	248	32.8
1642839034.02	32800	59.597434	0.0	7790808	260	32.8
1642839034.03	152400	59.585591	0.0	7790808	260	32.80000000000001
1642839036.14	152400	59.5975	0.0	33801477	853	152.4
1642839038.18	152400	59.597463	0.0	36845834	771	152.4
1642839040.2	152400	59.597474	0.0	38920703	703	152.4
1642839040.21	260000	59.403983	0.0	38920703	703	152.4
1642839042.03	260000	59.597416	0.0	53320981	953	260.0
1642839043.78	260000	59.829451	0.0	62494429	1204	260.0
1642839045.82	260000	59.847465	0.0	53458888	1189	260.0
1642839047.83	260000	59.84751	0.0	53798130	1111	260.0
1642839049.85	260000	59.839768	0.0	61358299	1105	260.0
1642839052.25	260000	59.597549	0.0	50406269	954	260.0
1642839053.91	260000	59.843813	0.0	43226513	832	260.0
1642839055.86	260000	59.844026	0.0	35938085	684	260.0
1642839055.97	260000	59.675301	0.0	631698	7	260.0
