1642916836.22	8200	1.999999	0.347	546328	247	-90.22
1642916836.59	260000	3.63911	0.0	1757078	173	8.199999999999989
1642916836.86	260000	5.371084	0.0	1560847	91	260.0
1642916837.13	260000	7.103856	0.0	1542805	84	260.0
1642916837.97	32800	8.260847	0.0	12166782	543	-194.39999999999998
1642916838.34	11700	9.885914	0.0	4536725	169	-9.400000000000002
1642916839.05	32800	11.174391	0.0	15560661	443	11.699999999999996
1642916839.67	32800	12.563332	0.0	15851372	355	32.8
1642916841.73	152400	12.500971	0.0	70827999	1103	32.80000000000001
1642916842.95	152400	13.277057	0.0	51846012	770	152.4
1642916845.08	260000	13.431101	0.0	82198417	1342	152.4
1642916847.15	260000	13.743295	0.0	79299299	1395	260.0
1642916849.16	260000	13.907812	0.0	75092129	1512	260.0
1642916851.19	260000	14.566547	0.0	78844622	1339	260.0
1642916853.37	260000	15.263161	0.0	77654479	1587	260.0
1642916855.69	260000	15.77651	0.0	75220977	1785	260.0
1642916858.27	260000	17.490069	0.0	79740890	1843	260.0
1642916860.98	260000	18.878228	0.0	78574581	1939	260.0
1642916863.55	260000	20.424622	0.0	78901633	1872	260.0
1642916867.32	260000	21.478571	0.0	79414941	3206	260.0
1642916873.82	260000	21.893508	0.0	73704781	5734	260.0
1642916875.45	260000	23.58097	0.0	80783826	1063	260.0
1642916877.17	260000	25.2984	0.0	77638812	1035	260.0
1642916878.64	260000	26.944446	0.0	74749470	970	260.0
1642916880.26	260000	28.646901	0.0	75910911	1026	260.0
1642916882.25	260000	30.259638	0.0	74070687	1241	260.0
1642916884.24	260000	31.782361	0.0	73938718	1435	260.0
1642916886.69	260000	33.595321	0.0	73613985	1694	260.0
1642916889.06	260000	35.058177	0.0	69503182	1836	260.0
1642916892.11	260000	36.526409	0.0	72822670	2539	260.0
1642916895.01	260000	37.946411	0.0	70991563	2370	260.0
1642916897.68	260000	39.473324	0.0	66218671	2196	260.0
1642916900.75	260000	40.776839	0.0	71469145	2533	260.0
1642916903.26	260000	42.418847	0.0	64074874	2033	260.0
1642916905.54	260000	43.992706	0.0	65041967	1768	260.0
1642916907.84	260000	45.516377	0.0	65860507	1784	260.0
1642916909.78	260000	47.190433	0.0	60900183	1450	260.0
1642916911.83	260000	48.81452	0.0	65223805	1529	260.0
1642916914.25	260000	50.295635	0.0	61492275	1912	260.0
1642916916.49	260000	51.994915	0.0	57534179	1791	260.0
1642916920.07	260000	53.227389	0.0	64191273	2904	260.0
1642916924.91	260000	54.291738	0.0	57421190	4291	260.0
1642916931.02	260000	55.168116	0.0	60358582	5543	260.0
1642916937.81	260000	55.95797	0.0	60581734	6270	260.0
1642916945.53	260000	56.495339	0.0	55686462	7279	260.0
1642916949.19	260000	57.815263	0.0	61687104	3069	260.0
1642916952.08	260000	59.417471	0.0	56994559	2279	260.0
1642916960.4	260000	59.811675	0.0	55162012	2298	260.0
1642916971.01	260000	59.964256	0.0	63612323	3071	260.0
1642916982.28	260000	59.807166	0.0	53712380	5197	260.0
1642916991.26	260000	59.986877	0.0	59826276	2917	260.0
1642917002.69	260000	59.815366	0.0	58861434	2792	260.0
1642917013.34	260000	59.77901	0.0	53320981	2668	260.0
1642917024.2	260000	59.867545	0.0	62494429	3130	260.0
1642917033.57	260000	59.992465	0.0	53458888	2860	260.0
