1642939830.55	8200	1.999999	0.355	546328	248	-92.3
1642939830.92	260000	3.641104	0.0	1757078	170	8.199999999999989
1642939831.19	260000	5.371568	0.0	1560847	90	260.0
1642939831.45	260000	7.108823	0.0	1542805	89	260.0
1642939832.43	32800	8.132052	0.0	12166782	708	-194.39999999999998
1642939833.26	11700	9.29707	0.0	4536725	637	-9.400000000000002
1642939834.43	4900	10.132336	0.0	2134063	978	-1.8999999999999995
1642939835.33	11700	11.22358	0.0	4892753	713	4.8999999999999995
1642939835.86	11700	12.701035	0.0	5587559	325	11.7
1642939836.21	8200	14.347749	0.0	2809333	164	4.699999999999999
1642939836.5	4900	16.057355	0.0	1144854	80	1.6000000000000005
1642939836.87	11700	17.684912	0.0	2615238	182	4.8999999999999995
1642939840.74	152400	16.254358	0.0	44466772	3111	11.700000000000017
1642939844.13	152400	15.017345	0.0	45810515	2897	152.4
1642939847.85	152400	13.519226	0.0	42807747	3329	152.4
1642939850.38	152400	12.994055	0.0	40301174	2146	152.4
1642939855.47	152400	10.052163	0.0	39676104	4713	152.4
1642939859.38	152400	10.812917	0.0	40793176	3471	152.4
1642939862.81	152400	11.655587	0.0	37608977	3034	152.4
1642939863.97	152400	13.341548	0.0	35738670	810	152.4
1642939864.74	152400	15.049968	0.0	36020729	398	152.4
1642939865.4	152400	16.878231	0.0	36493721	261	152.4
1642939866.3	152400	18.553786	0.0	37585290	545	152.4
1642939867.66	260000	20.103623	0.0	74749470	613	152.4
1642939868.78	260000	21.786015	0.0	75910911	522	260.0
1642939870.14	260000	23.568319	0.0	74070687	810	260.0
1642939871.79	260000	25.078768	0.0	73938718	1080	260.0
1642939873.51	260000	26.518542	0.0	73613985	1057	260.0
1642939875.36	260000	27.81739	0.0	69503182	1271	260.0
1642939877.59	260000	29.240089	0.0	72822670	1516	260.0
1642939881.12	260000	30.132199	0.0	70991563	2982	260.0
1642939883.64	260000	31.260865	0.0	66218671	1991	260.0
1642939890.81	260000	30.735034	0.0	71469145	6396	260.0
1642939895.73	260000	31.026144	0.0	64074874	4317	260.0
1642939900.71	260000	31.335552	0.0	65041967	4456	260.0
1642939904.24	152400	31.773796	0.0	34013525	3103	44.80000000000001
1642939906.37	152400	33.110711	0.0	30739933	1792	152.4
1642939909.4	152400	33.995321	0.0	34919429	2626	152.4
1642939916.74	260000	33.383892	0.0	61492275	6857	152.4
1642939918.98	260000	34.468747	0.0	57534179	1673	260.0
1642939920.93	260000	35.943101	0.0	64191273	1449	260.0
1642939922.72	260000	37.59321	0.0	57421190	1338	260.0
1642939926.87	260000	38.733715	0.0	60358582	3614	260.0
1642939928.34	260000	40.497229	0.0	60581734	962	260.0
1642939929.68	260000	42.200511	0.0	55686462	704	260.0
1642939931.15	260000	43.994012	0.0	61687104	800	260.0
1642939932.78	260000	45.695472	0.0	56994559	1148	260.0
1642939933.95	260000	47.510317	0.0	55162012	719	260.0
1642939935.23	260000	49.201173	0.0	63612323	788	260.0
1642939936.35	260000	50.912311	0.0	53712380	629	260.0
1642939937.62	260000	52.672595	0.0	59826276	764	260.0
1642939939.08	260000	54.537163	0.0	58861434	838	260.0
1642939940.23	260000	56.322748	0.0	53320981	688	260.0
1642939941.68	260000	57.996025	0.0	62494429	784	260.0
1642939942.79	260000	59.74787	0.0	53458888	623	260.0
1642939952.07	260000	59.896221	0.0	53798130	685	260.0
1642939962.09	260000	59.788538	0.0	61358299	1423	260.0
1642939972.45	260000	59.714729	0.0	50406269	1333	260.0
1642939981.8	260000	59.921434	0.0	43226513	1346	260.0
1642939990.46	260000	59.823719	0.0	35938085	1204	260.0
1642939991.01	260000	59.857053	0.0	631698	341	260.0

1642939991.14	11700	59.857053	0.355	139786	3	-92.3
1642939991.2	260000	59.857053	0.0	631698	2	11.699999999999989
1642939991.88	8200	1.999999	0.103	2049018	344	-270.38
1642939992.07	8200	3.847177	0.0	790650	9	8.2
1642939992.26	11700	5.65516	0.0	1111083	13	8.2
1642939992.46	11700	7.456965	0.0	1066380	11	11.7
1642939992.68	8200	9.238294	0.0	2973194	30	4.699999999999999
1642939992.82	11700	11.098346	0.0	4536725	7	8.2
1642939995.6	260000	10.316248	0.0	84756689	1485	11.699999999999989
1642939997.57	260000	10.346945	0.0	85798884	1226	260.0
1642940000.18	260000	9.740702	0.0	86059829	1923	260.0
1642940002.53	260000	9.383732	0.0	83431241	1782	260.0
1642940005.19	260000	9.863707	0.0	82198417	1867	260.0
1642940007.76	260000	11.454107	0.0	79299299	1734	260.0
1642940014.07	260000	12.389186	0.0	75092129	5622	260.0
1642940016.48	152400	13.917693	0.0	45810515	2008	44.80000000000001
1642940018.94	152400	15.501225	0.0	42807747	2093	152.4
1642940019.98	152400	17.501225	0.0	40301174	575	152.4
1642940020.85	152400	19.315735	0.0	39676104	502	152.4
1642940021.72	152400	21.164349	0.0	40793176	493	152.4
1642940023.32	260000	22.856368	0.0	78901633	1020	152.4
1642940025.15	260000	24.625586	0.0	79414941	1092	260.0
1642940026.74	260000	26.28712	0.0	73704781	1052	260.0
1642940028.36	260000	28.089912	0.0	80783826	997	260.0
1642940029.88	260000	29.830389	0.0	77638812	931	260.0
