1642913690.91	8200	1.999999	0.355	546328	249	-92.3
1642913691.26	260000	3.654588	0.0	1757078	168	8.199999999999989
1642913691.51	260000	5.406329	0.0	1560847	21	260.0
1642913691.7	260000	7.208036	0.0	1542805	17	260.0
1642913692.25	32800	8.660488	0.0	12166782	267	-194.39999999999998
1642913692.88	32800	10.031637	0.0	15664097	330	32.8
1642913693.43	32800	11.481902	0.0	15560661	304	32.8
1642913695.55	152400	11.358394	0.0	72320713	1063	32.80000000000001
1642913698.19	260000	10.720288	0.0	86059829	1864	152.4
1642913700.9	260000	10.871106	0.0	83431241	2043	260.0
1642913703.47	260000	11.288909	0.0	82198417	1963	260.0
1642913706.07	260000	11.574703	0.0	79299299	1850	260.0
1642913708.33	260000	12.253136	0.0	75092129	1713	260.0
1642913710.74	260000	13.687995	0.0	78844622	1933	260.0
1642913713.11	260000	15.186658	0.0	77654479	1771	260.0
1642913715.25	260000	16.827506	0.0	75220977	1544	260.0
1642913717.82	260000	18.239871	0.0	79740890	1942	260.0
1642913720.25	260000	19.68698	0.0	78574581	1715	260.0
1642913722.37	260000	21.280198	0.0	78901633	1617	260.0
1642913724.65	260000	22.996673	0.0	79414941	1534	260.0
1642913726.53	260000	24.673502	0.0	73704781	1377	260.0
1642913728.51	260000	26.10639	0.0	80783826	1413	260.0
1642913730.4	260000	27.974225	0.0	77638812	1284	260.0
1642913732.18	260000	29.786352	0.0	74749470	1084	260.0
1642913733.79	260000	31.446181	0.0	75910911	1038	260.0
1642913735.94	260000	33.145162	0.0	74070687	1609	260.0
1642913738.18	260000	34.681525	0.0	73938718	1705	260.0
1642913740.78	260000	36.373321	0.0	73613985	2043	260.0
1642913743.29	260000	37.816874	0.0	69503182	1801	260.0
1642913746.23	260000	39.339706	0.0	72822670	2180	260.0
1642913748.8	260000	40.928827	0.0	70991563	2026	260.0
1642913751.09	260000	42.386845	0.0	66218671	1845	260.0
1642913753.6	260000	44.089631	0.0	71469145	1868	260.0
1642913755.58	260000	45.735742	0.0	64074874	1520	260.0
1642913757.49	260000	47.234877	0.0	65041967	1366	260.0
1642913759.67	260000	48.85715	0.0	65860507	1526	260.0
1642913761.5	260000	50.725219	0.0	60900183	1358	260.0
1642913763.72	260000	52.265579	0.0	65223805	1500	260.0
1642913765.5	260000	53.64418	0.0	61492275	1293	260.0
1642913767.11	260000	55.517183	0.0	57534179	1134	260.0
1642913768.78	260000	57.035289	0.0	64191273	1202	260.0
1642913770.51	260000	58.9248	0.0	57421190	1299	260.0
1642913775.61	260000	59.868463	0.0	60358582	1612	260.0
1642913787.25	260000	59.892772	0.0	60581734	1460	260.0
1642913797.67	260000	59.837049	0.0	55686462	1845	260.0
1642913808.21	260000	59.825001	0.0	61687104	1492	260.0
1642913819.07	260000	59.927732	0.0	56994559	1749	260.0
1642913830.15	260000	59.914602	0.0	55162012	1533	260.0
1642913841.14	260000	59.912855	0.0	63612323	1392	260.0
1642913852.22	260000	59.914561	0.0	53712380	1510	260.0
1642913862.27	260000	59.8041	0.0	59826276	1456	260.0
1642913872.61	260000	59.998973	0.0	58861434	1646	260.0
1642913883.14	260000	59.926665	0.0	53320981	1487	260.0
