1642850437.89	8200	1.999999	0.351	546328	250	-91.26
1642850438.1	8200	3.806281	0.0	790650	93	8.2
1642850438.25	8200	5.64612	0.0	911646	59	8.2
1642850438.41	8200	7.492075	0.0	844970	52	8.2
1642850438.83	11700	9.069059	0.0	3938957	288	8.2
1642850439.3	11700	10.601355	0.0	4536725	353	11.7
1642850439.84	11700	12.056293	0.0	5378836	418	11.7
1642850440.34	11700	13.558546	0.0	4892753	380	11.7
1642850440.93	11700	14.967499	0.0	5587559	470	11.7
1642850443.33	32800	14.568386	0.0	12381646	2198	11.699999999999996
1642850444.27	32800	15.62754	0.0	10179458	795	32.8
1642850445.06	32800	16.84398	0.0	7987681	644	32.8
1642850445.7	32800	18.195992	0.0	6249975	524	32.8
1642850446.28	32800	19.662303	0.0	6462926	453	32.8
1642850446.89	32800	21.132761	0.0	6930236	484	32.8
1642850447.52	32800	22.500185	0.0	7176786	503	32.8
1642850448.09	32800	23.977264	0.0	6963959	444	32.8
1642850448.73	32800	25.422856	0.0	7320305	489	32.8
1642850449.51	32800	26.690446	0.0	7420242	647	32.8
1642850450.22	32800	28.111694	0.0	7455282	579	32.8
1642850451.39	32800	28.958989	0.0	7960895	1042	32.8
1642850451.98	32800	30.3738	0.0	6396912	441	32.8
1642850452.54	32800	31.814674	0.0	7253832	423	32.8
1642850453.28	32800	33.193096	0.0	7034316	615	32.8
1642850454.16	32800	34.460144	0.0	7133512	759	32.8
1642850454.88	32800	35.864576	0.0	7041401	575	32.8
1642850455.42	32800	37.496539	0.0	7143328	417	32.8
1642850456.15	32800	38.975394	0.0	7338535	603	32.8
1642850460.32	32800	37.979988	0.0	6896645	4044	32.8
1642850460.66	11700	39.811261	0.0	2397182	34	-9.400000000000002
1642850460.8	11700	41.70864	0.0	2417206	36	11.7
1642850460.94	11700	43.568671	0.0	2399895	35	11.7
1642850461.09	11700	45.462849	0.0	2448718	35	11.7
1642850461.22	11700	47.358614	0.0	2478629	35	11.7
1642850461.36	11700	49.219284	0.0	2529063	35	11.7
1642850461.52	11700	51.131128	0.0	2621613	38	11.7
1642850461.65	11700	52.999008	0.0	2518225	25	11.7
1642850461.78	11700	54.927972	0.0	2654985	27	11.7
1642850461.99	32800	56.725908	0.0	7344127	73	11.699999999999996
1642850462.19	32800	58.597034	0.0	7064203	71	32.8
1642850463.39	32800	59.832821	0.0	7516082	74	32.8
1642850466.63	32800	59.521263	0.0	7278398	107	32.8
1642850468.39	32800	59.771266	0.0	7481760	122	32.8
1642850470.65	32800	59.847102	0.0	7871221	133	32.8
1642850472.65	152400	59.971893	0.0	31880015	1020	32.80000000000001
1642850475.14	152400	59.85229	0.0	35467287	715	152.4
1642850477.07	152400	59.963915	0.0	35220717	1655	152.4
1642850479.81	152400	59.519334	0.0	32694645	2469	152.4
1642850481.8	32800	59.841006	0.0	7790808	854	-86.8
1642850484.39	32800	59.836773	0.0	7160738	455	32.8
1642850487.02	32800	59.841624	0.0	7565820	491	32.8
1642850489.38	32800	59.476023	0.0	8064139	733	32.8
1642850491.47	32800	59.737888	0.0	7308924	445	32.8
1642850493.65	32800	59.863724	0.0	7936123	548	32.8
1642850496.24	32800	59.760724	0.0	7845705	456	32.8
1642850498.29	32800	59.8403	0.0	7682661	413	32.8
1642850500.99	32800	59.59427	0.0	8703604	567	32.8
1642850503.17	32800	59.594187	0.0	8166986	542	32.8
1642850504.92	32800	59.844225	0.0	8155312	120	32.8
1642850506.94	32800	59.594196	0.0	9057843	372	32.8
1642850510.7	32800	55.854607	0.0	296571	101	32.8

1642850511.33	8200	1.999999	0.247	427088	148	-64.22
1642850511.35	8200	3.999999	0.0	790650	3	8.2
1642850511.36	8200	5.999999	0.0	911646	2	8.2
1642850511.38	8200	7.990276	0.0	844970	6	8.2
1642850511.45	11700	9.929049	0.0	3938957	11	8.2
1642850511.48	11700	11.888142	0.0	4536725	9	11.7
1642850512.99	11700	12.382877	0.0	5378836	1382	11.7
1642850513.03	11700	14.339496	0.0	4892753	12	11.7
1642850516.6	11700	12.770357	0.0	5587559	3449	11.7
1642850518.78	11700	12.590072	0.0	4371099	2060	11.7
1642850520.43	11700	13.072298	0.0	3375218	1538	11.7
1642850522.31	11700	13.292113	0.0	2615238	1766	11.7
1642850523.99	11700	13.727658	0.0	2255191	1578	11.7
1642850525.3	8200	14.609274	0.0	1704148	1193	4.699999999999999
1642850525.77	8200	16.139584	0.0	1775648	362	8.2
1642850526.1	8200	17.811055	0.0	1890012	220	8.2
1642850526.43	8200	19.485622	0.0	1883924	219	8.2
1642850526.78	8200	21.137077	0.0	1840696	243	8.2
1642850527.14	8200	22.773194	0.0	1872134	262	8.2
1642850527.52	8200	24.394152	0.0	1934696	270	8.2
1642850528.02	11700	25.9024	0.0	2697360	376	8.2
1642850528.45	11700	27.462413	0.0	2343098	328	11.7
1642850528.9	11700	29.014991	0.0	2430789	341	11.7
1642850529.34	11700	30.604854	0.0	2399571	335	11.7
1642850529.79	11700	32.14783	0.0	2518802	352	11.7
1642850530.99	32800	32.949598	0.0	7041401	1059	11.699999999999996
1642850532.23	32800	33.843468	0.0	7143328	1100	32.8
1642850533.57	32800	34.49765	0.0	7338535	1216	32.8
1642850534.69	32800	35.378008	0.0	6896645	993	32.8
1642850536.19	32800	35.877647	0.0	6714054	1374	32.8
1642850537.37	32800	36.705753	0.0	7018701	1042	32.8
1642850538.66	32800	37.416765	0.0	6838204	1162	32.8
1642850539.92	32800	38.150916	0.0	6922846	1138	32.8
1642850541.12	32800	38.94751	0.0	6926196	1069	32.8
1642850542.32	32800	39.752156	0.0	7072104	1064	32.8
1642850543.73	32800	40.345964	0.0	7515735	1273	32.8
1642850545.08	32800	40.988089	0.0	7011028	1226	32.8
1642850545.78	32800	42.287003	0.0	7307337	569	32.8
1642850546.15	32800	43.925852	0.0	7344127	234	32.8
1642850546.5	32800	45.575478	0.0	7064203	223	32.8
1642850546.69	32800	47.385661	0.0	7516082	60	32.8
1642850546.87	32800	49.199665	0.0	7278398	61	32.8
1642850547.06	32800	51.006774	0.0	7481760	66	32.8
1642850547.89	32800	52.18415	0.0	7871221	692	32.8
1642850548.17	32800	53.89783	0.0	7236548	157	32.8
1642850548.45	32800	55.618334	0.0	7418057	152	32.8
1642850548.69	32800	57.379919	0.0	7580084	109	32.8
1642850548.92	32800	59.150682	0.0	7306910	104	32.8
1642850550.66	32800	59.560502	0.0	7790808	106	32.8
1642850552.41	32800	59.810597	0.0	7160738	115	32.8
1642850554.75	32800	59.560538	0.0	7565820	212	32.8
1642850556.56	32800	59.560449	0.0	8064139	176	32.8
1642850558.37	32800	59.810543	0.0	7308924	171	32.8
1642850560.68	32800	59.560519	0.0	7936123	174	32.8
1642850562.33	152400	59.810519	0.0	36607491	682	32.80000000000001
1642850564.15	152400	59.98348	0.0	34872720	541	152.4
1642850566.62	152400	59.769517	0.0	41004729	624	152.4
1642850568.55	152400	59.769477	0.0	37213320	616	152.4
1642850570.96	152400	59.70696	0.0	34267546	630	152.4
1642850573.32	152400	59.761578	0.0	32823233	601	152.4
1642850573.43	152400	59.495119	0.0	629903	7	152.4

1642850573.83	8200	1.999999	0.137	2049018	22	-35.62
1642850573.85	8200	3.999999	0.0	790650	1	8.2
1642850573.87	8200	5.999412	0.0	911646	2	8.2
1642850573.88	8200	7.98335	0.0	844970	1	8.2
1642850574.1	11700	9.769809	0.0	3938957	87	8.2
1642850574.3	11700	11.565568	0.0	4536725	86	11.7
1642850574.52	11700	13.349247	0.0	5378836	91	11.7
1642850574.68	11700	15.186864	0.0	4892753	45	11.7
1642850574.89	11700	16.977223	0.0	5587559	89	11.7
1642850575.27	32800	18.592669	0.0	12381646	188	11.699999999999996
1642850575.56	32800	20.315317	0.0	10179458	127	32.8
1642850575.79	32800	22.071262	0.0	7987681	102	32.8
1642850575.98	32800	23.881305	0.0	6249975	56	32.8
1642850576.17	32800	25.697981	0.0	6462926	58	32.8
1642850576.38	32800	27.482503	0.0	6930236	85	32.8
1642850577.4	152400	28.467348	0.0	40301174	518	32.80000000000001
1642850578.45	152400	29.413959	0.0	39676104	741	152.4
1642850579.47	152400	30.393501	0.0	40793176	715	152.4
1642850580.47	152400	31.401462	0.0	37608977	695	152.4
1642850581.36	152400	32.507373	0.0	35738670	620	152.4
1642850582.25	152400	33.618571	0.0	36020729	605	152.4
1642850583.13	152400	34.731437	0.0	36493721	602	152.4
1642850585.17	260000	34.695318	0.0	77638812	1271	152.4
1642850587.37	260000	34.502091	0.0	74749470	1703	260.0
1642850589.95	260000	33.912834	0.0	75910911	2089	260.0
1642850592.8	260000	33.716946	0.0	74070687	2212	260.0
1642850595.41	260000	34.069988	0.0	73938718	2129	260.0
1642850598.52	260000	33.912672	0.0	73613985	2424	260.0
1642850600.16	152400	34.859102	0.0	31292175	1353	44.80000000000001
1642850602.26	152400	34.87072	0.0	32834126	1850	152.4
1642850603.97	152400	35.391658	0.0	33877878	1369	152.4
1642850605.54	152400	35.935215	0.0	31988631	1274	152.4
1642850607.85	152400	35.656414	0.0	34031025	2015	152.4
1642850608.72	32800	37.537653	0.0	6926196	742	-86.8
1642850609.34	32800	39.537653	0.0	7072104	495	32.8
1642850610.37	32800	41.153318	0.0	7515735	897	32.8
1642850611.48	32800	42.771046	0.0	7011028	981	32.8
1642850612.08	32800	44.560871	0.0	7307337	475	32.8
1642850612.66	32800	46.318016	0.0	7344127	459	32.8
1642850613.17	32800	48.195908	0.0	7064203	379	32.8
1642850613.67	32800	49.849064	0.0	7516082	366	32.8
1642850614.01	32800	51.849064	0.0	7278398	212	32.8
1642850614.35	32800	53.849064	0.0	7481760	218	32.8
1642850614.75	32800	55.687249	0.0	7871221	268	32.8
1642850615.17	32800	57.524094	0.0	7236548	299	32.8
1642850615.6	32800	59.43121	0.0	7418057	306	32.8
1642850619.58	32800	59.844874	0.0	7580084	354	32.8
1642850626.42	32800	59.899856	0.0	7306910	1705	32.8
1642850631.49	32800	59.92774	0.0	7790808	844	32.8
1642850638.09	32800	59.838476	0.0	7160738	467	32.8
1642850644.64	32800	59.899132	0.0	7565820	835	32.8
1642850650.75	32800	59.892188	0.0	8064139	877	32.8
1642850662.43	32800	59.894055	0.0	7308924	962	32.8
1642850673.77	32800	59.876966	0.0	7936123	1114	32.8
1642850683.89	32800	59.779169	0.0	7845705	896	32.8
1642850694.49	32800	59.887979	0.0	7682661	874	32.8
1642850704.7	32800	59.896815	0.0	8703604	1483	32.8
1642850715.6	32800	59.943098	0.0	8166986	756	32.8
1642850720.26	32800	59.841673	0.0	8155312	1439	32.8
1642850726.11	32800	59.894641	0.0	9057843	714	32.8
1642850726.12	32800	59.91901	0.0	296571	1	32.8

1642850726.14	32800	59.895912	0.137	296571	1	-35.62
1642850726.15	32800	59.885493	0.0	296571	0	32.8
1642850726.16	32800	59.875257	0.0	296571	0	32.8
1642850726.17	32800	59.865203	0.0	296571	1	32.8
1642850726.72	8200	1.999999	0.132	385365	175	-50.72
1642850726.73	8200	3.999999	0.0	790650	2	8.2
1642850726.74	8200	5.994335	0.0	911646	3	8.2
1642850726.76	8200	7.980291	0.0	844970	2	8.2
1642850726.8	11700	9.93476	0.0	3938957	6	8.2
1642850727.3	11700	11.444336	0.0	4536725	375	11.7
1642850727.72	11700	13.01805	0.0	5378836	306	11.7
1642850728.1	11700	14.638559	0.0	4892753	261	11.7
1642850728.52	11700	16.216669	0.0	5587559	300	11.7
1642850729.59	32800	17.152364	0.0	12381646	867	11.699999999999996
1642850730.33	32800	18.414197	0.0	10179458	594	32.8
1642850730.93	32800	19.81114	0.0	7987681	467	32.8
1642850731.42	32800	21.322594	0.0	6249975	363	32.8
1642850731.9	32800	22.843858	0.0	6462926	354	32.8
1642850732.4	32800	24.342897	0.0	6930236	373	32.8
1642850732.92	32800	25.825054	0.0	7176786	387	32.8
1642850733.42	32800	27.315585	0.0	6963959	375	32.8
1642850733.95	32800	28.79438	0.0	7320305	393	32.8
1642850734.49	32800	30.259645	0.0	7420242	399	32.8
1642850735.05	32800	31.689507	0.0	7455282	433	32.8
1642850735.65	32800	33.086428	0.0	7960895	468	32.8
1642850736.23	32800	34.512823	0.0	6396912	447	32.8
1642850736.99	32800	35.751725	0.0	7253832	618	32.8
