1642908277.24	8200	1.999999	0.522	546328	414	-135.72
1642908277.9	8200	3.341645	0.0	790650	552	8.2
1642908278.64	8200	4.603415	0.0	911646	637	8.2
1642908279.34	8200	5.90998	0.0	844970	590	8.2
1642908280.23	8200	7.015974	0.0	2973194	777	8.2
1642908281.51	11700	7.741081	0.0	4536725	1145	8.2
1642908282.29	11700	8.951752	0.0	5378836	659	11.7
1642908282.87	11700	10.372183	0.0	4892753	457	11.7
1642908283.39	11700	11.857128	0.0	5587559	391	11.7
1642908285.0	32800	12.246599	0.0	12381646	1401	11.699999999999996
1642908286.16	32800	13.081415	0.0	10179458	1017	32.8
1642908287.1	32800	14.149135	0.0	7987681	798	32.8
1642908287.83	32800	15.418466	0.0	6249975	610	32.8
1642908288.36	32800	16.887643	0.0	6462926	410	32.8
1642908288.89	32800	18.350831	0.0	6930236	414	32.8
1642908289.38	32800	19.86912	0.0	7176786	358	32.8
1642908289.86	32800	21.387423	0.0	6963959	361	32.8
1642908290.45	32800	22.792228	0.0	7320305	467	32.8
1642908291.35	32800	23.936525	0.0	7420242	772	32.8
1642908292.7	32800	24.684662	0.0	7455282	1222	32.8
1642908293.36	32800	26.025422	0.0	7960895	506	32.8
1642908293.88	32800	27.500852	0.0	6396912	400	32.8
1642908294.43	32800	28.950579	0.0	7253832	423	32.8
1642908295.08	32800	30.297821	0.0	7034316	524	32.8
1642908296.01	32800	31.548669	0.0	7133512	799	32.8
1642908296.97	32800	32.802719	0.0	7041401	842	32.8
1642908297.48	32800	34.383983	0.0	7143328	383	32.8
1642908298.0	32800	35.981732	0.0	7338535	398	32.8
1642908298.5	32800	37.615916	0.0	6896645	371	32.8
1642908299.07	32800	39.14433	0.0	6714054	444	32.8
1642908299.74	32800	40.558425	0.0	7018701	544	32.8
1642908300.35	32800	42.00632	0.0	6838204	486	32.8
1642908301.12	32800	43.431939	0.0	6922846	641	32.8
1642908302.07	32800	44.541696	0.0	6926196	815	32.8
1642908302.82	32800	45.81641	0.0	7072104	617	32.8
1642908304.87	32800	45.950923	0.0	7515735	1921	32.8
1642908305.34	32800	47.482359	0.0	7011028	328	32.8
1642908305.82	32800	49.032714	0.0	7307337	343	32.8
1642908306.59	32800	50.311513	0.0	7344127	642	32.8
1642908307.83	32800	51.210259	0.0	7064203	1114	32.8
1642908308.54	32800	52.587365	0.0	7516082	586	32.8
1642908309.29	32800	54.027394	0.0	7278398	619	32.8
1642908310.5	32800	54.969151	0.0	7481760	1086	32.8
1642908311.81	32800	55.848921	0.0	7871221	1172	32.8
1642908312.79	32800	57.065927	0.0	7236548	844	32.8
1642908313.45	32800	58.478093	0.0	7418057	519	32.8
1642908314.18	32800	59.822558	0.0	7580084	604	32.8
1642908316.92	32800	59.851388	0.0	7306910	612	32.8
1642908319.04	32800	59.830101	0.0	7790808	983	32.8
1642908321.07	32800	59.891553	0.0	7160738	899	32.8
1642908323.14	32800	59.969343	0.0	7565820	936	32.8
1642908325.56	32800	59.792089	0.0	8064139	779	32.8
1642908327.59	32800	59.999015	0.0	7308924	393	32.8
1642908330.27	32800	59.856464	0.0	7936123	537	32.8
1642908332.57	32800	59.60563	0.0	7845705	161	32.8
1642908334.41	32800	59.855671	0.0	7682661	203	32.8
1642908337.18	32800	58.901909	0.0	8703604	1363	32.8
1642908338.66	32800	59.605686	0.0	8166986	334	32.8
1642908340.57	32800	59.775852	0.0	8155312	272	32.8
1642908342.58	32800	59.775854	0.0	9057843	360	32.8
1642908342.69	32800	59.449771	0.0	296571	11	32.8

1642908343.07	8200	1.999999	0.115	427088	18	-29.9
1642908343.27	32800	3.846463	0.0	1705511	78	8.199999999999996
1642908343.44	32800	5.670416	0.0	1560846	70	32.8
1642908343.62	32800	7.495323	0.0	1542804	70	32.8
1642908344.42	32800	8.69071	0.0	12166782	565	32.8
1642908345.42	32800	9.691507	0.0	15664097	803	32.8
1642908351.12	260000	5.993469	0.0	84756689	4361	32.80000000000001
1642908352.82	260000	6.756865	0.0	85798884	1192	260.0
1642908354.99	260000	7.538775	0.0	86059829	1569	260.0
1642908357.04	260000	8.356432	0.0	83431241	1440	260.0
1642908359.15	260000	9.78852	0.0	82198417	1406	260.0
1642908361.44	260000	11.311701	0.0	79299299	1644	260.0
1642908363.93	260000	12.927343	0.0	75092129	1943	260.0
1642908366.55	260000	14.478951	0.0	78844622	2002	260.0
1642908369.26	260000	15.849487	0.0	77654479	2002	260.0
1642908371.73	260000	17.444981	0.0	75220977	1902	260.0
1642908374.25	260000	19.05446	0.0	79740890	1967	260.0
1642908377.3	260000	20.394134	0.0	78574581	2402	260.0
1642908382.34	260000	21.612096	0.0	78901633	4560	260.0
1642908386.03	260000	23.13426	0.0	79414941	3089	260.0
1642908389.12	260000	24.566694	0.0	73704781	2485	260.0
1642908392.89	260000	25.795732	0.0	80783826	3029	260.0
1642908397.77	260000	27.053083	0.0	77638812	4328	260.0
1642908401.57	260000	28.25296	0.0	74749470	3170	260.0
1642908407.67	260000	29.224914	0.0	75910911	5661	260.0
1642908408.55	32800	31.082505	0.0	7041401	669	-194.39999999999998
1642908408.79	32800	33.082505	0.0	7143328	112	32.8
1642908409.03	32800	34.98336	0.0	7338535	108	32.8
1642908409.28	32800	36.940521	0.0	6896645	90	32.8
1642908409.46	32800	38.940521	0.0	6714054	59	32.8
1642908409.65	32800	40.933054	0.0	7018701	58	32.8
1642908410.83	260000	42.624236	0.0	66218671	789	32.80000000000001
1642908412.31	260000	44.3894	0.0	71469145	796	260.0
1642908413.57	260000	46.232069	0.0	64074874	702	260.0
1642908414.75	260000	48.019886	0.0	65041967	751	260.0
1642908416.39	260000	49.73285	0.0	65860507	1234	260.0
1642908418.12	260000	51.424923	0.0	60900183	1360	260.0
1642908420.04	260000	52.916725	0.0	65223805	1365	260.0
1642908421.95	260000	54.638143	0.0	61492275	1535	260.0
1642908424.1	260000	56.233045	0.0	57534179	1594	260.0
1642908426.23	260000	57.717859	0.0	64191273	1703	260.0
1642908428.2	260000	59.337963	0.0	57421190	1530	260.0
1642908434.82	260000	59.839906	0.0	60358582	2969	260.0
1642908446.23	260000	59.905434	0.0	60581734	4399	260.0
1642908456.8	260000	59.993715	0.0	55686462	3605	260.0
1642908466.87	32800	59.980962	0.0	7418057	19	-194.39999999999998
