1642944501.38	8200	1.999999	0.518	546328	413	-134.68
1642944502.19	260000	3.190886	0.0	1757078	618	8.199999999999989
1642944502.7	260000	4.684339	0.0	1560847	293	260.0
1642944503.47	260000	5.910534	0.0	1542805	540	260.0
1642944505.18	32800	6.202002	0.0	12166782	1429	-194.39999999999998
1642944507.09	32800	6.291786	0.0	15664097	1623	32.8
1642944507.84	11700	7.545354	0.0	5378836	537	-9.400000000000002
1642944509.68	32800	7.878225	0.0	15851372	1583	11.699999999999996
1642944510.02	4900	9.693786	0.0	1894210	131	-23.0
1642944511.01	32800	10.970328	0.0	12381646	773	4.899999999999999
1642944516.44	152400	9.070505	0.0	57184643	4623	32.80000000000001
1642944520.68	152400	7.73498	0.0	48821461	3806	152.4
1642944524.98	152400	6.285387	0.0	44466772	3867	152.4
1642944527.84	152400	7.420808	0.0	45810515	2408	152.4
1642944532.72	152400	8.099715	0.0	42807747	4499	152.4
1642944537.02	152400	8.97915	0.0	40301174	3912	152.4
1642944541.48	152400	9.618345	0.0	39676104	4057	152.4
1642944546.52	152400	10.085673	0.0	40793176	4639	152.4
1642944548.97	152400	11.23205	0.0	37608977	2077	152.4
1642944552.08	152400	12.306938	0.0	35738670	2735	152.4
1642944553.2	152400	13.835245	0.0	36020729	732	152.4
1642944554.4	152400	15.658084	0.0	36493721	763	152.4
1642944561.17	260000	15.401064	0.0	77638812	6082	152.4
1642944565.4	260000	16.047325	0.0	74749470	3527	260.0
1642944569.71	260000	16.616654	0.0	75910911	3771	260.0
1642944572.83	260000	17.578724	0.0	74070687	2566	260.0
1642944574.38	260000	19.210926	0.0	73938718	914	260.0
1642944576.13	260000	20.592363	0.0	73613985	1188	260.0
1642944577.93	260000	21.849748	0.0	69503182	1268	260.0
1642944579.8	260000	23.39551	0.0	72822670	1270	260.0
1642944581.6	260000	24.610084	0.0	70991563	1215	260.0
1642944583.56	260000	26.064408	0.0	66218671	1441	260.0
1642944585.92	260000	27.240719	0.0	71469145	1712	260.0
1642944588.02	260000	28.432965	0.0	64074874	1602	260.0
1642944589.98	260000	29.845333	0.0	65041967	1435	260.0
1642944591.98	260000	31.043629	0.0	65860507	1468	260.0
1642944593.83	260000	32.203951	0.0	60900183	1307	260.0
1642944595.78	260000	33.673334	0.0	65223805	1397	260.0
1642944598.16	260000	34.936938	0.0	61492275	1854	260.0
1642944602.43	260000	35.69722	0.0	57534179	3787	260.0
1642944605.47	260000	37.212361	0.0	64191273	2545	260.0
1642944608.19	260000	38.646692	0.0	57421190	2271	260.0
1642944610.73	260000	40.00421	0.0	60358582	2031	260.0
1642944613.69	260000	41.582745	0.0	60581734	2285	260.0
1642944616.35	260000	42.967274	0.0	55686462	2125	260.0
1642944620.82	260000	44.120067	0.0	61687104	3948	260.0
1642944623.77	260000	45.620625	0.0	56994559	2467	260.0
1642944629.51	260000	46.546006	0.0	55162012	5186	260.0
1642944631.84	260000	47.999913	0.0	63612323	1689	260.0
1642944633.24	260000	49.751093	0.0	53712380	982	260.0
1642944634.87	260000	51.325928	0.0	59826276	1134	260.0
1642944636.6	260000	53.019975	0.0	58861434	1250	260.0
1642944638.17	260000	54.705189	0.0	53320981	1127	260.0
1642944640.19	260000	56.276097	0.0	62494429	1340	260.0
1642944641.73	260000	57.998212	0.0	53458888	1105	260.0
1642944643.25	260000	59.724783	0.0	53798130	1050	260.0
1642944652.48	260000	59.977821	0.0	61358299	1194	260.0
1642944662.73	260000	59.810979	0.0	50406269	3740	260.0
1642944671.53	260000	59.908574	0.0	43226513	1800	260.0
1642944681.43	260000	59.825442	0.0	35938085	2012	260.0
1642944681.98	260000	59.858776	0.0	631698	337	260.0

1642944682.09	11700	59.858776	0.518	139786	3	-134.68
1642944682.15	260000	59.858776	0.0	631698	1	11.699999999999989
1642944682.89	8200	1.999999	-0.037	2049018	365	-233.98000000000002
1642944683.0	260000	3.932079	0.0	1757078	3	8.199999999999989
1642944683.09	260000	5.841106	0.0	1560847	3	260.0
1642944683.19	260000	7.74468	0.0	1542805	4	260.0
1642944689.78	260000	3.150594	0.0	83554460	5206	260.0
1642944695.19	152400	3.166534	0.0	56494032	4968	44.80000000000001
