1642943396.8	8200	1.999999	0.51	546328	414	-132.6
1642943397.57	11700	3.239737	0.0	1102047	585	8.2
1642943398.13	11700	4.679717	0.0	1111083	388	11.7
1642943398.98	11700	5.825623	0.0	1066380	679	11.7
1642943400.94	11700	5.869565	0.0	3938957	1756	11.7
1642943403.34	11700	5.462368	0.0	4536725	2217	11.7
1642943406.36	11700	4.543374	0.0	5378836	2810	11.7
1642943409.18	11700	3.721374	0.0	4892753	2633	11.7
1642943412.27	11700	2.628005	0.0	5587559	2897	11.7
1642943413.45	8200	3.450389	0.0	2809333	983	4.699999999999999
1642943414.03	4900	4.878182	0.0	1144854	399	1.6000000000000005
1642943415.87	11700	5.027303	0.0	2615238	1663	4.8999999999999995
1642943417.0	11700	5.896766	0.0	2255191	952	11.7
1642943417.53	4900	7.371527	0.0	1007353	351	-1.8999999999999995
1642943421.38	32800	5.614711	0.0	6930236	3645	4.899999999999999
1642943424.72	11700	4.276563	0.0	2629283	2839	-9.400000000000002
1642943428.85	11700	2.304604	0.0	2662617	3863	11.7
1642943431.86	11700	2.262944	0.975	2614451	2830	-241.8
1642943433.37	8200	2.832498	0.0	1872134	1310	4.699999999999999
1642943437.55	8200	2.311344	1.664	1934696	3176	-424.44
1642943438.14	4900	3.775653	0.0	1166756	408	1.6000000000000005
1642943438.95	4900	4.969193	0.0	988609	635	4.9
1642943441.52	11700	4.391776	0.0	2430789	2398	4.8999999999999995
1642943442.26	11700	5.658541	0.0	2399571	560	11.7
1642943443.32	11700	6.595399	0.0	2518802	882	11.7
1642943443.85	4900	8.061872	0.0	1019357	357	-1.8999999999999995
1642943444.9	11700	9.016663	0.0	2442104	854	4.8999999999999995
1642943446.16	32800	9.758366	0.0	7338535	1050	11.699999999999996
1642943447.49	32800	10.424168	0.0	6896645	1137	32.8
1642943448.49	32800	11.427797	0.0	6714054	799	32.8
1642943449.0	11700	12.913062	0.0	2417206	339	-9.400000000000002
1642943449.48	11700	14.432908	0.0	2399895	293	11.7
1642943450.38	32800	15.539796	0.0	6922846	692	11.699999999999996
1642943453.19	152400	14.726461	0.0	30869167	2142	32.80000000000001
1642943455.17	152400	15.042746	0.0	31753337	1634	152.4
1642943458.42	152400	14.144372	0.0	34013525	2837	152.4
1642943461.93	152400	13.069074	0.0	30739933	3124	152.4
1642943466.62	152400	10.38025	0.0	34919429	4349	152.4
1642943469.03	152400	11.141718	0.0	34638995	2082	152.4
1642943471.07	152400	12.183917	0.0	30969970	1723	152.4
1642943473.09	152400	13.217351	0.0	35313058	1670	152.4
1642943474.91	152400	14.502924	0.0	32767078	1488	152.4
1642943476.9	152400	15.651839	0.0	34143965	1658	152.4
1642943481.19	260000	15.922564	0.0	60581734	3405	152.4
1642943484.53	260000	16.639243	0.0	55686462	2871	260.0
1642943487.53	260000	17.405142	0.0	61687104	2517	260.0
1642943490.18	260000	18.347571	0.0	56994559	2211	260.0
1642943493.06	260000	19.288277	0.0	55162012	2402	260.0
1642943496.48	260000	19.942489	0.0	63612323	2918	260.0
1642943499.36	260000	20.591659	0.0	53712380	2456	260.0
1642943503.13	260000	21.254488	0.0	59826276	3138	260.0
1642943507.73	260000	21.652998	0.0	58861434	4114	260.0
1642943513.2	260000	21.59076	0.0	53320981	5051	260.0
1642943519.67	260000	21.63298	0.0	62494429	5710	260.0
1642943523.74	260000	22.795685	0.0	53458888	3644	260.0
1642943528.41	260000	23.618564	0.0	53798130	4135	260.0
1642943533.4	260000	24.32486	0.0	61358299	4438	260.0
1642943537.51	260000	25.093942	0.0	50406269	3719	260.0
1642943541.15	260000	26.448249	0.0	43226513	3279	260.0
1642943544.48	260000	27.619799	0.0	35938085	2916	260.0
1642943544.67	260000	27.653133	0.0	631698	62	260.0

1642943544.8	11700	27.5814	3.149	139786	13	-818.74
1642943545.58	8200	1.999999	-2.616	2049018	417	684.86
1642943545.92	260000	3.695742	0.0	1757078	154	8.199999999999989
1642943546.23	260000	5.383163	0.0	1560847	136	260.0
1642943546.56	260000	7.053131	0.0	1542805	153	260.0
1642943547.99	32800	7.622739	0.0	12166782	1144	-194.39999999999998
1642943549.63	32800	7.978939	0.0	15664097	1393	32.8
1642943551.31	32800	8.300677	0.0	15560661	1433	32.8
1642943551.43	11700	10.180912	0.0	4892753	10	-9.400000000000002
1642943553.05	32800	10.563192	0.0	14688721	1379	11.699999999999996
1642943558.9	152400	8.758327	0.0	51846012	5165	32.80000000000001
1642943565.17	152400	6.240647	0.0	57184643	5578	152.4
1642943570.32	152400	5.519642	0.0	48821461	4598	152.4
1642943573.19	152400	6.763971	0.0	44466772	2449	152.4
1642943576.0	152400	8.099557	0.0	45810515	2361	152.4
1642943578.54	152400	9.474527	0.0	42807747	2033	152.4
1642943580.67	152400	10.873815	0.0	40301174	1748	152.4
1642943582.91	152400	12.238964	0.0	39676104	1784	152.4
1642943587.29	260000	13.29006	0.0	78574581	3449	152.4
1642943592.04	260000	13.924366	0.0	78901633	4061	260.0
