1642945623.1	8200	1.999999	0.52	546328	413	-135.2
1642945624.52	260000	2.589942	0.0	1757078	1230	8.199999999999989
1642945625.03	260000	4.073385	0.0	1560847	337	260.0
1642945625.48	260000	5.627063	0.0	1542805	264	260.0
1642945627.09	32800	6.017287	0.0	12166782	1340	-194.39999999999998
1642945628.9	32800	6.204525	0.0	15664097	1548	32.8
1642945630.15	32800	6.958696	0.0	15560661	995	32.8
1642945630.6	11700	8.506366	0.0	4892753	242	-9.400000000000002
1642945631.7	32800	9.711098	0.0	14688721	857	11.699999999999996
1642945634.87	152400	9.692606	0.0	51846012	2429	32.80000000000001
1642945637.2	152400	10.254873	0.0	57184643	1769	152.4
1642945639.12	152400	11.058026	0.0	48821461	1476	152.4
1642945642.34	260000	10.455632	0.0	75092129	2371	152.4
1642945645.25	260000	10.560072	0.0	78844622	2297	260.0
1642945648.3	260000	11.47484	0.0	77654479	2287	260.0
1642945651.22	260000	12.721618	0.0	75220977	2352	260.0
1642945654.7	260000	13.883357	0.0	79740890	2889	260.0
1642945658.0	260000	15.015148	0.0	78574581	2547	260.0
1642945661.49	260000	16.202713	0.0	78901633	2880	260.0
1642945666.26	260000	16.991829	0.0	79414941	4192	260.0
1642945670.76	260000	17.664801	0.0	73704781	3752	260.0
1642945680.99	260000	17.893255	0.0	80783826	9628	260.0
1642945688.89	260000	18.380315	0.0	77638812	7194	260.0
1642945691.12	260000	20.040445	0.0	74749470	1528	260.0
1642945693.27	260000	21.560956	0.0	75910911	1379	260.0
1642945695.36	260000	23.101222	0.0	74070687	1480	260.0
1642945697.27	260000	24.735141	0.0	73938718	1350	260.0
1642945699.75	260000	26.245963	0.0	73613985	1930	260.0
1642945702.12	260000	27.885564	0.0	69503182	1681	260.0
1642945704.99	260000	29.320745	0.0	72822670	2198	260.0
1642945707.74	260000	30.823162	0.0	70991563	2202	260.0
1642945710.23	260000	32.356878	0.0	66218671	1956	260.0
1642945712.87	260000	33.86049	0.0	71469145	2001	260.0
1642945715.01	260000	35.232392	0.0	64074874	1616	260.0
1642945717.56	260000	36.943161	0.0	65041967	2053	260.0
1642945720.28	260000	38.494819	0.0	65860507	2190	260.0
1642945722.7	260000	39.982371	0.0	60900183	1932	260.0
1642945725.35	260000	41.480255	0.0	65223805	2024	260.0
1642945727.73	260000	43.03043	0.0	61492275	1871	260.0
1642945729.93	260000	44.642323	0.0	57534179	1700	260.0
1642945734.71	260000	45.814337	0.0	64191273	4279	260.0
1642945738.39	260000	47.032708	0.0	57421190	3128	260.0
1642945743.95	260000	48.016079	0.0	60358582	5082	260.0
1642945746.57	260000	49.558344	0.0	60581734	2106	260.0
1642945749.47	260000	51.032443	0.0	55686462	2427	260.0
1642945753.1	260000	52.356696	0.0	61687104	2991	260.0
1642945756.66	260000	53.843665	0.0	56994559	3106	260.0
1642945761.18	260000	54.91022	0.0	55162012	3899	260.0
1642945764.19	260000	56.174775	0.0	63612323	2313	260.0
1642945767.03	260000	57.813247	0.0	53712380	2280	260.0
1642945770.08	260000	59.178916	0.0	59826276	2576	260.0
1642945776.57	260000	59.838649	0.0	58861434	1991	260.0
1642945787.5	260000	59.776562	0.0	53320981	2852	260.0
1642945797.74	260000	59.988703	0.0	62494429	2645	260.0
1642945808.69	260000	59.885843	0.0	53458888	3408	260.0
1642945818.21	260000	59.79037	0.0	53798130	2430	260.0
