1642906936.28	8200	1.999999	0.352	546328	247	-91.52
1642906936.48	11700	3.803366	0.0	1102047	91	8.2
1642906936.59	11700	5.690954	0.0	1111083	11	11.7
1642906936.7	11700	7.577857	0.0	1066380	12	11.7
1642906937.01	11700	9.276396	0.0	3938957	177	11.7
1642906937.79	32800	10.495901	0.0	15664097	537	11.699999999999996
1642906938.33	32800	11.949149	0.0	15560661	357	32.8
1642906940.9	260000	11.379261	0.0	85798884	1360	32.80000000000001
1642906942.8	260000	11.484056	0.0	86059829	1355	260.0
1642906944.83	260000	11.462012	0.0	83431241	1337	260.0
1642906946.99	260000	11.570835	0.0	82198417	1627	260.0
1642906949.5	260000	11.883833	0.0	79299299	1932	260.0
1642906951.97	260000	12.411998	0.0	75092129	1955	260.0
1642906954.44	260000	13.655403	0.0	78844622	2004	260.0
1642906957.12	260000	15.263432	0.0	77654479	2285	260.0
1642906959.77	260000	16.821442	0.0	75220977	2103	260.0
1642906962.31	260000	18.370436	0.0	79740890	2119	260.0
1642906964.69	260000	19.954557	0.0	78574581	1967	260.0
1642906967.03	260000	21.462276	0.0	78901633	1884	260.0
1642906969.74	260000	23.054895	0.0	79414941	2213	260.0
1642906972.05	260000	24.649423	0.0	73704781	1778	260.0
1642906974.29	260000	26.261862	0.0	80783826	1763	260.0
1642906976.29	260000	28.014043	0.0	77638812	1539	260.0
1642906978.41	260000	29.538673	0.0	74749470	1617	260.0
1642906980.21	260000	31.298969	0.0	75910911	1382	260.0
1642906985.76	260000	32.40476	0.0	74070687	1349	260.0
1642906987.29	260000	34.182355	0.0	73938718	947	260.0
1642906989.33	260000	35.804092	0.0	73613985	1391	260.0
1642906990.77	260000	37.526382	0.0	69503182	1039	260.0
1642906992.15	260000	39.297411	0.0	72822670	966	260.0
1642906993.77	260000	41.026941	0.0	70991563	1224	260.0
1642906995.31	260000	42.658632	0.0	66218671	1074	260.0
1642906996.83	260000	44.503721	0.0	71469145	1128	260.0
1642906998.28	260000	46.097597	0.0	64074874	979	260.0
1642906999.81	260000	47.857913	0.0	65041967	1069	260.0
1642907001.55	260000	49.715582	0.0	65860507	1206	260.0
1642907003.31	260000	51.35914	0.0	60900183	1369	260.0
1642907005.3	260000	52.922764	0.0	65223805	1536	260.0
1642907007.19	260000	54.492344	0.0	61492275	1542	260.0
1642907008.97	260000	56.28402	0.0	57534179	1374	260.0
1642907011.13	260000	57.835166	0.0	64191273	1703	260.0
1642907013.34	260000	59.353141	0.0	57421190	1782	260.0
1642907020.26	260000	59.825921	0.0	60358582	1866	260.0
1642907031.06	260000	59.911696	0.0	60581734	1844	260.0
1642907042.18	260000	59.939567	0.0	55686462	1663	260.0
1642907052.75	260000	59.957886	0.0	61687104	1645	260.0
1642907064.67	260000	59.909049	0.0	56994559	1511	260.0
1642907074.57	260000	59.891671	0.0	55162012	1511	260.0
1642907086.63	260000	59.824349	0.0	63612323	1513	260.0
1642907097.04	260000	59.879824	0.0	53712380	1446	260.0
1642907106.18	260000	59.984312	0.0	59826276	1504	260.0
1642907117.25	260000	59.979746	0.0	58861434	1569	260.0
1642907127.62	260000	59.99335	0.0	53320981	1466	260.0
