1642946825.52	8200	1.999999	0.354	546328	250	-92.04
1642946825.81	260000	3.722347	0.0	1757078	97	8.199999999999989
1642946826.0	260000	5.529219	0.0	1560847	14	260.0
1642946826.19	260000	7.3412	0.0	1542805	13	260.0
1642946826.85	32800	8.68408	0.0	12166782	295	-194.39999999999998
1642946827.44	32800	10.092291	0.0	15664097	335	32.8
1642946829.91	260000	9.624266	0.0	84756689	1309	32.80000000000001
1642946831.77	260000	9.762567	0.0	85798884	1234	260.0
1642946834.49	260000	9.341299	0.0	86059829	1976	260.0
1642946837.37	260000	9.416122	0.0	83431241	2262	260.0
1642946840.58	260000	9.769112	0.0	82198417	2619	260.0
1642946843.57	260000	11.335625	0.0	79299299	2421	260.0
1642946846.39	260000	12.743233	0.0	75092129	2286	260.0
1642946849.2	260000	14.3511	0.0	78844622	2258	260.0
1642946851.74	260000	15.569106	0.0	77654479	1950	260.0
1642946854.56	260000	17.569106	0.0	75220977	2104	260.0
1642946858.66	260000	18.7927	0.0	79740890	3538	260.0
1642946863.36	260000	19.899562	0.0	78574581	4097	260.0
1642946864.96	260000	21.612016	0.0	78901633	917	260.0
1642946866.5	260000	23.45061	0.0	79414941	954	260.0
1642946867.86	260000	25.226309	0.0	73704781	787	260.0
1642946869.48	260000	26.818259	0.0	80783826	1036	260.0
1642946871.72	260000	28.42358	0.0	77638812	1480	260.0
1642946874.16	260000	30.10916	0.0	74749470	1700	260.0
1642946876.72	260000	31.714072	0.0	75910911	1797	260.0
1642946879.44	260000	33.310072	0.0	74070687	1876	260.0
1642946882.0	260000	34.748713	0.0	73938718	1853	260.0
1642946884.75	260000	36.221094	0.0	73613985	2193	260.0
1642946887.24	260000	37.857729	0.0	69503182	1955	260.0
1642946890.02	260000	39.472848	0.0	72822670	2103	260.0
1642946893.05	260000	40.79999	0.0	70991563	2358	260.0
1642946895.59	260000	42.33686	0.0	66218671	1998	260.0
1642946898.13	260000	43.885332	0.0	71469145	2007	260.0
1642946900.43	260000	45.496827	0.0	64074874	1772	260.0
1642946902.97	260000	47.162811	0.0	65041967	2023	260.0
1642946905.27	260000	48.65682	0.0	65860507	1753	260.0
1642946907.52	260000	50.248795	0.0	60900183	1626	260.0
1642946912.42	260000	51.226452	0.0	65223805	4351	260.0
1642946918.78	260000	52.039536	0.0	61492275	5841	260.0
1642946925.01	260000	52.9328	0.0	57534179	5738	260.0
1642946934.24	260000	53.122385	0.0	64191273	8426	260.0
1642946937.57	260000	54.499369	0.0	57421190	2839	260.0
1642946940.6	260000	56.06547	0.0	60358582	2520	260.0
1642946943.63	260000	57.430908	0.0	60581734	2524	260.0
1642946946.4	260000	58.918169	0.0	55686462	2268	260.0
1642946950.46	260000	59.997406	0.0	61687104	2542	260.0
1642946962.77	260000	59.824015	0.0	56994559	2337	260.0
1642946973.9	260000	59.872323	0.0	55162012	2735	260.0
1642946985.18	260000	59.873789	0.0	63612323	3256	260.0
1642946996.39	260000	59.875324	0.0	53712380	2627	260.0
1642947005.88	260000	59.767329	0.0	59826276	3336	260.0
1642947018.0	260000	59.868041	0.0	58861434	3032	260.0
