1642947290.37	8200	1.999999	0.355	546328	254	-92.3
1642947290.81	260000	3.563539	0.0	1757078	246	8.199999999999989
1642947291.25	260000	5.123176	0.0	1560847	262	260.0
1642947291.7	260000	6.670837	0.0	1542805	268	260.0
1642947294.18	32800	6.190132	0.0	12166782	2129	-194.39999999999998
1642947295.16	11700	7.210205	0.0	4536725	768	-9.400000000000002
1642947297.47	32800	6.901791	0.0	15560661	2047	11.699999999999996
1642947300.03	32800	7.025461	0.0	15851372	2297	32.8
1642947301.01	11700	8.138312	0.0	5587559	783	-9.400000000000002
1642947302.55	32800	8.653481	0.0	12381646	1303	11.699999999999996
1642947303.14	11700	10.166007	0.0	3375218	391	-9.400000000000002
1642947304.31	32800	11.439646	0.0	7987681	972	11.699999999999996
1642947305.29	32800	12.779599	0.0	6249975	784	32.8
1642947306.14	32800	14.195223	0.0	6462926	658	32.8
1642947310.86	152400	12.657355	0.0	42807747	4178	32.80000000000001
1642947315.0	152400	11.248748	0.0	40301174	3779	152.4
1642947319.02	152400	9.653553	0.0	39676104	3665	152.4
1642947322.56	152400	8.375667	0.0	40793176	3173	152.4
1642947325.43	152400	9.246394	0.0	37608977	2522	152.4
1642947328.56	152400	10.024986	0.0	35738670	2788	152.4
1642947331.54	152400	11.305745	0.0	36020729	2615	152.4
1642947334.62	152400	12.370102	0.0	36493721	2717	152.4
1642947337.43	152400	13.521738	0.0	37585290	2465	152.4
1642947340.07	152400	14.619141	0.0	34459282	2305	152.4
1642947343.01	152400	15.688956	0.0	37576374	2555	152.4
1642947347.3	152400	16.352706	0.0	34095545	3949	152.4
1642947350.11	152400	17.401951	0.0	34314045	2477	152.4
1642947352.98	152400	18.360046	0.0	34563011	2544	152.4
1642947355.2	152400	19.645919	0.0	31292175	1910	152.4
1642947362.98	260000	18.825275	0.0	72822670	6817	152.4
1642947370.56	260000	17.997977	0.0	70991563	6940	260.0
1642947376.09	260000	18.019548	0.0	66218671	4854	260.0
1642947383.19	260000	17.574358	0.0	71469145	6337	260.0
1642947389.09	260000	17.389198	0.0	64074874	5268	260.0
1642947390.99	260000	18.557798	0.0	65041967	1262	260.0
1642947393.31	260000	19.598987	0.0	65860507	1782	260.0
1642947395.46	260000	20.841124	0.0	60900183	1547	260.0
1642947397.99	260000	21.781391	0.0	65223805	1868	260.0
1642947400.39	260000	23.142564	0.0	61492275	1835	260.0
1642947402.65	260000	24.339752	0.0	57534179	1590	260.0
1642947404.96	260000	25.702202	0.0	64191273	1706	260.0
1642947406.94	260000	26.86596	0.0	57421190	1441	260.0
1642947408.84	260000	27.814327	0.0	60358582	1378	260.0
1642947414.55	260000	28.786079	0.0	60581734	5083	260.0
1642947416.04	260000	30.415706	0.0	55686462	1039	260.0
1642947417.62	260000	32.105759	0.0	61687104	1091	260.0
1642947419.16	260000	33.795719	0.0	56994559	1069	260.0
1642947420.66	260000	35.607836	0.0	55162012	1056	260.0
1642947422.15	260000	37.213125	0.0	63612323	963	260.0
1642947423.53	260000	38.93657	0.0	53712380	815	260.0
1642947425.14	260000	40.533638	0.0	59826276	1111	260.0
1642947426.73	260000	42.266369	0.0	58861434	1109	260.0
1642947427.94	260000	44.000064	0.0	53320981	762	260.0
1642947429.47	260000	45.686759	0.0	62494429	994	260.0
1642947430.52	260000	47.487808	0.0	53458888	606	260.0
1642947432.59	260000	48.93682	0.0	53798130	1619	260.0
1642947434.08	260000	50.697168	0.0	61358299	862	260.0
1642947435.49	260000	52.302115	0.0	50406269	951	260.0
1642947437.03	260000	54.032418	0.0	43226513	1035	260.0
1642947438.41	260000	55.722284	0.0	35938085	1053	260.0
1642947438.54	260000	55.726353	0.0	631698	9	260.0

1642947438.66	11700	55.62644	0.355	139786	1	-92.3
1642947438.72	260000	55.62644	0.0	631698	1	11.699999999999989
1642947439.42	8200	1.999999	0.102	2049018	343	-270.12
1642947439.53	260000	3.92166	0.0	1757078	7	8.199999999999989
1642947439.62	260000	5.830275	0.0	1560847	4	260.0
1642947439.72	260000	7.733031	0.0	1542805	3	260.0
1642947442.53	260000	6.916769	0.0	83554460	1545	260.0
1642947444.73	260000	6.718778	0.0	88770741	1263	260.0
1642947446.26	260000	7.188426	0.0	84756689	821	260.0
1642947448.33	260000	7.785279	0.0	85798884	1409	260.0
1642947450.68	260000	9.272108	0.0	86059829	1734	260.0
1642947452.9	260000	10.883289	0.0	83431241	1597	260.0
1642947455.32	260000	12.503183	0.0	82198417	1646	260.0
1642947457.52	260000	14.13026	0.0	79299299	1553	260.0
1642947459.56	260000	15.786922	0.0	75092129	1447	260.0
1642947461.68	260000	17.414018	0.0	78844622	1485	260.0
1642947463.74	260000	19.033647	0.0	77654479	1438	260.0
1642947465.75	260000	20.704628	0.0	75220977	1386	260.0
1642947467.7	260000	22.371277	0.0	79740890	1379	260.0
1642947469.68	260000	24.098685	0.0	78574581	1376	260.0
1642947471.78	260000	25.709513	0.0	78901633	1538	260.0
1642947473.73	260000	27.335577	0.0	79414941	1380	260.0
1642947476.21	260000	28.884948	0.0	73704781	1742	260.0
1642947479.07	260000	30.387732	0.0	80783826	2253	260.0
1642947482.04	260000	31.971375	0.0	77638812	2227	260.0
1642947484.69	260000	33.397697	0.0	74749470	2097	260.0
1642947487.57	260000	34.929584	0.0	75910911	2101	260.0
