1642922787.4	8200	1.999999	0.351	546328	249	-91.26
1642922787.75	260000	3.651276	0.0	1757078	173	8.199999999999989
1642922788.05	260000	5.355759	0.0	1560847	78	260.0
1642922788.36	260000	7.044917	0.0	1542805	134	260.0
1642922789.59	32800	7.817333	0.0	12166782	926	-194.39999999999998
1642922790.86	32800	8.545776	0.0	15664097	997	32.8
1642922792.0	32800	9.400703	0.0	15560661	912	32.8
1642922796.0	32800	7.801701	0.0	15851372	3758	32.8
1642922796.97	11700	9.090796	0.0	5587559	782	-9.400000000000002
1642922797.98	32800	10.209296	0.0	12381646	787	11.699999999999996
1642922798.32	11700	11.949254	0.0	3375218	159	-9.400000000000002
1642922798.89	32800	13.786827	0.0	7987681	372	11.699999999999996
1642922801.53	152400	14.111771	0.0	44466772	1949	32.80000000000001
1642922804.54	152400	14.687912	0.0	45810515	2520	152.4
1642922808.96	260000	13.774647	0.0	77654479	3603	152.4
1642922812.88	260000	12.610005	0.0	75220977	3311	260.0
1642922817.03	260000	10.633732	0.0	79740890	3565	260.0
1642922821.68	260000	10.951902	0.0	78574581	3950	260.0
1642922827.71	260000	11.019227	0.0	78901633	5321	260.0
1642922830.26	260000	12.22535	0.0	79414941	1876	260.0
1642922831.9	260000	13.816282	0.0	73704781	1049	260.0
1642922835.25	260000	15.262632	0.0	80783826	2787	260.0
1642922838.19	260000	16.654243	0.0	77638812	2177	260.0
1642922842.9	260000	17.825253	0.0	74749470	4105	260.0
1642922846.8	260000	19.183573	0.0	75910911	3398	260.0
1642922850.7	260000	20.377713	0.0	74070687	3336	260.0
1642922854.62	260000	21.703739	0.0	73938718	3445	260.0
1642922858.16	260000	23.067776	0.0	73613985	2783	260.0
1642922861.6	260000	24.553346	0.0	69503182	2626	260.0
1642922865.69	260000	25.672514	0.0	72822670	3351	260.0
1642922869.23	260000	27.042297	0.0	70991563	2941	260.0
1642922872.67	260000	28.401186	0.0	66218671	2706	260.0
1642922875.89	260000	29.79935	0.0	71469145	2685	260.0
1642922879.17	260000	31.28885	0.0	64074874	2775	260.0
1642922882.34	260000	32.647662	0.0	65041967	2626	260.0
1642922885.72	260000	34.133578	0.0	65860507	2839	260.0
1642922889.99	260000	35.291571	0.0	60900183	3698	260.0
1642922894.0	260000	36.4905	0.0	65223805	3577	260.0
1642922897.43	260000	37.889324	0.0	61492275	2871	260.0
1642922900.55	260000	39.29526	0.0	57534179	2686	260.0
1642922904.7	260000	40.40724	0.0	64191273	3563	260.0
1642922908.49	260000	41.594647	0.0	57421190	3333	260.0
1642922912.62	260000	42.950762	0.0	60358582	3639	260.0
1642922915.55	260000	44.408531	0.0	60581734	2534	260.0
1642922916.59	260000	46.256641	0.0	55686462	646	260.0
1642922917.65	260000	47.991383	0.0	61687104	636	260.0
1642922918.92	260000	49.768835	0.0	56994559	772	260.0
1642922920.45	260000	51.451	0.0	55162012	999	260.0
1642922922.16	260000	53.163604	0.0	63612323	1266	260.0
1642922923.84	260000	54.811353	0.0	53712380	1170	260.0
1642922925.77	260000	56.48429	0.0	59826276	1486	260.0
1642922927.66	260000	58.042383	0.0	58861434	1371	260.0
1642922929.39	260000	59.738522	0.0	53320981	1255	260.0
1642922937.96	260000	59.782472	0.0	62494429	1970	260.0
1642922947.5	260000	59.937723	0.0	53458888	1432	260.0
1642922957.45	260000	59.81199	0.0	53798130	1502	260.0
1642922967.52	260000	59.930798	0.0	61358299	1654	260.0
1642922978.11	260000	59.803542	0.0	50406269	1508	260.0
