1642919060.48	8200	1.999999	0.351	546328	248	-91.26
1642919060.76	260000	3.729363	0.0	1757078	96	8.199999999999989
1642919060.95	260000	5.538402	0.0	1560847	17	260.0
1642919061.15	260000	7.340486	0.0	1542805	22	260.0
1642919063.57	152400	6.921151	0.0	68504102	1435	44.80000000000001
1642919064.94	152400	7.560359	0.0	56494032	838	152.4
1642919067.4	260000	7.097537	0.0	84756689	1786	152.4
1642919069.85	260000	7.707501	0.0	85798884	1645	260.0
1642919072.3	260000	9.080545	0.0	86059829	1605	260.0
1642919075.24	260000	10.409898	0.0	83431241	2346	260.0
1642919078.48	260000	11.772779	0.0	82198417	2586	260.0
1642919081.22	260000	13.093662	0.0	79299299	2189	260.0
1642919083.75	260000	14.256763	0.0	75092129	1965	260.0
1642919086.31	260000	15.852702	0.0	78844622	1931	260.0
1642919088.71	260000	17.458047	0.0	77654479	1678	260.0
1642919090.96	260000	19.129079	0.0	75220977	1560	260.0
1642919093.09	260000	20.78117	0.0	79740890	1415	260.0
1642919094.88	260000	22.48548	0.0	78574581	1212	260.0
1642919096.77	260000	23.960535	0.0	78901633	1125	260.0
1642919098.68	260000	25.960535	0.0	79414941	1286	260.0
1642919100.85	260000	27.565136	0.0	73704781	1625	260.0
1642919103.24	260000	29.026773	0.0	80783826	1632	260.0
1642919105.66	260000	30.601136	0.0	77638812	1891	260.0
1642919108.0	260000	32.217327	0.0	74749470	1790	260.0
1642919110.86	260000	33.820565	0.0	75910911	2284	260.0
1642919113.49	260000	35.322457	0.0	74070687	2100	260.0
1642919116.22	260000	36.672679	0.0	73938718	2037	260.0
1642919118.69	260000	38.416066	0.0	73613985	2008	260.0
1642919121.12	260000	40.020914	0.0	69503182	1778	260.0
1642919123.29	260000	41.56406	0.0	72822670	1685	260.0
1642919125.19	260000	43.286419	0.0	70991563	1440	260.0
1642919126.78	260000	44.928231	0.0	66218671	1172	260.0
1642919128.46	260000	46.620503	0.0	71469145	1110	260.0
1642919129.75	260000	48.400674	0.0	64074874	873	260.0
1642919131.29	260000	50.110261	0.0	65041967	978	260.0
1642919132.88	260000	51.804738	0.0	65860507	1013	260.0
1642919134.2	260000	53.576819	0.0	60900183	853	260.0
1642919135.98	260000	55.291625	0.0	65223805	1283	260.0
1642919137.75	260000	56.938053	0.0	61492275	1314	260.0
1642919139.44	260000	58.644733	0.0	57534179	1184	260.0
1642919143.47	260000	59.901176	0.0	64191273	1546	260.0
1642919153.81	260000	59.831889	0.0	57421190	1365	260.0
1642919165.41	260000	59.854618	0.0	60358582	1515	260.0
1642919176.03	260000	59.861882	0.0	60581734	1516	260.0
1642919187.12	260000	59.884518	0.0	55686462	2016	260.0
1642919197.78	260000	59.867263	0.0	61687104	1573	260.0
1642919209.19	260000	59.86353	0.0	56994559	1376	260.0
1642919219.55	260000	59.8956	0.0	55162012	1334	260.0
1642919229.67	260000	59.877662	0.0	63612323	1555	260.0
1642919241.57	260000	59.806584	0.0	53712380	1337	260.0
1642919251.63	260000	59.988543	0.0	59826276	1511	260.0
