1642947498.78	8200	1.999999	0.352	546328	252	-91.52
1642947499.09	260000	3.70007	0.0	1757078	119	8.199999999999989
1642947499.32	260000	5.472797	0.0	1560847	50	260.0
1642947499.54	260000	7.252683	0.0	1542805	41	260.0
1642947500.12	32800	8.673565	0.0	12166782	316	-194.39999999999998
1642947500.74	32800	10.043765	0.0	15664097	378	32.8
1642947502.89	152400	9.904797	0.0	68626847	1153	32.80000000000001
1642947508.28	260000	7.072468	0.0	85798884	4497	152.4
1642947517.22	260000	5.241328	0.0	86059829	8351	260.0
1642947522.16	260000	6.055567	0.0	83431241	4173	260.0
1642947526.43	260000	7.173986	0.0	82198417	3675	260.0
1642947528.82	152400	8.946566	0.0	48821461	1961	44.80000000000001
1642947531.55	152400	10.496431	0.0	44466772	2311	152.4
1642947534.12	152400	12.087489	0.0	45810515	2004	152.4
1642947538.52	260000	13.333958	0.0	77654479	3853	152.4
1642947543.64	260000	14.410602	0.0	75220977	4540	260.0
1642947545.93	260000	16.180809	0.0	79740890	1691	260.0
1642947547.58	260000	17.967617	0.0	78574581	1006	260.0
1642947549.14	260000	19.394079	0.0	78901633	888	260.0
1642947552.21	260000	21.210019	0.0	79414941	2495	260.0
1642947555.24	260000	22.528687	0.0	73704781	2253	260.0
1642947560.16	260000	23.732195	0.0	80783826	4334	260.0
1642947564.21	260000	24.934306	0.0	77638812	3474	260.0
1642947568.2	260000	26.394308	0.0	74749470	3369	260.0
1642947572.38	260000	27.438405	0.0	75910911	3515	260.0
1642947575.73	260000	28.429407	0.0	74070687	2783	260.0
1642947579.09	260000	29.501102	0.0	73938718	2844	260.0
1642947582.95	260000	30.335864	0.0	73613985	3299	260.0
1642947586.41	260000	31.262453	0.0	69503182	2892	260.0
1642947590.19	260000	31.816571	0.0	72822670	3025	260.0
1642947593.57	260000	33.435519	0.0	70991563	2693	260.0
1642947597.05	260000	34.769629	0.0	66218671	2813	260.0
1642947600.74	260000	36.121126	0.0	71469145	3177	260.0
1642947603.72	260000	37.408774	0.0	64074874	2492	260.0
1642947608.67	260000	38.712934	0.0	65041967	4271	260.0
1642947612.39	260000	39.995653	0.0	65860507	3129	260.0
1642947615.71	260000	41.379768	0.0	60900183	2824	260.0
1642947619.44	260000	42.758266	0.0	65223805	3099	260.0
1642947623.97	260000	43.798718	0.0	61492275	3929	260.0
1642947627.69	260000	45.176941	0.0	57534179	3203	260.0
1642947630.83	260000	46.5893	0.0	64191273	2657	260.0
1642947631.79	260000	48.38468	0.0	57421190	469	260.0
1642947632.8	260000	50.238654	0.0	60358582	506	260.0
1642947634.85	260000	51.73077	0.0	60581734	1507	260.0
1642947636.07	260000	53.671693	0.0	55686462	767	260.0
1642947637.48	260000	55.46383	0.0	61687104	909	260.0
1642947639.17	260000	57.140382	0.0	56994559	1236	260.0
1642947641.19	260000	58.810882	0.0	55162012	1356	260.0
1642947646.24	260000	59.862878	0.0	63612323	1504	260.0
1642947656.99	260000	59.944478	0.0	53712380	1207	260.0
1642947666.17	260000	59.803177	0.0	59826276	1618	260.0
1642947676.58	260000	59.796153	0.0	58861434	1592	260.0
1642947686.54	260000	59.994702	0.0	53320981	1432	260.0
1642947696.59	260000	59.960705	0.0	62494429	1467	260.0
