1642919684.57	8200	1.999999	0.359	546328	256	-93.34
1642919685.07	260000	3.509311	0.0	1757078	307	8.199999999999989
1642919685.79	260000	4.789191	0.0	1560847	545	260.0
1642919686.37	260000	6.211588	0.0	1542805	401	260.0
1642919687.26	11700	7.315492	0.0	3938957	688	-236.60000000000002
1642919688.34	11700	8.234151	0.0	4536725	818	11.7
1642919694.75	32800	3.828724	0.0	15560661	6101	11.699999999999996
1642919695.92	11700	4.660683	0.0	4892753	855	-9.400000000000002
1642919697.25	32800	5.737226	0.0	14688721	1087	11.699999999999996
1642919698.98	32800	6.691681	0.0	12381646	1453	32.8
1642919700.23	32800	7.781817	0.0	10179458	1016	32.8
1642919700.68	11700	9.526312	0.0	2615238	259	-9.400000000000002
1642919701.41	32800	10.859047	0.0	6249975	533	11.699999999999996
1642919704.85	152400	10.267285	0.0	45810515	2644	32.80000000000001
1642919708.72	152400	9.627386	0.0	42807747	3484	152.4
1642919712.11	152400	8.662884	0.0	40301174	3018	152.4
1642919716.06	152400	7.648487	0.0	39676104	3479	152.4
1642919718.7	152400	8.848921	0.0	40793176	2235	152.4
1642919722.45	152400	9.626905	0.0	37608977	3357	152.4
1642919727.05	152400	10.328767	0.0	35738670	4222	152.4
1642919730.26	152400	11.39968	0.0	36020729	2861	152.4
1642919735.21	152400	11.658422	0.0	36493721	4592	152.4
1642919738.9	152400	12.549586	0.0	37585290	3313	152.4
1642919741.23	152400	13.686531	0.0	34459282	1946	152.4
1642919743.8	152400	14.97017	0.0	37576374	2172	152.4
1642919744.86	152400	16.673379	0.0	34095545	655	152.4
1642919747.56	260000	17.772834	0.0	73938718	1853	152.4
1642919753.36	260000	17.808202	0.0	73613985	3716	260.0
1642919757.5	260000	18.184517	0.0	69503182	3523	260.0
1642919761.74	260000	18.425788	0.0	72822670	3660	260.0
1642919764.32	260000	19.668878	0.0	70991563	2020	260.0
1642919766.29	260000	20.964597	0.0	66218671	1469	260.0
1642919768.23	260000	22.190215	0.0	71469145	1388	260.0
1642919770.14	260000	23.545541	0.0	64074874	1279	260.0
1642919772.1	260000	24.832746	0.0	65041967	1269	260.0
1642919774.18	260000	25.79128	0.0	65860507	1559	260.0
1642919776.52	260000	27.171	0.0	60900183	1770	260.0
1642919778.96	260000	28.163801	0.0	65223805	1800	260.0
1642919781.25	260000	29.389766	0.0	61492275	1618	260.0
1642919783.15	260000	30.804743	0.0	57534179	1455	260.0
1642919785.16	260000	32.080828	0.0	64191273	1533	260.0
1642919787.01	260000	33.274017	0.0	57421190	1264	260.0
1642919788.87	260000	34.491958	0.0	60358582	1334	260.0
1642919792.21	260000	35.630229	0.0	60581734	2835	260.0
1642919795.46	260000	36.933881	0.0	55686462	2858	260.0
1642919798.37	260000	38.374095	0.0	61687104	2388	260.0
1642919800.76	260000	39.896429	0.0	56994559	1913	260.0
1642919803.16	260000	41.327328	0.0	55162012	1964	260.0
1642919806.06	260000	42.827013	0.0	63612323	2391	260.0
1642919809.66	260000	44.013929	0.0	53712380	3241	260.0
1642919812.64	260000	45.333817	0.0	59826276	2518	260.0
1642919815.69	260000	46.624565	0.0	58861434	2629	260.0
1642919821.19	260000	47.733342	0.0	53320981	4897	260.0
1642919823.33	260000	49.197695	0.0	62494429	1585	260.0
1642919824.62	260000	50.918778	0.0	53458888	708	260.0
1642919825.76	260000	52.652605	0.0	53798130	657	260.0
1642919828.0	260000	54.247935	0.0	61358299	1568	260.0
1642919829.45	260000	55.799121	0.0	50406269	954	260.0
1642919830.57	260000	57.624737	0.0	43226513	781	260.0
1642919831.46	260000	59.486546	0.0	35938085	617	260.0
1642919831.59	260000	59.51988	0.0	631698	7	260.0

1642919831.7	11700	59.51988	0.359	139786	1	-93.34
1642919831.76	260000	59.51988	0.0	631698	2	11.699999999999989
1642919832.47	8200	1.999999	0.1	2049018	346	-269.6
1642919832.57	260000	3.938952	0.0	1757078	3	8.199999999999989
1642919832.67	260000	5.844274	0.0	1560847	4	260.0
1642919832.77	260000	7.743546	0.0	1542805	4	260.0
1642919835.45	260000	7.060627	0.0	83554460	1505	260.0
1642919837.76	260000	6.755106	0.0	88770741	1478	260.0
1642919840.16	260000	6.352122	0.0	84756689	1548	260.0
1642919842.25	260000	7.565288	0.0	85798884	1477	260.0
1642919848.27	260000	8.500136	0.0	86059829	5367	260.0
1642919853.86	260000	9.450067	0.0	83431241	4760	260.0
1642919856.92	260000	11.017941	0.0	82198417	2399	260.0
1642919862.59	260000	11.994976	0.0	79299299	5095	260.0
1642919866.69	260000	13.175084	0.0	75092129	3471	260.0
1642919872.54	260000	14.258258	0.0	78844622	5233	260.0
1642919877.4	260000	15.552652	0.0	77654479	4240	260.0
1642919881.57	260000	16.584213	0.0	75220977	3471	260.0
