1642907374.39	8200	1.999999	0.354	546328	251	-92.04
1642907374.6	11700	3.805035	0.0	1102047	91	8.2
1642907374.71	11700	5.687955	0.0	1111083	15	11.7
1642907374.83	11700	7.570573	0.0	1066380	16	11.7
1642907375.06	11700	9.343912	0.0	3938957	95	11.7
1642907375.55	32800	10.853117	0.0	15664097	262	11.699999999999996
1642907377.89	260000	10.513563	0.0	84756689	1256	32.80000000000001
1642907380.5	260000	9.908764	0.0	85798884	1959	260.0
1642907382.67	260000	9.735298	0.0	86059829	1449	260.0
1642907385.17	260000	9.562746	0.0	83431241	1816	260.0
1642907388.83	260000	9.768086	0.0	82198417	2933	260.0
1642907392.26	260000	11.133596	0.0	79299299	2709	260.0
1642907402.89	260000	11.476455	0.0	75092129	9942	260.0
1642907404.37	32800	13.169572	0.0	6462926	1345	-194.39999999999998
1642907404.72	32800	15.169572	0.0	6930236	220	32.8
1642907405.07	32800	17.009472	0.0	7176786	228	32.8
1642907405.34	32800	19.009472	0.0	6963959	134	32.8
1642907405.61	32800	21.009472	0.0	7320305	141	32.8
1642907405.89	32800	22.978779	0.0	7420242	143	32.8
1642907416.66	260000	22.935868	0.0	79414941	10073	32.80000000000001
1642907418.48	32800	24.782686	0.0	7960895	1591	-194.39999999999998
1642907419.49	32800	26.570668	0.0	6396912	894	32.8
1642907420.47	32800	28.347363	0.0	7253832	849	32.8
1642907421.21	32800	30.166268	0.0	7034316	606	32.8
1642907421.72	32800	32.116136	0.0	7133512	384	32.8
1642907422.22	32800	33.846432	0.0	7041401	376	32.8
1642907422.69	32800	35.810101	0.0	7143328	333	32.8
1642907423.16	32800	37.810101	0.0	7338535	342	32.8
1642907423.57	32800	39.810101	0.0	6896645	283	32.8
1642907427.29	260000	41.188514	0.0	72822670	3250	32.80000000000001
1642907435.51	260000	41.811633	0.0	70991563	7816	260.0
1642907436.12	32800	43.586073	0.0	6838204	480	-194.39999999999998
1642907436.85	32800	45.586073	0.0	6922846	607	32.8
1642907437.96	32800	47.310462	0.0	6926196	991	32.8
1642907439.51	32800	49.073721	0.0	7072104	1421	32.8
1642907440.33	32800	50.915081	0.0	7515735	690	32.8
1642907441.3	32800	52.802225	0.0	7011028	834	32.8
1642907442.52	32800	54.519612	0.0	7307337	1087	32.8
1642907443.42	32800	56.364893	0.0	7344127	778	32.8
1642907443.93	32800	58.154165	0.0	7064203	379	32.8
1642907445.45	32800	59.809403	0.0	7516082	385	32.8
1642907456.71	32800	59.816566	0.0	7278398	1121	32.8
1642907467.49	32800	59.598305	0.0	7481760	2557	32.8
1642907469.19	32800	59.995389	0.0	7871221	969	32.8
1642907471.81	32800	59.463423	0.0	7236548	475	32.8
1642907473.79	32800	59.676053	0.0	7418057	360	32.8
1642907475.82	32800	59.907626	0.0	7580084	395	32.8
1642907477.94	32800	59.954179	0.0	7306910	492	32.8
1642907480.55	32800	59.800576	0.0	7790808	466	32.8
1642907491.7	32800	59.518307	0.0	7160738	507	32.8
1642907495.91	32800	57.72441	0.0	7565820	3990	32.8
1642907496.99	11700	58.635526	0.0	2747985	961	-9.400000000000002
1642907497.74	11700	59.888009	0.0	2644475	641	11.7
1642907499.85	11700	59.837322	0.0	2864046	495	11.7
1642907502.33	11700	59.607298	0.0	2785470	866	11.7
1642907504.4	11700	59.760951	0.0	2752189	963	11.7
1642907506.41	11700	59.760962	0.0	2884569	893	11.7
1642907508.53	11700	59.858001	0.0	2854371	506	11.7
1642907511.08	11700	59.904515	0.0	2998361	435	11.7
1642907520.09	11700	59.823124	0.0	3147034	390	11.7
1642907520.44	11700	59.856458	0.0	139786	172	11.7

1642907520.46	11700	59.856458	0.354	139786	0	-92.04
1642907520.47	11700	59.856458	0.0	139786	1	11.7
1642907520.48	11700	59.856458	0.0	139786	1	11.7
1642907520.5	11700	59.856458	0.0	139786	1	11.7
1642907520.89	8200	1.999999	-0.321	546328	2	88.16
1642907521.23	32800	3.673586	0.0	1705511	213	8.199999999999996
1642907521.41	32800	5.485607	0.0	1560846	83	32.8
1642907521.6	32800	7.298099	0.0	1542804	83	32.8
1642907522.48	32800	8.422798	0.0	12166782	669	32.8
1642907523.51	32800	9.384908	0.0	15664097	847	32.8
1642907524.4	32800	10.49672	0.0	15560661	715	32.8
1642907525.28	32800	11.622807	0.0	15851372	692	32.8
1642907529.71	260000	9.561034	0.0	86059829	3307	32.80000000000001
1642907533.35	260000	9.046789	0.0	83431241	3109	260.0
1642907538.57	260000	7.920848	0.0	82198417	4583	260.0
1642907544.88	260000	7.449324	0.0	79299299	5594	260.0
1642907545.85	32800	9.222276	0.0	6249975	759	-194.39999999999998
1642907546.43	32800	11.222276	0.0	6462926	457	32.8
1642907547.17	32800	13.062307	0.0	6930236	605	32.8
1642907547.92	32800	14.821688	0.0	7176786	627	32.8
1642907548.82	32800	16.794807	0.0	6963959	764	32.8
1642907550.1	32800	18.431663	0.0	7320305	1153	32.8
1642907551.34	32800	20.278019	0.0	7420242	1114	32.8
1642907552.06	32800	22.118628	0.0	7455282	581	32.8
1642907553.29	32800	23.7953	0.0	7960895	1097	32.8
1642907553.5	32800	25.7953	0.0	6396912	86	32.8
1642907553.72	32800	27.7953	0.0	7253832	97	32.8
1642907553.96	32800	29.7953	0.0	7034316	84	32.8
1642907554.15	32800	31.7953	0.0	7133512	66	32.8
1642907554.34	32800	33.7953	0.0	7041401	55	32.8
1642907557.11	260000	35.218595	0.0	73938718	2184	32.80000000000001
1642907560.05	260000	36.647564	0.0	73613985	2500	260.0
1642907561.63	260000	38.340602	0.0	69503182	979	260.0
1642907563.67	260000	39.9815	0.0	72822670	1624	260.0
1642907565.56	260000	41.681942	0.0	70991563	1447	260.0
1642907567.28	260000	43.353659	0.0	66218671	1293	260.0
1642907569.3	260000	44.943303	0.0	71469145	1527	260.0
1642907571.17	260000	46.661308	0.0	64074874	1293	260.0
1642907572.98	260000	48.348657	0.0	65041967	1284	260.0
