1642943606.58	8200	1.999999	0.352	546328	248	-91.52
1642943606.87	260000	3.723871	0.0	1757078	97	8.199999999999989
1642943607.06	260000	5.531544	0.0	1560847	17	260.0
1642943607.26	260000	7.329728	0.0	1542805	25	260.0
1642943607.83	32800	8.763358	0.0	12166782	295	-194.39999999999998
1642943608.12	11700	10.475247	0.0	4536725	95	-9.400000000000002
1642943610.65	260000	9.937199	0.0	84756689	1312	11.699999999999989
1642943612.84	260000	9.763439	0.0	85798884	1505	260.0
1642943616.6	260000	8.625372	0.0	86059829	3138	260.0
1642943620.01	260000	7.88624	0.0	83431241	2702	260.0
1642943629.81	260000	8.21634	0.0	82198417	9200	260.0
1642943635.68	260000	9.249893	0.0	79299299	5160	260.0
1642943648.31	260000	9.022828	0.0	75092129	11870	260.0
1642943652.13	152400	10.391505	0.0	45810515	3321	44.80000000000001
1642943654.42	152400	11.996584	0.0	42807747	1809	152.4
1642943656.75	152400	13.549595	0.0	40301174	1946	152.4
1642943661.03	152400	14.523991	0.0	39676104	3927	152.4
1642943665.96	152400	15.902485	0.0	40793176	4555	152.4
1642943671.67	152400	16.927602	0.0	37608977	5367	152.4
1642943674.45	152400	18.402434	0.0	35738670	2307	152.4
1642943677.92	152400	19.792166	0.0	36020729	3047	152.4
1642943681.48	152400	21.317357	0.0	36493721	3187	152.4
1642943690.64	152400	21.491948	0.0	37585290	8795	152.4
1642943695.05	152400	22.681292	0.0	34459282	3975	152.4
1642943698.54	152400	23.993186	0.0	37576374	3139	152.4
1642943700.75	152400	25.308908	0.0	34095545	1851	152.4
1642943702.5	152400	27.075112	0.0	34314045	1414	152.4
1642943704.6	152400	28.483878	0.0	34563011	1739	152.4
1642943709.25	260000	29.119872	0.0	69503182	4108	152.4
1642943714.62	260000	29.50135	0.0	72822670	4799	260.0
1642943735.16	260000	24.423361	0.0	70991563	20003	260.0
1642943745.06	260000	22.876401	0.0	66218671	9157	260.0
1642943750.41	260000	23.158308	0.0	71469145	4784	260.0
1642943754.16	260000	23.515065	0.0	64074874	3252	260.0
1642943757.27	260000	24.697251	0.0	65041967	2573	260.0
1642943760.16	260000	25.797949	0.0	65860507	2373	260.0
1642943763.02	260000	26.737028	0.0	60900183	2357	260.0
1642943767.21	260000	27.200825	0.0	65223805	3665	260.0
1642943771.9	260000	27.393209	0.0	61492275	4085	260.0
1642943776.45	260000	27.738677	0.0	57534179	3999	260.0
1642943782.89	260000	27.17167	0.0	64191273	5883	260.0
1642943785.14	260000	28.278517	0.0	57421190	1716	260.0
1642943788.72	260000	29.444715	0.0	60358582	3108	260.0
1642943790.16	260000	31.072388	0.0	60581734	932	260.0
1642943791.99	260000	32.746541	0.0	55686462	1273	260.0
1642943793.71	260000	34.368934	0.0	61687104	1042	260.0
1642943795.21	260000	36.069111	0.0	56994559	1033	260.0
1642943796.96	260000	37.625013	0.0	55162012	1287	260.0
1642943799.08	260000	39.141154	0.0	63612323	1601	260.0
1642943800.81	260000	40.942623	0.0	53712380	1271	260.0
1642943802.7	260000	42.496328	0.0	59826276	1410	260.0
1642943804.61	260000	44.122623	0.0	58861434	1362	260.0
