1642921367.47	8200	1.999999	0.353	546328	248	-91.78
1642921367.82	260000	3.661107	0.0	1757078	168	8.199999999999989
1642921368.05	260000	5.423645	0.0	1560847	65	260.0
1642921368.29	260000	7.18265	0.0	1542805	60	260.0
1642921369.04	32800	8.433084	0.0	12166782	472	-194.39999999999998
1642921369.95	32800	9.528658	0.0	15664097	644	32.8
1642921373.64	152400	7.834435	0.0	68626847	2724	32.80000000000001
1642921377.24	152400	6.746783	0.0	72320713	2920	152.4
1642921381.0	152400	6.642564	0.0	70827999	3132	152.4
1642921384.03	152400	7.743388	0.0	51846012	2470	152.4
1642921386.71	152400	9.12437	0.0	57184643	2229	152.4
1642921389.2	152400	10.585949	0.0	48821461	2063	152.4
1642921392.87	260000	11.873375	0.0	75092129	3099	152.4
1642921396.66	260000	12.974122	0.0	78844622	3195	260.0
1642921400.27	260000	14.389702	0.0	77654479	3048	260.0
1642921404.23	260000	15.631072	0.0	75220977	3400	260.0
1642921408.68	260000	16.599972	0.0	79740890	3911	260.0
1642921417.65	260000	16.403821	0.0	78574581	8215	260.0
1642921423.8	260000	16.804958	0.0	78901633	5301	260.0
1642921429.29	260000	17.358893	0.0	79414941	4863	260.0
1642921431.17	260000	18.864621	0.0	73704781	1322	260.0
1642921432.72	260000	20.372531	0.0	80783826	997	260.0
1642921434.23	260000	22.008984	0.0	77638812	981	260.0
1642921435.78	260000	23.765567	0.0	74749470	1022	260.0
1642921437.24	260000	25.3554	0.0	75910911	988	260.0
1642921438.99	260000	27.046038	0.0	74070687	1214	260.0
1642921440.71	260000	28.659122	0.0	73938718	1131	260.0
1642921442.87	260000	30.064815	0.0	73613985	1374	260.0
1642921444.66	260000	31.897922	0.0	69503182	1257	260.0
1642921446.68	260000	33.493776	0.0	72822670	1267	260.0
1642921448.58	260000	35.208451	0.0	70991563	1214	260.0
1642921450.28	260000	36.812215	0.0	66218671	1155	260.0
1642921452.22	260000	38.466221	0.0	71469145	1247	260.0
1642921454.33	260000	40.034737	0.0	64074874	1591	260.0
1642921458.12	260000	41.397969	0.0	65041967	3307	260.0
1642921466.09	260000	41.804546	0.0	65860507	7342	260.0
1642921475.41	260000	42.383476	0.0	60900183	8750	260.0
1642921485.66	260000	42.371479	0.0	65223805	9639	260.0
1642921489.71	260000	43.700995	0.0	61492275	3482	260.0
1642921491.46	260000	45.345588	0.0	57534179	1275	260.0
1642921493.56	260000	46.863787	0.0	64191273	1478	260.0
1642921495.23	260000	48.692763	0.0	57421190	1213	260.0
1642921497.26	260000	50.262153	0.0	60358582	1542	260.0
1642921499.66	260000	51.806908	0.0	60581734	1917	260.0
1642921501.78	260000	53.473623	0.0	55686462	1728	260.0
1642921504.07	260000	54.998013	0.0	61687104	1739	260.0
1642921506.09	260000	56.648838	0.0	56994559	1598	260.0
1642921508.18	260000	58.168771	0.0	55162012	1516	260.0
1642921510.36	260000	59.863017	0.0	63612323	1653	260.0
1642921520.58	260000	59.781795	0.0	53712380	1289	260.0
1642921529.16	260000	59.94742	0.0	59826276	2093	260.0
1642921540.67	260000	59.984252	0.0	58861434	3937	260.0
1642921551.55	260000	59.995327	0.0	53320981	3906	260.0
1642921566.74	260000	59.165887	0.0	62494429	14475	260.0
