1642845580.8	8200	1.999999	0.273	546328	166	-70.98
1642845581.0	8200	3.802546	0.0	790650	86	8.2
1642845581.12	8200	5.686391	0.0	911646	12	8.2
1642845581.23	8200	7.576338	0.0	844970	9	8.2
1642845581.45	11700	9.351956	0.0	3938957	93	8.2
1642845581.62	11700	11.189784	0.0	4536725	48	11.7
1642845581.84	11700	12.964747	0.0	5378836	83	11.7
1642845582.0	11700	14.809466	0.0	4892753	42	11.7
1642845582.21	11700	16.598135	0.0	5587559	48	11.7
1642845582.66	32800	18.142696	0.0	12381646	232	11.699999999999996
1642845582.97	32800	19.833075	0.0	10179458	164	32.8
1642845583.23	32800	21.581243	0.0	7987681	101	32.8
1642845583.4	32800	23.400835	0.0	6249975	54	32.8
1642845583.58	32800	25.222471	0.0	6462926	54	32.8
1642845583.77	32800	27.037422	0.0	6930236	62	32.8
1642845584.85	152400	27.952075	0.0	40301174	502	32.80000000000001
1642845585.75	152400	29.055826	0.0	39676104	615	152.4
1642845586.66	152400	30.15041	0.0	40793176	547	152.4
1642845587.44	152400	31.363954	0.0	37608977	516	152.4
1642845588.25	152400	32.552121	0.0	35738670	551	152.4
1642845589.17	152400	33.633887	0.0	36020729	577	152.4
1642845590.2	152400	34.60988	0.0	36493721	663	152.4
1642845592.83	260000	34.101936	0.0	77638812	1727	152.4
1642845595.1	260000	33.979399	0.0	74749470	1720	260.0
1642845597.51	260000	33.568812	0.0	75910911	1899	260.0
1642845599.71	260000	33.515635	0.0	74070687	1617	260.0
1642845601.96	260000	34.084211	0.0	73938718	1763	260.0
1642845604.32	260000	34.325309	0.0	73613985	1708	260.0
1642845606.94	260000	34.229431	0.0	69503182	1945	260.0
1642845609.6	260000	33.941378	0.0	72822670	2112	260.0
1642845612.32	260000	33.712132	0.0	70991563	2106	260.0
1642845613.52	152400	34.49697	0.0	31988631	931	44.80000000000001
1642845614.7	152400	35.832311	0.0	34031025	928	152.4
1642845615.9	152400	37.472355	0.0	30869167	933	152.4
1642845617.14	152400	39.109708	0.0	31753337	922	152.4
1642845618.38	152400	40.715576	0.0	34013525	947	152.4
1642845619.4	152400	42.321023	0.0	30739933	777	152.4
1642845620.59	152400	43.846274	0.0	34919429	863	152.4
1642845621.71	152400	45.725369	0.0	34638995	851	152.4
1642845622.67	152400	47.457537	0.0	30969970	698	152.4
1642845623.71	152400	49.135189	0.0	35313058	779	152.4
1642845624.68	152400	50.727727	0.0	32767078	695	152.4
1642845625.64	152400	52.456047	0.0	34143965	695	152.4
1642845626.71	152400	53.945381	0.0	35599566	693	152.4
1642845627.69	152400	55.773952	0.0	31880015	735	152.4
1642845628.86	152400	57.400115	0.0	35467287	874	152.4
1642845630.58	260000	58.738637	0.0	56994559	1287	152.4
1642845632.92	260000	59.833662	0.0	55162012	1441	260.0
1642845638.9	260000	59.816415	0.0	63612323	1532	260.0
1642845644.22	260000	59.688308	0.0	53712380	1423	260.0
1642845650.02	260000	59.9142	0.0	59826276	1861	260.0
1642845655.86	152400	59.760193	0.0	38920703	1513	44.80000000000001
1642845665.83	152400	59.940112	0.0	33588969	1195	152.4
1642845675.93	152400	59.93538	0.0	37188900	1247	152.4
1642845687.49	152400	59.900192	0.0	36607491	1196	152.4
1642845698.54	152400	59.877296	0.0	34872720	1189	152.4
1642845708.67	152400	59.895147	0.0	41004729	1253	152.4
1642845717.81	152400	59.837608	0.0	37213320	1266	152.4
1642845727.9	152400	59.918678	0.0	34267546	1237	152.4
1642845737.5	152400	59.80531	0.0	32823233	1238	152.4
1642845738.03	152400	59.838644	0.0	629903	335	152.4

1642845738.13	32800	59.838644	0.273	296571	2	-70.98
1642845738.14	32800	59.838644	0.0	296571	0	32.8
1642845738.16	32800	59.838644	0.0	296571	1	32.8
1642845738.17	32800	59.838644	0.0	296571	1	32.8
1642845738.76	8200	1.999999	0.023	385365	167	-22.380000000000003
1642845738.78	8200	3.999999	0.0	790650	3	8.2
1642845738.8	8200	5.978848	0.0	911646	2	8.2
1642845738.82	8200	7.961691	0.0	844970	4	8.2
1642845738.88	11700	9.906909	0.0	3938957	12	8.2
1642845738.92	11700	11.86178	0.0	4536725	11	11.7
1642845738.98	11700	13.802367	0.0	5378836	14	11.7
1642845739.03	11700	15.757772	0.0	4892753	11	11.7
1642845739.07	11700	17.71399	0.0	5587559	11	11.7
1642845739.19	32800	19.593443	0.0	12381646	26	11.699999999999996
1642845739.27	32800	21.514436	0.0	10179458	21	32.8
1642845739.33	32800	23.452098	0.0	7987681	17	32.8
1642845739.39	32800	25.39116	0.0	6249975	24	32.8
1642845739.44	32800	27.340554	0.0	6462926	14	32.8
1642845739.5	32800	29.28644	0.0	6930236	18	32.8
1642845742.82	152400	27.959744	0.0	40301174	2862	32.80000000000001
1642845743.63	32800	29.152184	0.0	6963959	677	-86.8
1642845744.1	32800	30.682908	0.0	7320305	340	32.8
1642845744.58	32800	32.205936	0.0	7420242	346	32.8
1642845745.05	32800	33.730117	0.0	7455282	348	32.8
1642845745.56	32800	35.225953	0.0	7960895	370	32.8
1642845745.96	32800	36.82267	0.0	6396912	279	32.8
1642845746.41	32800	38.376652	0.0	7253832	317	32.8
1642845746.87	32800	39.910002	0.0	7034316	339	32.8
1642845747.36	32800	41.426555	0.0	7133512	355	32.8
1642845747.8	32800	42.986637	0.0	7041401	312	32.8
1642845748.22	32800	44.561793	0.0	7143328	294	32.8
1642845748.65	32800	46.134769	0.0	7338535	299	32.8
1642845749.03	32800	47.924961	0.0	6896645	254	32.8
1642845749.41	32800	49.551346	0.0	6714054	247	32.8
1642845749.78	32800	51.176118	0.0	7018701	249	32.8
1642845750.15	32800	52.810301	0.0	6838204	238	32.8
1642845750.52	32800	54.439775	0.0	6922846	242	32.8
1642845750.9	32800	56.072401	0.0	6926196	254	32.8
1642845752.51	152400	56.846898	0.0	31753337	1328	32.80000000000001
1642845754.91	152400	56.443415	0.0	34013525	2124	152.4
1642845755.18	32800	58.170007	0.0	7011028	144	-86.8
1642845755.46	32800	59.894324	0.0	7307337	149	32.8
1642845757.74	32800	59.858641	0.0	7344127	147	32.8
1642845760.44	32800	59.974292	0.0	7064203	72	32.8
1642845763.19	32800	59.8279	0.0	7516082	122	32.8
1642845765.44	32800	59.994972	0.0	7278398	121	32.8
1642845767.69	32800	59.840725	0.0	7481760	117	32.8
1642845769.97	32800	59.832202	0.0	7871221	130	32.8
1642845771.71	32800	59.955432	0.0	7236548	108	32.8
1642845778.44	32800	59.836967	0.0	7418057	102	32.8
1642845780.95	152400	59.46421	0.0	35220717	1164	32.80000000000001
1642845782.65	152400	59.982623	0.0	32694645	442	152.4
1642845785.51	152400	59.796406	0.0	39805936	542	152.4
1642845787.4	152400	59.888451	0.0	33801477	621	152.4
1642845790.39	152400	59.898007	0.0	36845834	724	152.4
1642845792.93	152400	59.593025	0.0	38920703	759	152.4
1642845794.87	152400	59.59301	0.0	33588969	688	152.4
1642845796.93	152400	59.819468	0.0	37188900	763	152.4
1642845799.19	260000	59.778698	0.0	53458888	1187	152.4
1642845801.27	260000	59.536966	0.0	53798130	1622	260.0
1642845803.55	260000	59.425203	0.0	61358299	1848	260.0
1642845805.44	152400	59.802412	0.0	37213320	1102	44.80000000000001
1642845807.74	152400	59.753385	0.0	34267546	1009	152.4
1642845809.96	152400	59.820907	0.0	32823233	936	152.4
1642845809.98	152400	59.724542	0.0	629903	2	152.4

1642845810.36	8200	1.999999	0.14	1048506	26	-36.4
1642845810.38	8200	3.999999	0.0	790650	3	8.2
1642845810.39	8200	5.999999	0.0	911646	2	8.2
1642845810.41	8200	7.987556	0.0	844970	2	8.2
1642845810.46	11700	9.938172	0.0	3938957	8	8.2
1642845810.51	11700	11.888477	0.0	4536725	15	11.7
1642845810.56	11700	13.837899	0.0	5378836	11	11.7
1642845810.6	11700	15.80142	0.0	4892753	8	11.7
1642845810.64	11700	17.76311	0.0	5587559	9	11.7
1642845811.24	32800	19.156168	0.0	12381646	418	11.699999999999996
1642845811.66	32800	20.744527	0.0	10179458	269	32.8
1642845811.99	32800	22.410922	0.0	7987681	189	32.8
1642845812.29	32800	24.111571	0.0	6249975	172	32.8
1642845812.59	32800	25.812617	0.0	6462926	175	32.8
1642845812.89	32800	27.507124	0.0	6930236	179	32.8
1642845814.41	152400	27.995014	0.0	40301174	1037	32.80000000000001
1642845815.79	152400	28.609797	0.0	39676104	1110	152.4
1642845817.08	152400	29.320157	0.0	40793176	953	152.4
1642845818.19	152400	30.207424	0.0	37608977	841	152.4
1642845819.15	152400	31.24915	0.0	35738670	697	152.4
1642845820.06	152400	32.337598	0.0	36020729	630	152.4
1642845820.95	152400	33.601684	0.0	36493721	610	152.4
1642845821.83	152400	34.726298	0.0	37585290	600	152.4
1642845822.69	152400	35.870478	0.0	34459282	515	152.4
1642845824.65	260000	35.907317	0.0	75910911	1042	152.4
1642845827.02	260000	35.644482	0.0	74070687	1669	260.0
1642845828.52	260000	36.139564	0.0	73938718	1043	260.0
1642845830.0	260000	37.109075	0.0	73613985	972	260.0
1642845831.32	260000	38.151707	0.0	69503182	890	260.0
1642845833.26	260000	38.749538	0.0	72822670	1451	260.0
1642845835.47	260000	38.837837	0.0	70991563	1550	260.0
1642845837.35	260000	39.272323	0.0	66218671	1284	260.0
1642845839.42	260000	39.507156	0.0	71469145	1624	260.0
1642845841.43	260000	39.581268	0.0	64074874	1378	260.0
1642845843.21	260000	39.863917	0.0	65041967	1365	260.0
1642845845.03	260000	41.451598	0.0	65860507	1359	260.0
1642845846.77	260000	42.860645	0.0	60900183	1209	260.0
1642845848.76	260000	44.172274	0.0	65223805	1407	260.0
1642845850.43	260000	45.665182	0.0	61492275	1274	260.0
1642845851.93	260000	47.132794	0.0	57534179	1107	260.0
1642845853.48	260000	48.461262	0.0	64191273	1117	260.0
1642845854.82	260000	49.81978	0.0	57421190	953	260.0
1642845856.51	260000	51.46254	0.0	60358582	1238	260.0
1642845858.27	260000	52.770247	0.0	60581734	1351	260.0
1642845860.22	260000	54.119456	0.0	55686462	1452	260.0
1642845862.47	260000	55.396636	0.0	61687104	1835	260.0
1642845864.41	260000	56.682839	0.0	56994559	1538	260.0
1642845866.25	260000	57.956624	0.0	55162012	1449	260.0
1642845867.66	152400	59.605067	0.0	39805936	1118	44.80000000000001
1642845871.88	152400	59.792852	0.0	33801477	935	152.4
1642845877.78	152400	59.797624	0.0	36845834	1124	152.4
