1641953550.12	8200	1.999999	0.319	546328	218	-82.94
1641953550.96	260000	3.167223	0.0	1757078	596	8.199999999999989
1641953551.42	260000	4.711009	0.0	1560847	284	260.0
1641953551.87	260000	6.263115	0.0	1542805	268	260.0
1641953556.01	32800	4.123993	0.0	12166782	3850	-194.39999999999998
1641953558.11	8200	4.025302	0.0	3361033	1891	-16.400000000000002
1641953559.09	8200	5.466046	0.0	3920262	753	8.2
1641953560.14	8200	6.686341	0.0	3861716	873	8.2
1641953560.66	8200	8.207043	0.0	3391749	338	8.2
1641953561.78	32800	9.147737	0.0	12381646	897	8.199999999999996
1641953563.28	32800	9.643187	0.0	10179458	1301	32.8
1641953564.28	32800	10.645123	0.0	7987681	799	32.8
1641953565.1	32800	11.828465	0.0	6249975	624	32.8
1641953565.96	32800	12.971689	0.0	6462926	645	32.8
1641953566.59	32800	14.330364	0.0	6930236	440	32.8
1641953569.52	152400	13.721714	0.0	40301174	2444	32.80000000000001
1641953573.16	152400	13.388653	0.0	39676104	3309	152.4
1641953576.69	152400	12.618435	0.0	40793176	3168	152.4
1641953580.34	152400	11.281123	0.0	37608977	3239	152.4
1641953582.89	152400	11.007946	0.0	35738670	2186	152.4
1641953586.14	152400	11.434708	0.0	36020729	2885	152.4
1641953590.88	152400	12.098837	0.0	36493721	4311	152.4
1641953594.05	152400	13.13535	0.0	37585290	2831	152.4
1641953598.47	152400	13.624163	0.0	34459282	4104	152.4
1641953602.81	152400	14.124038	0.0	37576374	4023	152.4
1641953604.98	152400	15.275315	0.0	34095545	1836	152.4
1641953607.86	152400	16.209333	0.0	34314045	2553	152.4
1641953608.9	152400	17.811127	0.0	34563011	711	152.4
1641953609.91	152400	19.508958	0.0	31292175	609	152.4
1641953615.3	260000	19.489637	0.0	72822670	4589	152.4
1641953618.49	260000	20.309384	0.0	70991563	2508	260.0
1641953622.06	260000	21.138436	0.0	66218671	2883	260.0
1641953626.25	260000	21.637437	0.0	71469145	3600	260.0
1641953629.04	260000	22.728712	0.0	64074874	2132	260.0
1641953630.21	260000	24.213414	0.0	65041967	605	260.0
1641953631.54	260000	25.762789	0.0	65860507	706	260.0
1641953632.61	260000	27.425348	0.0	60900183	658	260.0
1641953633.82	260000	28.918457	0.0	65223805	747	260.0
1641953635.16	260000	30.343415	0.0	61492275	949	260.0
1641953636.55	260000	31.812074	0.0	57534179	1002	260.0
1641953637.99	260000	33.506276	0.0	64191273	1029	260.0
1641953639.51	260000	34.889863	0.0	57421190	1136	260.0
1641953641.19	260000	36.170396	0.0	60358582	1251	260.0
1641953642.92	260000	37.532709	0.0	60581734	1213	260.0
1641953644.7	260000	38.877478	0.0	55686462	1303	260.0
1641953646.52	260000	40.107813	0.0	61687104	1341	260.0
1641953648.21	260000	41.592177	0.0	56994559	1224	260.0
1641953650.01	260000	42.7184	0.0	55162012	1182	260.0
1641953652.01	260000	44.053525	0.0	63612323	1392	260.0
1641953653.72	260000	45.491325	0.0	53712380	1246	260.0
1641953657.34	260000	45.909656	0.0	59826276	3023	260.0
1641953660.46	260000	46.982262	0.0	58861434	2661	260.0
1641953662.96	260000	47.839942	0.0	53320981	2061	260.0
1641953665.56	260000	49.36249	0.0	62494429	2117	260.0
1641953668.07	260000	50.89968	0.0	53458888	1907	260.0
1641953670.54	260000	52.418038	0.0	53798130	2023	260.0
1641953674.59	260000	53.61689	0.0	61358299	3544	260.0
1641953677.09	260000	54.993214	0.0	50406269	2099	260.0
1641953679.32	260000	56.438192	0.0	43226513	1837	260.0
1641953681.48	260000	58.015929	0.0	35938085	1852	260.0
1641953681.63	260000	58.049263	0.0	631698	28	260.0

1641953682.18	8200	1.999999	0.23	385365	135	-59.8
1641953682.29	260000	3.915573	0.0	1757078	5	8.199999999999989
1641953682.38	260000	5.822534	0.0	1560847	4	260.0
1641953682.47	260000	7.731338	0.0	1542805	4	260.0
1641953682.7	32800	9.511398	0.0	12166782	28	-194.39999999999998
1641953685.29	32800	8.915877	0.0	15664097	2337	32.8
1641953685.84	32800	10.366011	0.0	15560661	301	32.8
1641953686.23	32800	11.976368	0.0	15851372	128	32.8
1641953686.56	32800	13.643512	0.0	14688721	112	32.8
1641953686.73	32800	15.472611	0.0	12381646	21	32.8
1641953688.25	152400	15.960144	0.0	57184643	779	32.80000000000001
1641953690.31	260000	15.93512	0.0	79299299	1168	152.4
1641953692.42	260000	16.591343	0.0	75092129	1548	260.0
1641953695.11	260000	16.79509	0.0	78844622	1942	260.0
1641953697.56	260000	17.186429	0.0	77654479	1847	260.0
1641953700.36	260000	17.563633	0.0	75220977	2212	260.0
1641953703.27	260000	17.879748	0.0	79740890	2351	260.0
1641953706.2	260000	17.869884	0.0	78574581	2179	260.0
1641953711.26	260000	17.384961	0.0	78901633	4585	260.0
1641953717.56	260000	17.865478	0.0	79414941	5597	260.0
1641953720.84	260000	19.337165	0.0	73704781	2636	260.0
1641953725.83	260000	20.513742	0.0	80783826	4504	260.0
1641953730.0	260000	21.639581	0.0	77638812	3641	260.0
1641953735.75	260000	22.404344	0.0	74749470	5155	260.0
1641953740.09	260000	23.568752	0.0	75910911	3688	260.0
1641953745.03	260000	24.607148	0.0	74070687	4423	260.0
1641953751.35	260000	25.608742	0.0	73938718	5725	260.0
1641953759.58	260000	25.902039	0.0	73613985	7696	260.0
1641953763.31	260000	27.289891	0.0	69503182	3138	260.0
1641953770.08	260000	27.982585	0.0	72822670	6209	260.0
1641953778.38	260000	28.6567	0.0	70991563	7655	260.0
1641953785.68	260000	29.178992	0.0	66218671	6507	260.0
1641953800.95	260000	28.294417	0.0	71469145	14591	260.0
1641953804.26	152400	29.718404	0.0	30869167	2988	44.80000000000001
1641953806.36	152400	31.246594	0.0	31753337	1778	152.4
1641953810.14	152400	32.699306	0.0	34013525	3437	152.4
1641953813.31	152400	33.794324	0.0	30739933	2857	152.4
1641953815.87	152400	35.475978	0.0	34919429	2232	152.4
1641953820.96	260000	36.284697	0.0	61492275	4618	152.4
1641953826.27	260000	37.398484	0.0	57534179	4787	260.0
1641953833.03	260000	38.329565	0.0	64191273	5994	260.0
1641953840.5	260000	38.893454	0.0	57421190	7014	260.0
1641953844.51	260000	40.029536	0.0	60358582	3426	260.0
1641953847.38	260000	41.499632	0.0	60581734	2280	260.0
1641953849.06	260000	43.282764	0.0	55686462	1253	260.0
