1642373288.89	8200	1.999999	0.354	546328	250	-92.04
1642373289.25	260000	3.647681	0.0	1757078	170	8.199999999999989
1642373289.49	260000	5.40431	0.0	1560847	60	260.0
1642373289.73	260000	7.165129	0.0	1542805	64	260.0
1642373290.49	32800	8.408545	0.0	12166782	500	-194.39999999999998
1642373291.34	32800	9.555078	0.0	15664097	610	32.8
1642373294.79	152400	8.110668	0.0	68626847	2682	32.80000000000001
1642373298.59	152400	6.759946	0.0	72320713	3009	152.4
1642373302.42	152400	6.542411	0.0	70827999	3238	152.4
1642373304.97	152400	7.742491	0.0	51846012	2135	152.4
1642373308.02	152400	9.123529	0.0	57184643	2596	152.4
1642373310.32	152400	10.684285	0.0	48821461	1900	152.4
1642373314.11	260000	11.957773	0.0	75092129	3265	152.4
1642373318.06	260000	13.325188	0.0	78844622	3247	260.0
1642373321.79	260000	14.5458	0.0	77654479	3051	260.0
1642373325.45	260000	15.835841	0.0	75220977	3176	260.0
1642373329.68	260000	16.986733	0.0	79740890	3668	260.0
1642373339.04	260000	17.017996	0.0	78574581	8774	260.0
1642373345.95	260000	17.26642	0.0	78901633	6082	260.0
1642373351.37	260000	17.802203	0.0	79414941	4764	260.0
1642373353.21	260000	19.239893	0.0	73704781	1267	260.0
1642373354.99	260000	20.778448	0.0	80783826	1232	260.0
1642373356.66	260000	22.308083	0.0	77638812	1118	260.0
1642373358.66	260000	23.722422	0.0	74749470	1469	260.0
1642373361.07	260000	25.302369	0.0	75910911	1702	260.0
1642373363.15	260000	26.985132	0.0	74070687	1599	260.0
1642373365.57	260000	28.516718	0.0	73938718	1691	260.0
1642373368.4	260000	29.787302	0.0	73613985	2170	260.0
1642373370.89	260000	31.502134	0.0	69503182	1880	260.0
1642373373.46	260000	33.12886	0.0	72822670	1899	260.0
1642373375.83	260000	34.639142	0.0	70991563	1852	260.0
1642373379.39	260000	35.806979	0.0	66218671	2968	260.0
1642373386.99	260000	36.633238	0.0	71469145	7073	260.0
1642373397.38	260000	36.798238	0.0	64074874	9801	260.0
1642373406.39	260000	37.038027	0.0	65041967	8456	260.0
1642373411.75	260000	38.221699	0.0	65860507	4825	260.0
1642373413.29	260000	39.952936	0.0	60900183	1104	260.0
1642373414.97	260000	41.579279	0.0	65223805	1057	260.0
1642373416.51	260000	43.222857	0.0	61492275	930	260.0
1642373417.9	260000	45.08173	0.0	57534179	947	260.0
1642373419.44	260000	46.790324	0.0	64191273	1049	260.0
1642373420.83	260000	48.369256	0.0	57421190	856	260.0
1642373423.02	260000	50.077123	0.0	60358582	1754	260.0
1642373424.47	260000	51.881729	0.0	60581734	1013	260.0
1642373425.87	260000	53.586637	0.0	55686462	865	260.0
1642373427.44	260000	55.297222	0.0	61687104	1144	260.0
1642373429.06	260000	56.940987	0.0	56994559	1220	260.0
1642373430.64	260000	58.629979	0.0	55162012	1126	260.0
1642373434.34	260000	59.814136	0.0	63612323	1291	260.0
1642373445.88	260000	59.773563	0.0	53712380	1129	260.0
1642373455.85	260000	59.864563	0.0	59826276	5928	260.0
1642373466.37	260000	59.970505	0.0	58861434	2959	260.0
1642373477.93	260000	59.592208	0.0	53320981	6026	260.0
1642373491.65	260000	59.307316	0.0	62494429	13127	260.0
1642373500.06	260000	59.594314	0.0	53458888	8013	260.0
1642373509.19	260000	59.880142	0.0	53798130	3499	260.0
1642373519.36	260000	59.874306	0.0	61358299	2961	260.0
1642373528.33	260000	59.891438	0.0	50406269	3364	260.0
1642373538.46	260000	59.982413	0.0	43226513	2177	260.0
1642373548.27	260000	59.79804	0.0	35938085	1861	260.0
1642373548.83	260000	59.831374	0.0	631698	342	260.0

1642373549.3	8200	1.999999	0.148	385365	19	-38.48
1642373549.46	260000	3.897416	0.0	1757078	12	8.199999999999989
1642373549.55	260000	5.808798	0.0	1560847	5	260.0
1642373549.7	260000	7.655809	0.0	1542805	6	260.0
1642373554.66	260000	4.701404	0.0	83554460	3613	260.0
1642373558.67	260000	3.6229	0.0	88770741	3378	260.0
1642373562.86	260000	4.998034	0.0	84756689	3491	260.0
1642373566.74	152400	6.307767	0.0	72320713	3282	44.80000000000001
1642373573.44	152400	7.201473	0.0	70827999	6171	152.4
1642373580.94	152400	7.988349	0.0	51846012	7007	152.4
1642373583.81	152400	9.593219	0.0	57184643	2314	152.4
1642373587.99	152400	10.646031	0.0	48821461	3570	152.4
