1642376573.88	8200	1.999999	0.357	546328	254	-92.82
1642376574.38	260000	3.510708	0.0	1757078	305	8.199999999999989
1642376575.02	260000	4.873577	0.0	1560847	456	260.0
1642376575.7	260000	6.191013	0.0	1542805	489	260.0
1642376578.22	32800	5.671903	0.0	12166782	2254	-194.39999999999998
1642376584.74	32800	2.435949	0.83	15664097	6279	-183.0
1642376585.83	11700	3.744676	0.0	5378836	807	-9.400000000000002
1642376586.37	11700	5.431691	0.0	4892753	342	11.7
1642376588.31	32800	6.302196	0.0	14688721	1714	11.699999999999996
1642376589.78	32800	6.979867	0.0	12381646	1237	32.8
1642376590.31	11700	8.450761	0.0	3375218	338	-9.400000000000002
1642376590.71	11700	10.044531	0.0	2615238	222	11.7
1642376593.94	152400	9.224588	0.0	44466772	2557	11.700000000000017
1642376598.27	152400	8.262586	0.0	45810515	3874	152.4
1642376601.72	152400	6.84997	0.0	42807747	3090	152.4
1642376605.69	152400	7.118213	0.0	40301174	3559	152.4
1642376608.18	152400	8.347913	0.0	39676104	2126	152.4
1642376612.26	152400	9.377242	0.0	40793176	3695	152.4
1642376616.92	152400	9.939195	0.0	37608977	4292	152.4
1642376620.21	152400	10.969354	0.0	35738670	2876	152.4
1642376625.18	152400	11.628715	0.0	36020729	4593	152.4
1642376628.49	152400	12.585924	0.0	36493721	2957	152.4
1642376631.31	152400	13.782962	0.0	37585290	2436	152.4
1642376636.5	152400	13.82	0.0	34459282	4851	152.4
1642376641.42	152400	14.342521	0.0	37576374	2579	152.4
1642376642.91	152400	15.827009	0.0	34095545	1149	152.4
1642376644.61	152400	17.188588	0.0	34314045	1348	152.4
1642376649.05	260000	17.531539	0.0	73613985	3527	152.4
1642376653.12	260000	17.955748	0.0	69503182	3544	260.0
1642376654.7	260000	19.512758	0.0	72822670	1015	260.0
1642376656.0	260000	20.901147	0.0	70991563	811	260.0
1642376657.36	260000	22.445762	0.0	66218671	919	260.0
1642376659.31	260000	23.820256	0.0	71469145	1431	260.0
1642376661.02	260000	25.252426	0.0	64074874	1238	260.0
1642376662.73	260000	26.467892	0.0	65041967	1212	260.0
1642376664.82	260000	27.708365	0.0	65860507	1631	260.0
1642376667.0	260000	29.032996	0.0	60900183	1712	260.0
1642376669.34	260000	30.085806	0.0	65223805	1795	260.0
1642376671.44	260000	31.273282	0.0	61492275	1615	260.0
1642376673.38	260000	32.422502	0.0	57534179	1470	260.0
1642376675.45	260000	33.724912	0.0	64191273	1579	260.0
1642376677.28	260000	35.064539	0.0	57421190	1322	260.0
1642376679.71	260000	36.086433	0.0	60358582	1871	260.0
1642376684.04	260000	36.489212	0.0	60581734	3911	260.0
1642376686.73	260000	37.526977	0.0	55686462	2151	260.0
1642376689.48	260000	38.570451	0.0	61687104	2288	260.0
1642376691.94	260000	39.820867	0.0	56994559	1995	260.0
1642376694.5	260000	41.229371	0.0	55162012	2086	260.0
1642376697.55	260000	42.660836	0.0	63612323	2546	260.0
1642376701.29	260000	44.004216	0.0	53712380	3169	260.0
1642376704.33	260000	45.492181	0.0	59826276	2569	260.0
1642376710.31	260000	46.191673	0.0	58861434	5471	260.0
1642376752.22	260000	39.517516	0.0	53320981	10189	260.0
1642376755.5	260000	40.844028	0.0	62494429	2846	260.0
1642376760.08	260000	41.78519	0.0	53458888	4128	260.0
1642376762.98	260000	43.12221	0.0	53798130	2441	260.0
1642376767.49	260000	44.034336	0.0	61358299	4102	260.0
1642376770.06	260000	45.467854	0.0	50406269	2141	260.0
1642376773.31	260000	46.677323	0.0	43226513	2904	260.0
1642376776.89	260000	48.052962	0.0	35938085	3313	260.0
1642376777.06	260000	48.05372	0.0	631698	43	260.0

1642376777.18	11700	47.958448	1.187	139786	10	-308.62
1642376777.24	260000	47.958448	0.0	631698	2	11.699999999999989
1642376777.99	8200	1.999999	-0.65	2049018	426	-74.60000000000002
1642376778.1	260000	3.924177	0.0	1757078	4	8.199999999999989
1642376778.19	260000	5.830171	0.0	1560847	3	260.0
1642376778.29	260000	7.73325	0.0	1542805	4	260.0
1642376786.26	152400	1.917314	0.0	68504102	6900	44.80000000000001
1642376786.62	11700	3.765973	0.0	4536725	159	-129.0
1642376792.98	152400	4.549448	0.0	68626847	5727	11.700000000000017
1642376800.6	152400	3.522029	0.0	72320713	6816	152.4
1642376800.79	32800	5.522029	0.0	14688721	23	-86.8
1642376800.94	32800	7.522029	0.0	12381646	23	32.8
1642376807.8	152400	8.133335	0.0	57184643	6261	32.80000000000001
1642376815.16	152400	8.821934	0.0	48821461	6963	152.4
1642376825.73	152400	5.792305	0.0	44466772	10179	152.4
1642376830.23	152400	6.806676	0.0	45810515	3991	152.4
1642376834.4	152400	7.696711	0.0	42807747	3840	152.4
1642376838.21	152400	8.919203	0.0	40301174	3412	152.4
1642376841.05	152400	9.825374	0.0	39676104	2498	152.4
1642376844.98	152400	10.865075	0.0	40793176	3540	152.4
1642376847.38	152400	12.114038	0.0	37608977	2050	152.4
1642376851.87	152400	12.759219	0.0	35738670	4153	152.4
1642376855.58	152400	13.647605	0.0	36020729	3376	152.4
1642376859.29	152400	14.422236	0.0	36493721	3365	152.4
1642376864.23	152400	14.897605	0.0	37585290	4613	152.4
1642376866.78	152400	15.861966	0.0	34459282	2216	152.4
1642376869.34	152400	16.972638	0.0	37576374	2226	152.4
1642376871.34	152400	18.202814	0.0	34095545	1661	152.4
1642376872.28	152400	19.943394	0.0	34314045	647	152.4
