1642372647.95	8200	1.999999	0.521	546328	415	-135.46
1642372648.63	11700	3.325987	0.0	1102047	495	8.2
1642372649.02	11700	4.934797	0.0	1111083	217	11.7
1642372649.39	11700	6.562325	0.0	1066380	188	11.7
1642372650.67	11700	7.28026	0.0	3938957	1083	11.7
1642372651.34	11700	8.607936	0.0	4536725	482	11.7
1642372652.92	32800	9.038273	0.0	15560661	1303	11.699999999999996
1642372654.86	32800	9.094505	0.0	15851372	1702	32.8
1642372656.56	32800	9.436619	0.0	14688721	1469	32.8
1642372656.84	4900	11.198097	0.0	1576185	101	-23.0
1642372662.18	152400	8.848127	0.0	57184643	4549	4.900000000000006
1642372666.46	152400	7.996716	0.0	48821461	3884	152.4
1642372669.92	152400	7.434902	0.0	44466772	3063	152.4
1642372673.49	152400	7.591099	0.0	45810515	3196	152.4
1642372677.31	152400	8.599519	0.0	42807747	3436	152.4
1642372682.3	152400	9.142572	0.0	40301174	4624	152.4
1642372685.83	152400	10.173498	0.0	39676104	3104	152.4
1642372691.39	152400	10.520703	0.0	40793176	5215	152.4
1642372694.72	152400	11.516158	0.0	37608977	2863	152.4
1642372697.23	152400	12.716339	0.0	35738670	2117	152.4
1642372699.23	152400	14.082683	0.0	36020729	1632	152.4
1642372700.25	152400	15.82767	0.0	36493721	683	152.4
1642372701.5	152400	17.388754	0.0	37585290	911	152.4
1642372707.88	260000	17.674803	0.0	74749470	5796	152.4
1642372711.36	260000	18.50348	0.0	75910911	2965	260.0
1642372715.49	260000	19.026355	0.0	74070687	3635	260.0
1642372719.2	260000	19.708105	0.0	73938718	3172	260.0
1642372721.3	260000	21.021514	0.0	73613985	1480	260.0
1642372722.56	260000	22.644796	0.0	69503182	839	260.0
1642372724.13	260000	23.997887	0.0	72822670	936	260.0
1642372725.44	260000	25.593996	0.0	70991563	874	260.0
1642372726.91	260000	27.128356	0.0	66218671	865	260.0
1642372728.97	260000	28.46071	0.0	71469145	1385	260.0
1642372730.82	260000	29.797899	0.0	64074874	1424	260.0
1642372732.66	260000	31.003058	0.0	65041967	1373	260.0
1642372734.8	260000	32.198649	0.0	65860507	1601	260.0
1642372736.49	260000	33.620323	0.0	60900183	1274	260.0
1642372738.39	260000	35.13961	0.0	65223805	1374	260.0
1642372740.2	260000	36.375062	0.0	61492275	1290	260.0
1642372742.0	260000	37.844855	0.0	57534179	1210	260.0
1642372743.76	260000	39.354132	0.0	64191273	1347	260.0
1642372746.3	260000	40.332414	0.0	57421190	2065	260.0
1642372750.48	260000	40.759114	0.0	60358582	3727	260.0
1642372753.29	260000	41.767699	0.0	60581734	2328	260.0
1642372755.58	260000	43.466015	0.0	55686462	1924	260.0
1642372758.26	260000	44.799671	0.0	61687104	2182	260.0
1642372760.83	260000	46.271275	0.0	56994559	2153	260.0
1642372763.52	260000	47.868939	0.0	55162012	2296	260.0
1642372767.43	260000	49.030685	0.0	63612323	3443	260.0
1642372770.11	260000	50.662965	0.0	53712380	2314	260.0
1642372776.0	260000	51.592572	0.0	59826276	5427	260.0
1642372777.92	260000	53.19174	0.0	58861434	1370	260.0
1642372779.06	260000	55.039817	0.0	53320981	731	260.0
1642372780.85	260000	56.707736	0.0	62494429	1265	260.0
1642372782.25	260000	58.390074	0.0	53458888	1017	260.0
1642372783.65	260000	59.998614	0.0	53798130	963	260.0
1642372794.81	260000	59.812332	0.0	61358299	1113	260.0
1642372804.13	260000	59.946088	0.0	50406269	1345	260.0
1642372814.31	260000	59.903394	0.0	43226513	3701	260.0
1642372824.22	260000	59.797043	0.0	35938085	2984	260.0
1642372824.77	260000	59.830377	0.0	631698	344	260.0

1642372824.89	11700	59.830377	0.521	139786	7	-135.46
1642372824.95	260000	59.830377	0.0	631698	1	11.699999999999989
1642372825.67	8200	1.999999	-0.035	2049018	371	-234.5
1642372825.95	260000	3.750019	0.0	1757078	85	8.199999999999989
1642372826.2	260000	5.505846	0.0	1560847	62	260.0
1642372826.44	260000	7.263789	0.0	1542805	61	260.0
1642372830.29	152400	5.41373	0.0	68504102	2846	44.80000000000001
1642372834.71	152400	3.858492	0.0	56494032	3976	152.4
1642372838.8	152400	4.908793	0.0	68626847	3517	152.4
1642372845.66	152400	5.647925	0.0	72320713	6099	152.4
1642372852.42	152400	6.073162	0.0	70827999	6129	152.4
1642372858.36	152400	6.835973	0.0	51846012	5334	152.4
1642372863.12	152400	7.884362	0.0	57184643	4319	152.4
1642372868.99	152400	8.687639	0.0	48821461	5462	152.4
1642372873.81	152400	9.840737	0.0	44466772	4423	152.4
1642372880.82	152400	10.460326	0.0	45810515	6628	152.4
1642372890.68	152400	9.86568	0.0	42807747	9359	152.4
1642372895.03	152400	10.995365	0.0	40301174	4010	152.4
1642372897.64	152400	12.326938	0.0	39676104	2253	152.4
1642372901.64	152400	13.364528	0.0	40793176	3638	152.4
1642372904.99	152400	14.59321	0.0	37608977	3033	152.4
1642372908.03	152400	15.56974	0.0	35738670	2738	152.4
1642372910.99	152400	16.612358	0.0	36020729	2659	152.4
1642372913.42	152400	17.835274	0.0	36493721	2103	152.4
1642372918.22	152400	18.430819	0.0	37585290	4447	152.4
1642372921.6	152400	19.387773	0.0	34459282	3059	152.4
1642372925.63	152400	20.179689	0.0	37576374	3726	152.4
1642372930.07	152400	20.715651	0.0	34095545	4098	152.4
1642372932.63	152400	21.841847	0.0	34314045	2183	152.4
1642372934.95	152400	23.181175	0.0	34563011	2010	152.4
1642372937.91	260000	24.101281	0.0	69503182	2498	152.4
1642372942.94	260000	24.467856	0.0	72822670	4432	260.0
1642372946.54	260000	25.246491	0.0	70991563	2944	260.0
