1642377211.09	8200	1.999999	0.361	546328	249	-93.86
1642377211.44	260000	3.650525	0.0	1757078	167	8.199999999999989
1642377211.69	260000	5.407427	0.0	1560847	64	260.0
1642377211.93	260000	7.165873	0.0	1542805	59	260.0
1642377212.66	32800	8.429136	0.0	12166782	473	-194.39999999999998
1642377213.56	32800	9.536601	0.0	15664097	643	32.8
1642377217.33	152400	7.771706	0.0	68626847	2725	32.80000000000001
1642377221.21	152400	6.407879	0.0	72320713	3059	152.4
1642377224.98	152400	6.120413	0.0	70827999	3232	152.4
1642377227.47	152400	7.625251	0.0	51846012	2036	152.4
1642377230.72	152400	8.823814	0.0	57184643	2790	152.4
1642377233.06	152400	10.311277	0.0	48821461	1899	152.4
1642377237.12	260000	11.564568	0.0	75092129	3254	152.4
1642377240.94	260000	12.673726	0.0	78844622	3246	260.0
1642377244.62	260000	13.897074	0.0	77654479	2905	260.0
1642377248.47	260000	15.247039	0.0	75220977	3108	260.0
1642377252.79	260000	16.307137	0.0	79740890	3650	260.0
1642377261.09	260000	16.221413	0.0	78574581	7744	260.0
1642377268.65	260000	16.424308	0.0	78901633	6900	260.0
1642377274.13	260000	16.96101	0.0	79414941	4709	260.0
1642377276.06	260000	18.238309	0.0	73704781	1371	260.0
1642377277.52	260000	20.089519	0.0	80783826	898	260.0
1642377279.14	260000	21.890055	0.0	77638812	1037	260.0
1642377280.71	260000	23.628336	0.0	74749470	1019	260.0
1642377282.32	260000	25.213144	0.0	75910911	955	260.0
1642377283.94	260000	26.936452	0.0	74070687	1121	260.0
1642377285.49	260000	28.539426	0.0	73938718	1050	260.0
1642377287.08	260000	30.238192	0.0	73613985	1047	260.0
1642377288.9	260000	31.829446	0.0	69503182	1188	260.0
1642377290.81	260000	33.485856	0.0	72822670	1392	260.0
1642377292.71	260000	35.060424	0.0	70991563	1308	260.0
1642377294.4	260000	36.750868	0.0	66218671	1204	260.0
1642377296.42	260000	38.552343	0.0	71469145	1333	260.0
1642377298.05	260000	40.227045	0.0	64074874	1143	260.0
1642377300.35	260000	41.880965	0.0	65041967	1625	260.0
1642377304.87	260000	42.948154	0.0	65860507	3870	260.0
1642377311.82	260000	43.599259	0.0	60900183	6460	260.0
1642377321.1	260000	44.043193	0.0	65223805	8805	260.0
1642377331.27	260000	44.218322	0.0	61492275	9592	260.0
1642377335.1	260000	45.565833	0.0	57534179	3389	260.0
1642377336.34	260000	47.302005	0.0	64191273	790	260.0
1642377337.92	260000	48.951356	0.0	57421190	1123	260.0
1642377339.38	260000	50.660158	0.0	60358582	999	260.0
1642377340.65	260000	52.375686	0.0	60581734	758	260.0
1642377341.91	260000	54.226584	0.0	55686462	695	260.0
1642377343.34	260000	56.027344	0.0	61687104	984	260.0
1642377345.04	260000	57.7321	0.0	56994559	1266	260.0
1642377347.01	260000	59.314273	0.0	55162012	1502	260.0
1642377353.97	260000	59.880637	0.0	63612323	1301	260.0
1642377365.64	260000	59.895906	0.0	53712380	1650	260.0
1642377375.34	260000	59.96855	0.0	59826276	2003	260.0
1642377385.57	260000	59.776073	0.0	58861434	3650	260.0
1642377395.47	260000	59.996701	0.0	53320981	3870	260.0
1642377411.0	260000	58.911323	0.0	62494429	14956	260.0
1642377419.86	260000	59.163439	0.0	53458888	8316	260.0
1642377425.09	260000	59.798942	0.0	53798130	3972	260.0
1642377436.42	260000	59.88617	0.0	61358299	3330	260.0
1642377445.77	260000	59.95904	0.0	50406269	4271	260.0
1642377456.77	260000	59.908206	0.0	43226513	2510	260.0
1642377466.57	260000	59.892081	0.0	35938085	1905	260.0
1642377467.12	260000	59.795315	0.0	631698	342	260.0

1642377467.56	8200	1.999999	0.136	385365	19	-35.36
1642377467.76	260000	3.868422	0.0	1757078	4	8.199999999999989
1642377467.85	260000	5.780996	0.0	1560847	4	260.0
1642377467.94	260000	7.690027	0.0	1542805	3	260.0
1642377472.69	260000	4.933532	0.0	83554460	3396	260.0
1642377477.04	260000	3.710807	0.0	88770741	3697	260.0
1642377481.16	260000	4.904491	0.0	84756689	3287	260.0
1642377484.68	152400	6.355041	0.0	72320713	2949	44.80000000000001
1642377488.62	152400	7.588725	0.0	70827999	3352	152.4
1642377491.47	152400	9.211014	0.0	51846012	2417	152.4
1642377497.74	152400	10.119786	0.0	57184643	5723	152.4
1642377504.86	152400	11.01373	0.0	48821461	6615	152.4
1642377506.88	152400	12.625686	0.0	44466772	1644	152.4
1642377510.39	152400	14.000592	0.0	45810515	3128	152.4
