1642372296.45	8200	1.999999	0.485	546328	379	-126.1
1642372297.87	260000	2.588439	0.0	1757078	1230	8.199999999999989
1642372298.59	260000	3.863877	0.0	1560847	544	260.0
1642372299.62	260000	4.835382	0.0	1542805	853	260.0
1642372301.79	11700	4.661718	0.0	3938957	1977	-236.60000000000002
1642372304.58	11700	3.873793	0.0	4536725	2587	11.7
1642372307.32	11700	3.141973	0.0	5378836	2536	11.7
1642372309.11	8200	3.347756	0.0	3861716	1600	4.699999999999999
1642372311.01	8200	3.567397	0.0	3391749	1692	8.2
1642372312.58	8200	4.004171	0.0	2809333	1385	8.2
1642372313.49	8200	5.095223	0.0	2063908	722	8.2
1642372314.0	4900	6.582501	0.0	935051	328	1.6000000000000005
1642372315.77	11700	6.811042	0.0	2255191	1579	4.8999999999999995
1642372316.59	8200	7.998644	0.0	1704148	604	4.699999999999999
1642372319.3	11700	7.282761	0.0	2491394	2522	8.2
1642372322.33	11700	6.257679	0.0	2629283	2841	11.7
1642372325.37	11700	5.210374	0.0	2662617	2862	11.7
1642372328.47	11700	4.113968	0.0	2614451	2830	11.7
1642372330.97	8200	3.617165	0.0	1872134	2310	4.699999999999999
1642372333.38	4900	3.198008	0.0	1126165	390	1.6000000000000005
1642372333.97	4900	4.612901	0.0	1166756	408	4.9
1642372336.8	11700	3.787534	0.0	2343098	2641	4.8999999999999995
1642372337.56	11700	5.024045	0.0	2430789	579	11.7
1642372338.27	8200	6.316203	0.0	1737147	494	4.699999999999999
1642372339.33	11700	7.252561	0.0	2518802	880	8.2
1642372340.36	11700	8.224801	0.0	2410904	843	11.7
1642372341.71	32800	8.909089	0.0	7143328	1132	11.699999999999996
1642372343.1	32800	9.519424	0.0	7338535	1189	32.8
1642372344.12	32800	10.496121	0.0	6896645	822	32.8
1642372344.54	8200	12.071236	0.0	1691448	234	-16.400000000000002
1642372344.87	4900	13.741622	0.0	1051931	145	1.6000000000000005
1642372345.75	32800	14.865786	0.0	6838204	683	4.899999999999999
1642372348.58	152400	14.040347	0.0	34031025	2399	32.80000000000001
1642372350.46	152400	14.159543	0.0	30869167	1585	152.4
1642372353.23	152400	13.638959	0.0	31753337	2423	152.4
1642372356.88	152400	12.206223	0.0	34013525	3318	152.4
1642372360.96	152400	10.273585	0.0	30739933	3773	152.4
1642372363.93	152400	11.13961	0.0	34919429	2643	152.4
1642372366.25	152400	12.060393	0.0	34638995	1937	152.4
1642372368.11	152400	13.447409	0.0	30969970	1560	152.4
1642372370.03	152400	14.711957	0.0	35313058	1589	152.4
1642372371.88	152400	15.840474	0.0	32767078	1529	152.4
1642372375.84	260000	16.44427	0.0	60358582	3281	152.4
1642372379.57	260000	16.840333	0.0	60581734	3291	260.0
1642372382.38	260000	17.784288	0.0	55686462	2392	260.0
1642372385.14	260000	18.691675	0.0	61687104	2319	260.0
1642372387.93	260000	19.566434	0.0	56994559	2389	260.0
1642372390.9	260000	20.464515	0.0	55162012	2576	260.0
1642372394.28	260000	21.11684	0.0	63612323	2908	260.0
1642372397.31	260000	21.876084	0.0	53712380	2616	260.0
1642372401.49	260000	21.846733	0.0	59826276	3788	260.0
1642372406.71	260000	21.99462	0.0	58861434	4760	260.0
1642372412.46	260000	21.869749	0.0	53320981	5408	260.0
1642372417.75	260000	22.460253	0.0	62494429	4691	260.0
1642372422.09	260000	23.646386	0.0	53458888	3938	260.0
1642372426.32	260000	24.496321	0.0	53798130	3742	260.0
1642372431.65	260000	25.119867	0.0	61358299	4846	260.0
1642372436.03	260000	25.855667	0.0	50406269	3924	260.0
1642372439.89	260000	26.962093	0.0	43226513	3564	260.0
1642372443.54	260000	28.042449	0.0	35938085	3389	260.0
1642372443.72	260000	28.075783	0.0	631698	54	260.0

1642372443.87	11700	28.075783	0.485	139786	12	-126.1
1642372443.93	260000	28.075783	0.0	631698	1	11.699999999999989
1642372444.72	8200	1.999999	0.055	2049018	426	-257.90000000000003
1642372444.83	260000	3.921904	0.0	1757078	7	8.199999999999989
1642372444.92	260000	5.827018	0.0	1560847	3	260.0
1642372445.02	260000	7.728	0.0	1542805	3	260.0
1642372452.19	152400	2.559092	0.0	68504102	6438	44.80000000000001
1642372454.09	32800	3.724368	0.0	15664097	1656	-86.8
1642372455.7	32800	5.341231	0.0	15560661	1371	32.8
1642372456.3	11700	7.232485	0.0	4892753	413	-9.400000000000002
1642372458.07	32800	8.851565	0.0	14688721	1538	11.699999999999996
1642372459.61	32800	10.534507	0.0	12381646	1321	32.8
1642372460.86	32800	12.246477	0.0	10179458	1049	32.8
1642372465.8	152400	11.889098	0.0	48821461	4491	32.80000000000001
1642372468.63	152400	12.13229	0.0	44466772	2427	152.4
1642372471.42	152400	11.769445	0.0	45810515	2389	152.4
1642372473.87	152400	12.072559	0.0	42807747	2069	152.4
1642372476.0	152400	12.809861	0.0	40301174	1771	152.4
1642372478.3	152400	13.054081	0.0	39676104	1844	152.4
1642372482.42	260000	13.402103	0.0	78574581	3411	152.4
1642372487.02	260000	14.081435	0.0	78901633	4098	260.0
1642372493.12	260000	14.23855	0.0	79414941	5604	260.0
1642372498.3	260000	14.711063	0.0	73704781	4646	260.0
1642372502.72	260000	15.48889	0.0	80783826	3850	260.0
1642372506.19	260000	16.576449	0.0	77638812	2977	260.0
1642372509.61	260000	17.38985	0.0	74749470	2886	260.0
1642372512.93	260000	18.335044	0.0	75910911	2861	260.0
1642372516.09	260000	19.368543	0.0	74070687	2458	260.0
1642372519.06	260000	20.327506	0.0	73938718	2279	260.0
1642372531.93	260000	19.838255	0.0	73613985	12405	260.0
1642372578.26	260000	13.481995	0.0	69503182	42856	260.0
1642372583.42	152400	14.512506	0.0	32834126	4747	44.80000000000001
1642372586.25	152400	16.033571	0.0	33877878	2547	152.4
1642372588.21	152400	17.757107	0.0	31988631	1647	152.4
1642372590.95	152400	19.207165	0.0	34031025	2452	152.4
1642372594.23	152400	20.529814	0.0	30869167	2965	152.4
