1641954521.62	8200	1.999999	0.356	546328	252	-92.56
1641954522.05	260000	3.58293	0.0	1757078	178	8.199999999999989
1641954522.35	260000	5.282086	0.0	1560847	122	260.0
1641954522.64	260000	6.990513	0.0	1542805	108	260.0
1641954523.82	32800	7.807958	0.0	12166782	825	-194.39999999999998
1641954525.27	32800	8.361416	0.0	15664097	1132	32.8
1641954526.76	32800	8.868063	0.0	15560661	1243	32.8
1641954529.65	32800	7.975111	0.0	15851372	2639	32.8
1641954531.04	32800	9.172882	0.0	14688721	1148	32.8
1641954532.17	32800	10.247689	0.0	12381646	899	32.8
1641954533.1	32800	11.700985	0.0	10179458	711	32.8
1641954533.85	32800	13.216179	0.0	7987681	515	32.8
1641954534.46	32800	14.830117	0.0	6249975	413	32.8
1641954535.22	32800	16.284142	0.0	6462926	565	32.8
1641954535.96	32800	17.899234	0.0	6930236	538	32.8
1641954540.21	152400	17.433816	0.0	40301174	3707	32.80000000000001
1641954546.69	152400	15.282909	0.0	39676104	6091	152.4
1641954548.41	152400	15.979159	0.0	40793176	1268	152.4
1641954549.27	152400	17.247949	0.0	37608977	469	152.4
1641954550.09	152400	18.779648	0.0	35738670	455	152.4
1641954550.88	152400	20.11296	0.0	36020729	444	152.4
1641954553.21	260000	20.239805	0.0	80783826	1274	152.4
1641954555.07	260000	20.448897	0.0	77638812	1309	260.0
1641954557.18	260000	20.407947	0.0	74749470	1540	260.0
1641954559.33	260000	20.840266	0.0	75910911	1543	260.0
1641954563.03	260000	21.142868	0.0	74070687	3151	260.0
1641954569.13	260000	21.321067	0.0	73938718	5561	260.0
1641954575.14	260000	21.385326	0.0	73613985	5455	260.0
1641954580.33	260000	21.649893	0.0	69503182	4545	260.0
1641954585.09	260000	22.129247	0.0	72822670	4035	260.0
1641954587.74	152400	23.399116	0.0	33877878	2306	44.80000000000001
1641954588.48	152400	25.05142	0.0	31988631	413	152.4
1641954590.18	260000	26.329795	0.0	71469145	965	152.4
1641954612.37	260000	23.171303	0.0	64074874	21662	260.0
1641954613.94	32800	24.831101	0.0	7072104	1283	-194.39999999999998
1641954615.21	32800	26.548503	0.0	7515735	1051	32.8
1641954616.39	32800	28.278415	0.0	7011028	981	32.8
1641954617.78	32800	29.99932	0.0	7307337	1186	32.8
1641954619.18	32800	31.859349	0.0	7344127	1181	32.8
1641954620.37	32800	33.579359	0.0	7064203	993	32.8
1641954622.09	32800	35.227209	0.0	7516082	1526	32.8
1641954623.33	32800	36.953834	0.0	7278398	1042	32.8
1641954624.85	32800	38.678524	0.0	7481760	1308	32.8
1641954626.22	32800	40.387945	0.0	7871221	1176	32.8
1641954631.6	152400	41.190677	0.0	31880015	5047	32.80000000000001
1641954632.84	152400	43.030629	0.0	35467287	897	152.4
1641954633.95	152400	44.767547	0.0	35220717	792	152.4
1641954634.77	152400	46.628103	0.0	32694645	452	152.4
1641954636.46	260000	48.298037	0.0	63612323	1056	152.4
1641954637.83	260000	50.06758	0.0	53712380	868	260.0
1641954639.98	260000	51.599359	0.0	59826276	1521	260.0
1641954641.63	260000	53.327735	0.0	58861434	1190	260.0
1641954643.39	260000	54.808586	0.0	53320981	1127	260.0
1641954645.15	260000	56.535668	0.0	62494429	1275	260.0
1641954646.7	260000	58.259902	0.0	53458888	1090	260.0
1641954648.57	260000	59.579979	0.0	53798130	1445	260.0
1641954659.34	260000	59.811767	0.0	61358299	1699	260.0
1641954669.73	260000	59.804642	0.0	50406269	1416	260.0
1641954678.45	260000	59.909785	0.0	43226513	1261	260.0
1641954689.58	260000	59.831759	0.0	35938085	1242	260.0
1641954690.13	260000	59.707751	0.0	631698	340	260.0

1641954690.59	8200	1.999999	0.111	385365	16	-28.86
1641954690.7	260000	3.903231	0.0	1757078	4	8.199999999999989
1641954690.8	260000	5.804379	0.0	1560847	4	260.0
1641954690.9	260000	7.709663	0.0	1542805	3	260.0
1641954691.11	32800	9.494928	0.0	12166782	20	-194.39999999999998
1641954699.69	260000	3.325977	0.0	88770741	7182	32.80000000000001
1641954700.42	32800	4.714943	0.0	15560661	454	-194.39999999999998
1641954700.61	32800	6.525322	0.0	15851372	31	32.8
1641954700.83	32800	8.353866	0.0	14688721	26	32.8
1641954700.99	32800	10.207397	0.0	12381646	23	32.8
1641954701.13	32800	12.117983	0.0	10179458	20	32.8
1641954709.56	260000	12.774493	0.0	79299299	7839	32.80000000000001
1641954710.65	32800	14.59456	0.0	6249975	807	-194.39999999999998
1641954711.3	32800	16.504769	0.0	6462926	452	32.8
1641954711.94	32800	18.412923	0.0	6930236	439	32.8
1641954712.6	32800	20.25546	0.0	7176786	447	32.8
1641954713.25	32800	22.098273	0.0	6963959	405	32.8
1641954713.89	32800	24.084051	0.0	7320305	426	32.8
1641954721.05	260000	21.657492	0.0	78901633	6408	32.80000000000001
1641954727.68	260000	19.074026	0.0	79414941	6057	260.0
1641954732.94	260000	19.295953	0.0	73704781	4697	260.0
1641954739.25	260000	20.030072	0.0	80783826	5689	260.0
1641954746.59	260000	16.129627	0.0	77638812	6718	260.0
1641954753.67	260000	11.796638	0.0	74749470	6499	260.0
1641954757.92	152400	13.265425	0.0	37576374	3855	44.80000000000001
1641954760.86	152400	14.657953	0.0	34095545	2523	152.4
1641954763.85	152400	16.033047	0.0	34314045	2624	152.4
1641954768.22	152400	17.300027	0.0	34563011	4025	152.4
1641954770.82	152400	18.791438	0.0	31292175	2215	152.4
1641954773.95	152400	20.146764	0.0	32834126	2814	152.4
1641954776.99	152400	21.692447	0.0	33877878	2704	152.4
1641954782.91	152400	22.263441	0.0	31988631	5586	152.4
1641954784.61	152400	23.781711	0.0	34031025	1273	152.4
1641954785.4	152400	25.781711	0.0	30869167	461	152.4
1641954786.17	152400	27.781711	0.0	31753337	438	152.4
1641954787.06	152400	29.613674	0.0	34013525	550	152.4
1641954788.51	260000	31.288116	0.0	60900183	968	152.4
1641954790.33	260000	32.938895	0.0	65223805	1275	260.0
1641954791.99	260000	34.631323	0.0	61492275	1184	260.0
1641954793.52	260000	36.420121	0.0	57534179	1068	260.0
1641954795.79	260000	37.762421	0.0	64191273	1716	260.0
1641954798.01	260000	39.614808	0.0	57421190	1751	260.0
1641954801.66	260000	40.750366	0.0	60358582	3170	260.0
1641954807.14	260000	41.748354	0.0	60581734	4783	260.0
1641954811.91	260000	42.793538	0.0	55686462	4200	260.0
1641954816.12	260000	43.9365	0.0	61687104	3733	260.0
1641954819.84	260000	44.949571	0.0	56994559	3150	260.0
