1642373596.14	8200	1.999999	0.356	546328	253	-92.56
1642373596.53	260000	3.620151	0.0	1757078	199	8.199999999999989
1642373596.9	260000	5.253218	0.0	1560847	159	260.0
1642373597.29	260000	6.863078	0.0	1542805	215	260.0
1642373598.77	32800	7.383886	0.0	12166782	1220	-194.39999999999998
1642373600.34	32800	7.813088	0.0	15664097	1321	32.8
1642373600.96	11700	9.197274	0.0	5378836	413	-9.400000000000002
1642373601.49	11700	10.665806	0.0	4892753	341	11.7
1642373602.05	11700	12.09945	0.0	5587559	376	11.7
1642373608.1	152400	9.580616	0.0	51846012	5148	11.700000000000017
1642373612.77	152400	8.145052	0.0	57184643	4152	152.4
1642373617.32	152400	5.930768	0.0	48821461	4149	152.4
1642373624.79	152400	5.894512	0.0	44466772	7064	152.4
1642373626.66	152400	7.373628	0.0	45810515	1371	152.4
1642373627.59	152400	9.251712	0.0	42807747	551	152.4
1642373628.5	152400	11.007489	0.0	40301174	531	152.4
1642373629.42	152400	12.730938	0.0	39676104	537	152.4
1642373631.31	260000	14.370729	0.0	78574581	1094	152.4
1642373633.12	260000	15.908895	0.0	78901633	1236	260.0
1642373635.25	260000	17.357171	0.0	79414941	1485	260.0
1642373637.53	260000	18.70742	0.0	73704781	1743	260.0
1642373641.23	260000	19.497748	0.0	80783826	3061	260.0
1642373647.57	260000	19.467531	0.0	77638812	5789	260.0
1642373653.62	260000	19.646323	0.0	74749470	5534	260.0
1642373659.19	260000	19.863939	0.0	75910911	4904	260.0
1642373663.98	260000	20.355419	0.0	74070687	4231	260.0
1642373667.27	260000	21.289695	0.0	73938718	2655	260.0
1642373669.54	260000	22.450799	0.0	73613985	1531	260.0
1642373694.83	260000	20.043943	0.0	69503182	24629	260.0
1642373707.45	260000	19.745471	0.0	72822670	12029	260.0
1642373711.52	260000	21.153922	0.0	70991563	3550	260.0
1642373713.02	260000	22.820046	0.0	66218671	1005	260.0
1642373713.78	152400	24.62865	0.0	34031025	388	44.80000000000001
1642373714.54	152400	26.495665	0.0	30869167	455	152.4
1642373715.88	260000	28.14048	0.0	65041967	749	152.4
1642373717.55	260000	29.946403	0.0	65860507	1158	260.0
1642373719.78	260000	31.495214	0.0	60900183	1614	260.0
1642373721.64	260000	33.195029	0.0	65223805	1342	260.0
1642373723.7	260000	34.681815	0.0	61492275	1517	260.0
1642373725.63	260000	36.390774	0.0	57534179	1452	260.0
1642373727.82	260000	38.093025	0.0	64191273	1686	260.0
1642373729.73	260000	39.596586	0.0	57421190	1444	260.0
1642373731.74	260000	41.203122	0.0	60358582	1528	260.0
1642373733.84	260000	42.81622	0.0	60581734	1520	260.0
1642373736.15	260000	44.391749	0.0	55686462	1855	260.0
1642373738.55	260000	46.003846	0.0	61687104	1944	260.0
1642373740.72	260000	47.582082	0.0	56994559	1694	260.0
1642373742.73	260000	49.16279	0.0	55162012	1570	260.0
1642373745.36	260000	50.642928	0.0	63612323	2025	260.0
1642373747.33	260000	52.156781	0.0	53712380	1440	260.0
1642373749.59	260000	53.827983	0.0	59826276	1791	260.0
1642373751.85	260000	55.415576	0.0	58861434	1674	260.0
1642373753.82	260000	57.024368	0.0	53320981	1437	260.0
1642373755.92	260000	58.644367	0.0	62494429	1607	260.0
1642373760.21	260000	59.751677	0.0	53458888	1350	260.0
1642373770.51	260000	59.774985	0.0	53798130	1845	260.0
1642373780.96	260000	59.785841	0.0	61358299	5870	260.0
1642373791.76	260000	59.606357	0.0	50406269	7213	260.0
1642373801.49	260000	59.920233	0.0	43226513	4283	260.0
1642373812.54	260000	59.894324	0.0	35938085	2642	260.0
1642373813.09	260000	59.796574	0.0	631698	342	260.0

1642373813.21	11700	59.796574	0.356	139786	7	-92.56
1642373813.27	260000	59.772821	0.0	631698	1	11.699999999999989
1642373814.1	8200	1.999999	0.195	2049018	426	-294.3
1642373814.2	260000	3.9283	0.0	1757078	4	8.199999999999989
1642373814.3	260000	5.829903	0.0	1560847	4	260.0
1642373814.39	260000	7.736385	0.0	1542805	3	260.0
1642373821.95	152400	2.182204	0.0	68504102	6689	44.80000000000001
1642373822.43	11700	3.986367	0.0	4536725	287	-129.0
1642373826.74	152400	5.086032	0.0	68626847	3765	11.700000000000017
1642373834.36	152400	3.889194	0.0	72320713	6861	152.4
1642373834.82	4900	5.889194	0.0	1894210	265	-142.6
1642373836.14	32800	7.622757	0.0	12381646	1084	4.899999999999999
1642373837.21	32800	9.380154	0.0	10179458	855	32.8
1642373841.07	152400	10.768919	0.0	48821461	3465	32.80000000000001
1642373846.6	152400	11.601447	0.0	44466772	5109	152.4
1642373850.74	152400	12.692479	0.0	45810515	3593	152.4
1642373854.74	152400	12.942909	0.0	42807747	3626	152.4
1642373861.87	152400	9.791214	0.0	40301174	6774	152.4
1642373863.57	152400	11.228241	0.0	39676104	1270	152.4
1642373864.73	152400	12.998146	0.0	40793176	795	152.4
1642373865.72	152400	14.625583	0.0	37608977	617	152.4
1642373866.75	152400	16.24933	0.0	35738670	697	152.4
1642373868.69	260000	17.631262	0.0	73704781	1357	152.4
1642373871.11	260000	18.955095	0.0	80783826	1849	260.0
1642373873.98	260000	19.795019	0.0	77638812	2163	260.0
1642373877.05	260000	21.039115	0.0	74749470	2335	260.0
1642373883.02	260000	21.373837	0.0	75910911	5428	260.0
1642373888.84	260000	21.412622	0.0	74070687	5158	260.0
1642373894.22	260000	21.74424	0.0	73938718	4766	260.0
