1642377517.33	8200	1.999999	0.354	546328	253	-92.04
1642377517.74	260000	3.607013	0.0	1757078	205	8.199999999999989
1642377518.08	260000	5.267302	0.0	1560847	156	260.0
1642377518.4	260000	6.941201	0.0	1542805	154	260.0
1642377520.17	32800	7.169399	0.0	12166782	1498	-194.39999999999998
1642377521.8	32800	7.540519	0.0	15664097	1370	32.8
1642377522.43	11700	8.909913	0.0	5378836	424	-9.400000000000002
1642377523.01	11700	10.337468	0.0	4892753	380	11.7
1642377523.61	11700	11.738689	0.0	5587559	389	11.7
1642377528.17	152400	10.224867	0.0	51846012	3845	11.700000000000017
1642377534.07	152400	7.478296	0.0	57184643	5376	152.4
1642377538.64	152400	5.750666	0.0	48821461	4164	152.4
1642377542.56	152400	6.673243	0.0	44466772	3519	152.4
1642377548.06	152400	7.395539	0.0	45810515	5082	152.4
1642377549.99	152400	8.813181	0.0	42807747	1375	152.4
1642377551.05	152400	10.602182	0.0	40301174	679	152.4
1642377552.04	152400	12.315039	0.0	39676104	608	152.4
1642377554.25	260000	13.796818	0.0	78574581	1444	152.4
1642377556.45	260000	15.091401	0.0	78901633	1463	260.0
1642377559.11	260000	16.185478	0.0	79414941	2078	260.0
1642377561.47	260000	17.558642	0.0	73704781	1815	260.0
1642377567.45	260000	17.676888	0.0	80783826	5419	260.0
1642377573.28	260000	18.091654	0.0	77638812	5149	260.0
1642377579.24	260000	18.176448	0.0	74749470	5225	260.0
1642377584.01	260000	18.594316	0.0	75910911	4214	260.0
1642377588.68	260000	19.391317	0.0	74070687	4122	260.0
1642377591.34	260000	20.519636	0.0	73938718	2094	260.0
1642377617.06	260000	17.704517	0.0	73613985	24957	260.0
1642377629.2	260000	17.453411	0.0	69503182	11492	260.0
1642377632.77	152400	18.787125	0.0	32834126	3238	44.80000000000001
1642377633.7	152400	20.412083	0.0	33877878	553	152.4
1642377634.41	152400	22.278022	0.0	31988631	387	152.4
1642377635.21	152400	24.126275	0.0	34031025	415	152.4
1642377636.58	260000	25.647315	0.0	64074874	915	152.4
1642377638.29	260000	27.647315	0.0	65041967	1146	260.0
1642377640.59	260000	29.180759	0.0	65860507	1784	260.0
1642377642.52	260000	30.814296	0.0	60900183	1462	260.0
1642377644.92	260000	32.173306	0.0	65223805	1763	260.0
1642377647.16	260000	34.014634	0.0	61492275	1777	260.0
1642377649.62	260000	35.571316	0.0	57534179	1950	260.0
1642377652.31	260000	37.133425	0.0	64191273	2092	260.0
1642377654.57	260000	38.633689	0.0	57421190	1788	260.0
1642377656.87	260000	40.133039	0.0	60358582	1830	260.0
1642377659.09	260000	41.73226	0.0	60581734	1696	260.0
1642377660.9	260000	43.318871	0.0	55686462	1377	260.0
1642377662.79	260000	44.927844	0.0	61687104	1357	260.0
1642377664.4	260000	46.751137	0.0	56994559	1097	260.0
1642377665.76	260000	48.377727	0.0	55162012	932	260.0
1642377667.21	260000	50.091288	0.0	63612323	936	260.0
1642377668.31	260000	51.854612	0.0	53712380	704	260.0
1642377669.68	260000	53.708715	0.0	59826276	892	260.0
1642377671.14	260000	55.366767	0.0	58861434	940	260.0
1642377672.77	260000	57.078886	0.0	53320981	1187	260.0
1642377674.61	260000	58.751384	0.0	62494429	1293	260.0
1642377679.22	260000	59.755892	0.0	53458888	1080	260.0
1642377689.77	260000	59.871856	0.0	53798130	1058	260.0
1642377699.21	260000	59.929525	0.0	61358299	3287	260.0
1642377708.79	260000	59.81608	0.0	50406269	2110	260.0
1642377717.21	260000	59.919573	0.0	43226513	3460	260.0
1642377721.87	260000	59.95774	0.0	35938085	2764	260.0
1642377722.08	260000	59.840766	0.0	631698	79	260.0

1642377722.22	11700	59.840766	0.354	139786	18	-92.04
1642377722.28	260000	59.840766	0.0	631698	2	11.699999999999989
1642377723.11	8200	1.999999	0.204	2049018	444	-296.64
1642377723.21	260000	3.929842	0.0	1757078	3	8.199999999999989
1642377723.31	260000	5.828777	0.0	1560847	3	260.0
1642377723.41	260000	7.72816	0.0	1542805	4	260.0
1642377728.83	152400	4.309903	0.0	68504102	4520	44.80000000000001
1642377732.86	152400	3.677678	0.0	56494032	3594	152.4
1642377738.22	152400	4.555616	0.0	68626847	4762	152.4
1642377745.68	152400	4.868463	0.0	72320713	6605	152.4
1642377747.12	32800	6.241927	0.0	14688721	1102	-86.8
1642377747.93	32800	8.241927	0.0	12381646	577	32.8
1642377753.79	152400	8.973334	0.0	57184643	5429	32.80000000000001
1642377759.14	152400	9.874689	0.0	48821461	4910	152.4
1642377762.72	152400	11.088131	0.0	44466772	3126	152.4
1642377768.09	152400	11.874701	0.0	45810515	4924	152.4
1642377771.93	152400	11.90447	0.0	42807747	3362	152.4
1642377775.97	152400	11.790402	0.0	40301174	3666	152.4
1642377779.54	152400	12.806427	0.0	39676104	3222	152.4
1642377784.83	152400	13.6137	0.0	40793176	4877	152.4
1642377786.51	152400	15.09339	0.0	37608977	1262	152.4
1642377787.37	152400	16.834597	0.0	35738670	525	152.4
1642377788.2	152400	18.586286	0.0	36020729	447	152.4
1642377789.88	260000	19.884598	0.0	80783826	976	152.4
1642377791.27	260000	21.544626	0.0	77638812	807	260.0
1642377792.99	260000	23.218955	0.0	74749470	1100	260.0
1642377795.52	260000	24.45289	0.0	75910911	1767	260.0
1642377797.56	260000	25.99999	0.0	74070687	1294	260.0
1642377801.75	260000	26.610806	0.0	73938718	3501	260.0
1642377808.13	260000	26.5115	0.0	73613985	5817	260.0
1642377814.24	260000	26.552562	0.0	69503182	5459	260.0
