1642372959.97	8200	1.999999	0.366	546328	258	-95.16
1642372960.57	260000	3.399538	0.0	1757078	407	8.199999999999989
1642372961.01	260000	4.957436	0.0	1560847	181	260.0
1642372961.38	260000	6.59572	0.0	1542805	180	260.0
1642372964.48	32800	5.485732	0.0	12166782	2851	-194.39999999999998
1642372965.01	11700	6.965895	0.0	4536725	326	-9.400000000000002
1642372966.4	32800	7.567315	0.0	15560661	1151	11.699999999999996
1642372967.11	11700	8.862635	0.0	4892753	507	-9.400000000000002
1642372967.88	11700	10.089048	0.0	5587559	570	11.7
1642372968.96	32800	11.322128	0.0	12381646	848	11.699999999999996
1642372972.63	152400	10.39025	0.0	57184643	2972	32.80000000000001
1642372974.86	152400	10.778273	0.0	48821461	1841	152.4
1642372976.65	152400	11.259684	0.0	44466772	1421	152.4
1642372978.49	152400	11.417681	0.0	45810515	1442	152.4
1642372981.71	260000	10.97192	0.0	77654479	2370	152.4
1642372984.55	260000	11.708003	0.0	75220977	2169	260.0
1642372987.49	260000	13.153546	0.0	79740890	2422	260.0
1642372990.39	260000	14.388559	0.0	78574581	2440	260.0
1642372993.73	260000	15.519568	0.0	78901633	2871	260.0
1642372996.99	260000	16.58202	0.0	79414941	2574	260.0
1642373000.34	260000	17.536199	0.0	73704781	2721	260.0
1642373005.23	260000	17.909776	0.0	80783826	4283	260.0
1642373009.76	260000	18.723182	0.0	77638812	3928	260.0
1642373018.88	260000	18.914475	0.0	74749470	8605	260.0
1642373026.99	260000	19.337238	0.0	75910911	7348	260.0
1642373028.95	260000	20.968279	0.0	74070687	1445	260.0
1642373030.77	260000	22.632732	0.0	73938718	1292	260.0
1642373032.66	260000	24.264449	0.0	73613985	1355	260.0
1642373034.99	260000	25.674008	0.0	69503182	1855	260.0
1642373037.94	260000	27.432312	0.0	72822670	2423	260.0
1642373040.69	260000	28.792889	0.0	70991563	2197	260.0
1642373043.19	260000	30.356323	0.0	66218671	2009	260.0
1642373045.76	260000	31.837106	0.0	71469145	2087	260.0
1642373047.92	260000	33.470814	0.0	64074874	1702	260.0
1642373049.91	260000	35.173134	0.0	65041967	1530	260.0
1642373052.07	260000	36.80961	0.0	65860507	1695	260.0
1642373053.98	260000	38.370621	0.0	60900183	1333	260.0
1642373055.72	260000	40.036793	0.0	65223805	1200	260.0
1642373057.26	260000	41.729319	0.0	61492275	1030	260.0
1642373058.86	260000	43.441476	0.0	57534179	1210	260.0
1642373060.9	260000	44.947608	0.0	64191273	1612	260.0
1642373062.64	260000	46.674219	0.0	57421190	1335	260.0
1642373064.4	260000	48.278375	0.0	60358582	1336	260.0
1642373066.23	260000	49.89929	0.0	60581734	1349	260.0
1642373067.99	260000	51.615228	0.0	55686462	1331	260.0
1642373072.17	260000	52.811287	0.0	61687104	3678	260.0
1642373075.93	260000	53.952609	0.0	56994559	3184	260.0
1642373081.39	260000	55.033061	0.0	55162012	5076	260.0
1642373084.38	260000	56.279623	0.0	63612323	2407	260.0
1642373086.76	260000	57.81604	0.0	53712380	1955	260.0
1642373089.84	260000	59.33452	0.0	59826276	2665	260.0
1642373097.14	260000	59.664256	0.0	58861434	3867	260.0
1642373107.44	260000	59.785046	0.0	53320981	3792	260.0
1642373117.99	260000	59.809543	0.0	62494429	2955	260.0
1642373128.09	260000	59.951584	0.0	53458888	4110	260.0
1642373139.01	260000	59.9179	0.0	53798130	2390	260.0
1642373149.09	260000	59.88294	0.0	61358299	2973	260.0
1642373159.55	260000	59.956811	0.0	50406269	2407	260.0
1642373170.17	260000	59.798819	0.0	43226513	2108	260.0
1642373179.88	260000	59.815384	0.0	35938085	1835	260.0
1642373180.42	260000	59.777002	0.0	631698	340	260.0

1642373180.54	11700	59.777002	0.366	139786	5	-95.16
1642373180.6	260000	59.777002	0.0	631698	2	11.699999999999989
1642373181.37	8200	1.999999	0.113	2049018	364	-272.98
1642373181.47	260000	3.933188	0.0	1757078	3	8.199999999999989
1642373181.56	260000	5.845337	0.0	1560847	3	260.0
1642373181.68	260000	7.726013	0.0	1542805	5	260.0
1642373186.13	260000	5.275078	0.0	83554460	3393	260.0
1642373187.2	32800	6.203927	0.0	15664097	826	-194.39999999999998
1642373194.99	260000	4.907444	0.0	84756689	7024	32.80000000000001
1642373205.95	152400	3.434048	0.0	72320713	10312	44.80000000000001
1642373207.41	32800	5.290152	0.0	14688721	1158	-86.8
1642373207.67	4900	7.290152	0.0	1576185	78	-23.0
1642373208.46	32800	9.060103	0.0	10179458	594	4.899999999999999
1642373211.16	152400	10.661666	0.0	48821461	2341	32.80000000000001
1642373213.06	152400	12.36953	0.0	44466772	1547	152.4
1642373214.96	152400	14.007384	0.0	45810515	1503	152.4
1642373218.08	260000	15.346593	0.0	77654479	2576	152.4
1642373220.9	260000	16.785497	0.0	75220977	2237	260.0
1642373223.81	260000	18.253976	0.0	79740890	2268	260.0
1642373226.99	260000	18.685889	0.0	78574581	2446	260.0
1642373230.29	260000	17.796284	0.0	78901633	2621	260.0
1642373233.46	260000	17.799526	0.0	79414941	2597	260.0
1642373236.74	260000	18.992161	0.0	73704781	2708	260.0
1642373240.02	260000	20.099848	0.0	80783826	2729	260.0
1642373243.98	260000	20.937498	0.0	77638812	3396	260.0
1642373250.03	260000	21.221716	0.0	74749470	5564	260.0
