1642376904.98	8200	1.999999	0.519	546328	415	-134.94
1642376905.65	11700	3.335654	0.0	1102047	483	8.2
1642376906.02	11700	4.963919	0.0	1111083	193	11.7
1642376906.41	11700	6.578679	0.0	1066380	180	11.7
1642376907.15	11700	7.83979	0.0	3938957	538	11.7
1642376907.81	11700	9.179003	0.0	4536725	469	11.7
1642376909.7	32800	9.282416	0.0	15560661	1566	11.699999999999996
1642376910.28	11700	10.700296	0.0	4892753	378	-9.400000000000002
1642376911.29	32800	11.70141	0.0	14688721	764	11.699999999999996
1642376912.21	32800	12.774269	0.0	12381646	706	32.8
1642376915.67	152400	11.455761	0.0	57184643	2728	32.80000000000001
1642376917.62	152400	11.826362	0.0	48821461	1511	152.4
1642376919.42	152400	12.782178	0.0	44466772	1392	152.4
1642376922.72	260000	12.212638	0.0	78844622	2619	152.4
1642376925.58	260000	12.334424	0.0	77654479	2292	260.0
1642376928.31	260000	12.598136	0.0	75220977	2170	260.0
1642376931.62	260000	13.522734	0.0	79740890	2532	260.0
1642376935.0	260000	14.468717	0.0	78574581	2830	260.0
1642376938.15	260000	16.029747	0.0	78901633	2557	260.0
1642376941.78	260000	17.25515	0.0	79414941	3008	260.0
1642376945.17	260000	18.213202	0.0	73704781	2846	260.0
1642376948.66	260000	19.135728	0.0	80783826	2896	260.0
1642376956.64	260000	19.332716	0.0	77638812	7202	260.0
1642376968.09	260000	19.179171	0.0	74749470	10640	260.0
1642376970.01	260000	20.76975	0.0	75910911	1394	260.0
1642376972.11	260000	22.233879	0.0	74070687	1360	260.0
1642376974.22	260000	24.014687	0.0	73938718	1593	260.0
1642376976.43	260000	25.610441	0.0	73613985	1539	260.0
1642376978.44	260000	27.184816	0.0	69503182	1432	260.0
1642376980.44	260000	28.701256	0.0	72822670	1474	260.0
1642376982.41	260000	30.307983	0.0	70991563	1447	260.0
1642376984.31	260000	31.94935	0.0	66218671	1345	260.0
1642376986.4	260000	33.476322	0.0	71469145	1554	260.0
1642376988.34	260000	35.172239	0.0	64074874	1352	260.0
1642376990.19	260000	36.796238	0.0	65041967	1289	260.0
1642376992.34	260000	38.399521	0.0	65860507	1541	260.0
1642376994.45	260000	40.032594	0.0	60900183	1615	260.0
1642376997.05	260000	41.681813	0.0	65223805	2106	260.0
1642376999.5	260000	43.110129	0.0	61492275	1969	260.0
1642377001.78	260000	44.782331	0.0	57534179	1750	260.0
1642377004.04	260000	46.406367	0.0	64191273	1782	260.0
1642377006.4	260000	47.82612	0.0	57421190	1830	260.0
1642377008.49	260000	49.480946	0.0	60358582	1609	260.0
1642377010.5	260000	51.134589	0.0	60581734	1550	260.0
1642377014.8	260000	52.374421	0.0	55686462	3776	260.0
1642377018.95	260000	53.563312	0.0	61687104	3517	260.0
1642377024.34	260000	54.455212	0.0	56994559	4972	260.0
1642377027.33	260000	55.792099	0.0	55162012	2339	260.0
1642377030.51	260000	57.28936	0.0	63612323	2657	260.0
1642377033.55	260000	58.885465	0.0	53712380	2577	260.0
1642377037.48	260000	59.787718	0.0	59826276	3371	260.0
1642377047.49	260000	59.833001	0.0	58861434	4030	260.0
1642377058.31	260000	59.997337	0.0	53320981	2709	260.0
1642377069.36	260000	59.796648	0.0	62494429	3982	260.0
1642377079.85	260000	59.806365	0.0	53458888	2332	260.0
1642377091.28	260000	59.870302	0.0	53798130	3308	260.0
1642377101.26	260000	59.893281	0.0	61358299	2810	260.0
1642377111.22	260000	59.799909	0.0	50406269	2398	260.0
1642377121.36	260000	59.911427	0.0	43226513	2146	260.0
1642377130.57	260000	59.833488	0.0	35938085	1802	260.0
1642377131.12	260000	59.866822	0.0	631698	345	260.0

1642377131.24	11700	59.843436	0.519	139786	8	-134.94
1642377131.29	260000	59.785002	0.0	631698	1	11.699999999999989
1642377132.08	8200	1.999999	0.008	2049018	406	-245.68
1642377132.4	260000	3.737546	0.0	1757078	135	8.199999999999989
1642377132.67	260000	5.464095	0.0	1560847	98	260.0
1642377132.95	260000	7.18372	0.0	1542805	98	260.0
1642377144.87	152400	1.907549	4.322	68504102	10772	-1078.92
1642377146.91	32800	3.365945	0.0	15664097	1698	-86.8
1642377147.09	32800	5.340828	0.0	15560661	28	32.8
1642377147.54	4900	7.210848	0.0	2245725	261	-23.0
1642377147.75	32800	9.210848	0.0	14688721	35	4.899999999999999
1642377151.21	152400	10.350082	0.0	51846012	2953	32.80000000000001
1642377154.22	152400	11.813662	0.0	57184643	2483	152.4
1642377157.47	260000	12.004828	0.0	79299299	2484	152.4
1642377160.55	260000	12.500125	0.0	75092129	2498	260.0
1642377163.49	260000	11.957609	0.0	78844622	2330	260.0
1642377166.3	260000	12.27149	0.0	77654479	2232	260.0
1642377169.34	260000	13.391603	0.0	75220977	2389	260.0
1642377172.86	260000	14.303858	0.0	79740890	2805	260.0
1642377175.94	260000	15.517869	0.0	78574581	2546	260.0
1642377179.46	260000	16.737659	0.0	78901633	2969	260.0
1642377182.98	260000	17.82368	0.0	79414941	2949	260.0
1642377186.39	260000	19.297251	0.0	73704781	2771	260.0
1642377194.38	260000	19.797444	0.0	80783826	7434	260.0
