1642920150.62	8200	1.999999	0.353	546328	250	-91.78
1642920150.98	260000	3.640109	0.0	1757078	169	8.199999999999989
1642920151.24	260000	5.37549	0.0	1560847	83	260.0
1642920151.61	260000	7.012448	0.0	1542805	177	260.0
1642920152.91	32800	7.708389	0.0	12166782	1012	-194.39999999999998
1642920153.99	32800	8.626121	0.0	15664097	826	32.8
1642920155.07	32800	9.553797	0.0	15560661	830	32.8
1642920156.24	32800	10.385777	0.0	15851372	911	32.8
1642920164.04	152400	6.331454	0.0	70827999	6912	32.80000000000001
1642920167.73	152400	6.359137	0.0	51846012	3282	152.4
1642920172.62	152400	5.77323	0.0	57184643	4466	152.4
1642920175.65	152400	7.268882	0.0	48821461	2583	152.4
1642920181.51	152400	8.026376	0.0	44466772	5382	152.4
1642920186.1	152400	8.698822	0.0	45810515	4132	152.4
1642920188.82	152400	9.88589	0.0	42807747	2305	152.4
1642920189.85	152400	11.706756	0.0	40301174	630	152.4
1642920191.08	152400	13.337007	0.0	39676104	856	152.4
1642920192.34	152400	15.111553	0.0	40793176	835	152.4
1642920193.94	260000	16.67951	0.0	78901633	933	152.4
1642920195.65	260000	18.15948	0.0	79414941	1095	260.0
1642920197.63	260000	19.756535	0.0	73704781	1277	260.0
1642920199.41	260000	21.236633	0.0	80783826	1193	260.0
1642920201.7	260000	22.600245	0.0	77638812	1698	260.0
1642920204.86	260000	23.571099	0.0	74749470	2537	260.0
1642920208.03	260000	24.869493	0.0	75910911	2521	260.0
1642920214.24	260000	24.947484	0.0	74070687	5732	260.0
1642920219.76	260000	25.101658	0.0	73938718	4978	260.0
1642920225.22	260000	25.265638	0.0	73613985	4964	260.0
1642920231.18	260000	25.438392	0.0	69503182	5307	260.0
1642920240.01	260000	24.340262	0.0	72822670	8158	260.0
1642920242.94	260000	25.615255	0.0	70991563	2400	260.0
1642920245.16	260000	27.176507	0.0	66218671	1784	260.0
1642920246.46	260000	28.893456	0.0	71469145	810	260.0
1642920247.57	260000	30.668229	0.0	64074874	713	260.0
1642920248.75	260000	32.506113	0.0	65041967	714	260.0
1642920252.77	260000	33.743078	0.0	65860507	3503	260.0
1642920254.19	260000	35.446042	0.0	60900183	716	260.0
1642920255.52	260000	37.146012	0.0	65223805	799	260.0
1642920256.77	260000	38.916218	0.0	61492275	838	260.0
1642920258.1	260000	40.769279	0.0	57534179	891	260.0
1642920259.42	260000	42.404066	0.0	64191273	776	260.0
1642920260.7	260000	44.237324	0.0	57421190	671	260.0
1642920261.94	260000	46.056969	0.0	60358582	721	260.0
1642920263.26	260000	47.750901	0.0	60581734	660	260.0
1642920264.64	260000	49.301671	0.0	55686462	912	260.0
1642920266.3	260000	51.161597	0.0	61687104	1180	260.0
1642920267.76	260000	52.957282	0.0	56994559	1027	260.0
1642920269.17	260000	54.422479	0.0	55162012	954	260.0
1642920271.19	260000	55.984714	0.0	63612323	1341	260.0
1642920272.73	260000	57.836146	0.0	53712380	1106	260.0
1642920274.55	260000	59.45713	0.0	59826276	1312	260.0
1642920282.78	260000	59.892417	0.0	58861434	1262	260.0
1642920293.18	260000	59.890005	0.0	53320981	1391	260.0
1642920304.03	260000	59.786544	0.0	62494429	1684	260.0
1642920314.46	260000	59.907171	0.0	53458888	1387	260.0
1642920325.45	260000	59.888356	0.0	53798130	1950	260.0
1642920335.59	260000	59.867676	0.0	61358299	1535	260.0
1642920344.74	260000	59.817481	0.0	50406269	1999	260.0
