1643147229.9	8200	1.999999	0.354	546328	249	-92.04
1643147230.18	260000	3.71927	0.0	1757078	101	8.199999999999989
1643147230.4	260000	5.505653	0.0	1560847	25	260.0
1643147230.61	260000	7.291072	0.0	1542805	33	260.0
1643147231.13	32800	8.773589	0.0	12166782	235	-194.39999999999998
1643147231.69	32800	10.213187	0.0	15664097	300	32.8
1643147236.03	152400	7.870991	0.0	68626847	3274	32.80000000000001
1643147241.35	260000	5.881069	0.0	85798884	4539	152.4
1643147246.2	152400	5.651214	0.0	70827999	4310	44.80000000000001
1643147248.42	152400	7.214959	0.0	51846012	1728	152.4
1643147251.38	260000	8.583561	0.0	82198417	2358	152.4
1643147252.82	260000	10.262451	0.0	79299299	782	260.0
1643147254.15	260000	12.041329	0.0	75092129	768	260.0
1643147255.62	260000	13.704345	0.0	78844622	914	260.0
1643147257.09	260000	15.538505	0.0	77654479	926	260.0
1643147258.65	260000	17.182982	0.0	75220977	813	260.0
1643147265.21	260000	18.085151	0.0	79740890	5807	260.0
1643147268.32	260000	19.522647	0.0	78574581	2415	260.0
1643147271.21	260000	20.996989	0.0	78901633	2323	260.0
1643147273.8	260000	22.423519	0.0	79414941	2034	260.0
1643147275.8	260000	24.064616	0.0	73704781	1437	260.0
1643147277.8	260000	25.454863	0.0	80783826	1230	260.0
1643147279.31	260000	26.960181	0.0	77638812	927	260.0
1643147281.67	260000	28.480721	0.0	74749470	1789	260.0
1643147283.72	260000	29.785369	0.0	75910911	1288	260.0
1643147285.61	260000	31.59297	0.0	74070687	1310	260.0
1643147292.34	260000	32.386353	0.0	73938718	6148	260.0
1643147294.0	260000	34.233154	0.0	73613985	1126	260.0
1643147295.95	260000	35.880849	0.0	69503182	1438	260.0
1643147297.87	260000	37.431163	0.0	72822670	1372	260.0
1643147299.69	260000	39.08297	0.0	70991563	1272	260.0
1643147301.57	260000	40.692157	0.0	66218671	1120	260.0
1643147303.7	260000	42.398019	0.0	71469145	1376	260.0
1643147305.76	260000	43.80736	0.0	64074874	1347	260.0
1643147308.02	260000	45.542133	0.0	65041967	1763	260.0
1643147318.52	260000	45.514939	0.0	65860507	9981	260.0
1643147325.14	260000	46.414577	0.0	60900183	6048	260.0
1643147332.29	260000	47.027215	0.0	65223805	6604	260.0
1643147333.64	260000	48.728064	0.0	61492275	702	260.0
1643147334.81	260000	50.526472	0.0	57534179	669	260.0
1643147336.09	260000	52.235563	0.0	64191273	786	260.0
1643147337.46	260000	53.910188	0.0	57421190	817	260.0
1643147339.11	260000	55.682628	0.0	60358582	1181	260.0
1643147341.69	260000	57.172582	0.0	60581734	2117	260.0
1643147343.09	260000	58.89814	0.0	55686462	936	260.0
1643147347.71	260000	59.835323	0.0	61687104	932	260.0
1643147358.5	260000	59.812067	0.0	56994559	791	260.0
1643147369.18	260000	59.910526	0.0	55162012	1611	260.0
1643147379.13	260000	59.795439	0.0	63612323	1627	260.0
1643147389.78	260000	59.916128	0.0	53712380	1606	260.0
1643147399.59	260000	59.988103	0.0	59826276	1568	260.0
1643147411.29	260000	59.987019	0.0	58861434	1623	260.0
1643147422.32	260000	59.864373	0.0	53320981	1453	260.0
1643148015.22	260000	49.033339	0.0	62494429	903	260.0
1643148016.54	260000	50.677844	0.0	53458888	870	260.0
1643148017.61	260000	52.542692	0.0	53798130	598	260.0
1643148018.93	260000	54.262874	0.0	61358299	745	260.0
1643148020.02	260000	56.04902	0.0	50406269	669	260.0
1643148021.04	260000	57.798047	0.0	43226513	631	260.0
1643148021.88	260000	59.636497	0.0	35938085	516	260.0
1643148022.0	260000	59.669831	0.0	631698	7	260.0