1642938554.95	8200	1.999999	0.347	546328	248	-90.22
1642938555.23	260000	3.727106	0.0	1757078	100	8.199999999999989
1642938555.42	260000	5.539124	0.0	1560847	13	260.0
1642938555.6	260000	7.356624	0.0	1542805	13	260.0
1642938556.12	32800	8.844832	0.0	12166782	223	-194.39999999999998
1642938556.67	32800	10.293569	0.0	15664097	296	32.8
1642938558.95	152400	10.011963	0.0	68626847	1241	32.80000000000001
1642938560.79	260000	10.167269	0.0	85798884	1126	152.4
1642938564.15	260000	9.187636	0.0	86059829	2558	260.0
1642938567.48	260000	8.917852	0.0	83431241	2603	260.0
1642938572.58	260000	9.364123	0.0	82198417	4480	260.0
1642938580.06	152400	9.91509	0.0	48821461	7061	44.80000000000001
1642938583.9	152400	11.241488	0.0	44466772	3285	152.4
1642938584.33	32800	13.18751	0.0	6462926	229	-86.8
1642938584.74	32800	15.054247	0.0	6930236	204	32.8
1642938589.98	32800	16.138411	0.0	7176786	5038	32.8
1642938590.87	11700	18.1023	0.0	2662617	627	-9.400000000000002
1642938591.36	11700	19.83384	0.0	2614451	305	11.7
1642938591.84	11700	21.776094	0.0	2649932	292	11.7
1642938592.3	11700	23.776094	0.0	2700523	270	11.7
1642938592.76	11700	25.776094	0.0	2697360	269	11.7
1642938593.61	32800	27.597039	0.0	6396912	639	11.699999999999996
1642938598.74	152400	28.787984	0.0	37585290	4778	32.80000000000001
1642938600.81	152400	30.405023	0.0	34459282	1717	152.4
1642938602.79	152400	32.009627	0.0	37576374	1598	152.4
1642938604.72	152400	33.682017	0.0	34095545	1594	152.4
1642938613.27	260000	34.17823	0.0	73938718	8009	152.4
1642938622.33	260000	34.66152	0.0	73613985	8397	260.0
1642938628.26	260000	35.513466	0.0	69503182	5182	260.0
1642938641.98	260000	32.242774	0.0	72822670	13091	260.0
1642938645.75	152400	31.173359	0.0	33877878	3315	44.80000000000001
1642938648.2	152400	30.860655	0.0	31988631	2128	152.4
1642938650.03	152400	31.029891	0.0	34031025	1487	152.4
1642938651.69	152400	31.373263	0.0	30869167	1317	152.4
1642938654.02	152400	31.039341	0.0	31753337	1956	152.4
1642938658.53	260000	28.664134	0.0	65860507	3857	152.4
1642938663.19	260000	28.464332	0.0	60900183	3965	260.0
1642938681.45	260000	23.788864	0.0	65223805	17661	260.0
1642938688.26	152400	24.491878	0.0	34638995	6333	44.80000000000001
1642938692.33	152400	25.713593	0.0	30969970	3736	152.4
1642938693.35	32800	27.572867	0.0	7516082	816	-86.8
1642938694.22	32800	29.307681	0.0	7278398	663	32.8
1642938695.05	32800	31.182641	0.0	7481760	547	32.8
1642938697.69	152400	32.647845	0.0	35599566	2287	32.80000000000001
1642938699.85	152400	34.217755	0.0	31880015	1785	152.4
1642938702.0	152400	35.676737	0.0	35467287	1793	152.4
1642938704.99	260000	37.07486	0.0	56994559	2380	152.4
1642938707.43	260000	38.643783	0.0	55162012	1981	260.0
1642938710.38	260000	39.90782	0.0	63612323	2394	260.0
1642938713.15	260000	41.355432	0.0	53712380	2314	260.0
1642938718.12	260000	42.273045	0.0	59826276	4476	260.0
1642938722.92	260000	42.74386	0.0	58861434	4242	260.0
1642938729.48	260000	42.193159	0.0	53320981	5992	260.0
1642938734.98	260000	42.086064	0.0	62494429	4821	260.0
1642938737.61	260000	43.030338	0.0	53458888	2040	260.0
1642938739.16	260000	44.308697	0.0	53798130	930	260.0
1642938740.63	260000	45.644102	0.0	61358299	952	260.0
1642938741.81	260000	47.037027	0.0	50406269	702	260.0
1642938743.05	260000	48.582461	0.0	43226513	845	260.0
1642938744.2	260000	50.196996	0.0	35938085	843	260.0
1642938744.34	260000	50.111932	0.0	631698	9	260.0

1642938744.45	11700	50.000536	0.347	139786	4	-90.22
1642938744.5	260000	49.945902	0.0	631698	3	11.699999999999989
1642938745.2	8200	1.999999	0.108	2049018	343	-271.68
1642938745.32	260000	3.920318	0.0	1757078	5	8.199999999999989
1642938745.41	260000	5.826686	0.0	1560847	5	260.0
1642938745.5	260000	7.731302	0.0	1542805	5	260.0
1642938745.73	32800	9.50757	0.0	12166782	24	-194.39999999999998
1642938746.1	11700	11.132551	0.0	4536725	183	-9.400000000000002
1642938748.62	260000	10.621	0.0	84756689	1395	11.699999999999989
1642938750.59	260000	10.655971	0.0	85798884	1231	260.0
1642938752.7	260000	10.533701	0.0	86059829	1504	260.0
