1643773343.5	8200	1.999999	0.355	546328	248	-92.3
1643773343.71	11700	3.793822	0.0	1102047	88	8.2
1643773343.83	11700	5.672713	0.0	1111083	12	11.7
1643773343.95	11700	7.559521	0.0	1066380	10	11.7
1643773344.16	11700	9.343316	0.0	3938957	93	11.7
1643773344.67	32800	10.83204	0.0	15664097	305	11.699999999999996
1643773347.03	260000	10.470951	0.0	84756689	1385	32.80000000000001
1643773349.04	260000	10.4625	0.0	85798884	1342	260.0
1643773351.28	260000	10.226213	0.0	86059829	1743	260.0
1643773354.07	260000	9.929255	0.0	83431241	2127	260.0
1643773356.45	260000	10.610792	0.0	82198417	1962	260.0
1643773358.95	260000	11.753698	0.0	79299299	2060	260.0
1643773361.39	260000	13.460362	0.0	75092129	2040	260.0
1643773363.92	260000	14.783078	0.0	78844622	2106	260.0
1643773366.35	260000	16.497225	0.0	77654479	1999	260.0
1643773368.52	260000	18.070418	0.0	75220977	1786	260.0
1643773370.72	260000	19.567323	0.0	79740890	1695	260.0
1643773372.9	260000	21.40491	0.0	78574581	1611	260.0
1643773374.78	260000	22.912263	0.0	78901633	1364	260.0
1643773376.51	260000	24.634994	0.0	79414941	1335	260.0
1643773378.16	260000	26.479599	0.0	73704781	1210	260.0
1643773380.16	260000	28.121763	0.0	80783826	1517	260.0
1643773382.17	260000	29.803317	0.0	77638812	1544	260.0
1643773384.0	260000	31.454739	0.0	74749470	1436	260.0
1643773385.92	260000	33.216583	0.0	75910911	1375	260.0
1643773387.97	260000	34.822782	0.0	74070687	1676	260.0
1643773393.95	260000	35.678727	0.0	73938718	5426	260.0
1643773395.15	260000	37.562049	0.0	73613985	771	260.0
1643773396.9	260000	39.190165	0.0	69503182	1242	260.0
1643773398.8	260000	40.999254	0.0	72822670	1359	260.0
1643773401.14	260000	42.621704	0.0	70991563	1831	260.0
1643773403.42	260000	44.13182	0.0	66218671	1854	260.0
1643773406.06	260000	45.470382	0.0	71469145	2186	260.0
1643773408.35	260000	47.2044	0.0	64074874	1866	260.0
1643773410.9	260000	48.901231	0.0	65041967	2032	260.0
1643773413.41	260000	50.395648	0.0	65860507	2004	260.0
1643773415.84	260000	51.898225	0.0	60900183	2108	260.0
1643773418.32	260000	53.676985	0.0	65223805	2108	260.0
1643773420.78	260000	55.19502	0.0	61492275	1925	260.0
1643773422.89	260000	56.914006	0.0	57534179	1756	260.0
1643773425.35	260000	58.348379	0.0	64191273	1944	260.0
1643773427.8	260000	59.955751	0.0	57421190	2095	260.0
1643773439.67	260000	59.84899	0.0	60358582	1864	260.0
1643773450.75	260000	59.750647	0.0	60581734	1532	260.0
1643773462.18	260000	59.885292	0.0	55686462	1493	260.0
1643773473.33	260000	59.824813	0.0	61687104	1644	260.0
1643773483.73	260000	59.988707	0.0	56994559	1456	260.0
1643773495.01	260000	59.872826	0.0	55162012	1319	260.0
1643773505.96	260000	59.864362	0.0	63612323	1479	260.0
1643773516.73	260000	59.888568	0.0	53712380	1314	260.0
1643773525.79	260000	59.894832	0.0	59826276	1463	260.0
1643773538.45	260000	59.869611	0.0	58861434	1678	260.0
1643773548.86	260000	59.776348	0.0	53320981	1985	260.0
1643773559.6	260000	59.776689	0.0	62494429	10253	260.0
1643773569.95	32800	59.899328	0.0	7845705	708	-194.39999999999998
1643773579.33	32800	59.7868	0.0	7682661	673	32.8
1643773589.24	32800	59.899968	0.0	8703604	691	32.8
1643773600.63	32800	59.91157	0.0	8166986	677	32.8
1643773609.04	32800	59.96773	0.0	8155312	680	32.8
1643773619.45	32800	59.804329	0.0	9057843	692	32.8
1643773619.89	32800	59.837663	0.0	296571	252	32.8

1643773619.91	32800	59.837663	0.355	296571	1	-92.3
1643773619.92	32800	59.837663	0.0	296571	1	32.8
1643773620.44	8200	1.999999	-0.149	427088	83	22.339999999999996
1643773620.66	32800	3.825145	0.0	1705511	98	8.199999999999996
1643773620.78	32800	5.699212	0.0	1560846	18	32.8
1643773620.9	32800	7.580352	0.0	1542804	18	32.8
1643773621.32	32800	9.159966	0.0	12166782	224	32.8
1643773621.43	32800	11.046549	0.0	15664097	31	32.8
1643773623.63	260000	10.846882	0.0	84756689	1219	32.80000000000001
1643773625.91	260000	10.572607	0.0	85798884	1658	260.0
1643773632.16	260000	7.571893	0.0	86059829	5644	260.0
1643773634.07	260000	8.300171	0.0	83431241	1467	260.0
1643773636.11	260000	9.762514	0.0	82198417	1487	260.0
1643773638.11	260000	11.451615	0.0	79299299	1479	260.0
1643773640.12	260000	13.152168	0.0	75092129	1529	260.0
1643773642.14	260000	14.767359	0.0	78844622	1517	260.0
