1642914133.03	8200	1.999999	0.272	546328	168	-70.72
1642914133.32	260000	3.72662	0.0	1757078	97	8.199999999999989
1642914133.51	260000	5.533936	0.0	1560847	18	260.0
1642914133.7	260000	7.340702	0.0	1542805	15	260.0
1642914134.2	32800	8.843776	0.0	12166782	221	-194.39999999999998
1642914134.73	32800	10.313286	0.0	15664097	292	32.8
1642914136.72	152400	10.325571	0.0	68626847	983	32.80000000000001
1642914138.83	260000	10.210048	0.0	85798884	1502	152.4
1642914141.65	260000	9.568879	0.0	86059829	2263	260.0
1642914144.33	260000	9.867459	0.0	83431241	2105	260.0
1642914147.08	260000	9.864801	0.0	82198417	2018	260.0
1642914149.53	260000	11.493891	0.0	79299299	1925	260.0
1642914152.48	260000	12.892042	0.0	75092129	2368	260.0
1642914155.16	260000	14.307322	0.0	78844622	2206	260.0
1642914157.77	260000	15.880048	0.0	77654479	2121	260.0
1642914160.24	260000	17.403203	0.0	75220977	1792	260.0
1642914162.59	260000	19.01824	0.0	79740890	1709	260.0
1642914164.8	260000	20.599524	0.0	78574581	1472	260.0
1642914167.26	260000	22.189315	0.0	78901633	1747	260.0
1642914169.37	260000	23.910161	0.0	79414941	1530	260.0
1642914171.24	260000	25.468687	0.0	73704781	1369	260.0
1642914173.42	260000	27.071112	0.0	80783826	1364	260.0
1642914175.24	260000	28.91381	0.0	77638812	1237	260.0
1642914176.94	260000	30.514042	0.0	74749470	1162	260.0
1642914178.86	260000	32.168835	0.0	75910911	1149	260.0
1642914180.65	260000	33.81088	0.0	74070687	1318	260.0
1642914182.62	260000	35.574609	0.0	73938718	1293	260.0
1642914184.73	260000	37.134342	0.0	73613985	1523	260.0
1642914186.59	260000	38.891813	0.0	69503182	1360	260.0
1642914188.72	260000	40.491729	0.0	72822670	1619	260.0
1642914190.78	260000	42.104974	0.0	70991563	1536	260.0
1642914192.77	260000	43.683898	0.0	66218671	1443	260.0
1642914195.08	260000	45.313232	0.0	71469145	1779	260.0
1642914197.49	260000	46.811658	0.0	64074874	1879	260.0
1642914199.74	260000	48.447377	0.0	65041967	1710	260.0
1642914201.97	260000	49.995798	0.0	65860507	1608	260.0
1642914203.8	260000	51.698004	0.0	60900183	1363	260.0
1642914205.91	260000	53.259314	0.0	65223805	1519	260.0
1642914207.65	260000	55.067319	0.0	61492275	1221	260.0
1642914209.17	260000	56.757543	0.0	57534179	1034	260.0
1642914211.1	260000	58.381215	0.0	64191273	1486	260.0
1642914214.28	260000	59.757125	0.0	57421190	1206	260.0
1642914224.76	260000	59.840237	0.0	60358582	1484	260.0
1642914235.21	260000	59.869841	0.0	60581734	1396	260.0
1642914246.28	260000	59.8726	0.0	55686462	1550	260.0
1642914256.42	260000	59.831289	0.0	61687104	1522	260.0
1642914267.49	260000	59.884415	0.0	56994559	1455	260.0
1642914279.76	260000	59.789375	0.0	55162012	5746	260.0
1642914291.36	260000	59.806229	0.0	63612323	1473	260.0
1642914302.31	260000	59.892148	0.0	53712380	1401	260.0
1642914311.52	260000	59.992531	0.0	59826276	3211	260.0
1642914322.68	260000	59.784183	0.0	58861434	3068	260.0
