1643147016.56	8200	1.999999	0.354	546328	252	-92.04
1643147016.92	260000	3.639532	0.0	1757078	174	8.199999999999989
1643147017.19	260000	5.369547	0.0	1560847	89	260.0
1643147017.48	260000	7.08553	0.0	1542805	75	260.0
1643147018.36	32800	8.19915	0.0	12166782	608	-194.39999999999998
1643147019.47	32800	9.092468	0.0	15664097	848	32.8
1643147020.6	32800	9.965855	0.0	15560661	889	32.8
1643147028.47	152400	5.665662	0.0	72320713	6869	32.80000000000001
1643147029.64	32800	6.954419	0.0	14688721	913	-86.8
1643147033.49	152400	6.678507	0.0	51846012	3311	32.80000000000001
1643147033.91	8200	8.390256	0.0	2063908	242	-136.0
1643147034.2	4900	10.236126	0.0	935051	109	1.6000000000000005
1643147035.03	32800	11.760248	0.0	6249975	625	4.899999999999999
1643147035.64	32800	13.760248	0.0	6462926	426	32.8
1643147038.26	152400	15.354306	0.0	42807747	2213	32.80000000000001
1643147041.14	152400	16.832004	0.0	40301174	2544	152.4
1643147047.94	152400	16.000267	0.0	39676104	6435	152.4
1643147051.99	152400	16.945041	0.0	40793176	3610	152.4
1643147053.11	152400	18.583641	0.0	37608977	770	152.4
1643147054.03	152400	20.295547	0.0	35738670	574	152.4
1643147055.67	260000	21.346288	0.0	73704781	1119	152.4
1643147057.62	260000	21.401864	0.0	80783826	1351	260.0
1643147059.52	260000	21.66126	0.0	77638812	1344	260.0
1643147061.56	260000	21.635368	0.0	74749470	1388	260.0
1643147063.59	260000	21.791814	0.0	75910911	1288	260.0
1643147066.28	260000	23.031148	0.0	74070687	2125	260.0
1643147070.12	260000	24.020768	0.0	73938718	3120	260.0
1643147073.26	260000	25.110286	0.0	73613985	2366	260.0
1643147080.4	260000	24.6423	0.0	69503182	6603	260.0
1643147085.68	260000	24.788588	0.0	72822670	4549	260.0
1643147091.59	260000	24.997431	0.0	70991563	5339	260.0
1643147096.44	260000	25.277308	0.0	66218671	4239	260.0
1643147105.73	260000	25.024303	0.0	71469145	8729	260.0
1643147107.84	260000	26.429203	0.0	64074874	1513	260.0
1643147109.46	260000	28.097496	0.0	65041967	1084	260.0
1643147111.01	260000	29.839896	0.0	65860507	1036	260.0
1643147112.35	260000	31.560705	0.0	60900183	795	260.0
1643147116.05	260000	32.813595	0.0	65223805	3055	260.0
1643147123.9	260000	33.425375	0.0	61492275	7293	260.0
1643147125.52	260000	35.076788	0.0	57534179	1030	260.0
1643147127.19	260000	36.721799	0.0	64191273	1160	260.0
1643147128.67	260000	38.364978	0.0	57421190	937	260.0
1643147130.11	260000	40.125343	0.0	60358582	934	260.0
1643147131.66	260000	41.869302	0.0	60581734	1045	260.0
1643147133.18	260000	43.514967	0.0	55686462	880	260.0
1643147134.55	260000	45.213842	0.0	61687104	874	260.0
1643147136.19	260000	46.925021	0.0	56994559	1176	260.0
1643147138.19	260000	48.515117	0.0	55162012	1365	260.0
1643147140.21	260000	49.948786	0.0	63612323	1508	260.0
1643147141.96	260000	51.780548	0.0	53712380	1210	260.0
1643147144.16	260000	53.299797	0.0	59826276	1525	260.0
1643147146.08	260000	54.860027	0.0	58861434	1458	260.0
1643147147.85	260000	56.507117	0.0	53320981	1280	260.0
1643147149.78	260000	58.064475	0.0	62494429	1438	260.0
1643147151.59	260000	59.747058	0.0	53458888	1379	260.0
1643147159.84	260000	59.773793	0.0	53798130	1259	260.0
1643147169.46	260000	59.809461	0.0	61358299	1448	260.0
1643147178.91	260000	59.816903	0.0	50406269	1439	260.0
1643147188.5	260000	59.916886	0.0	43226513	1630	260.0
1643147197.61	260000	59.80916	0.0	35938085	1206	260.0
1643147200.81	260000	59.370351	0.0	631698	418	260.0

1643147201.28	8200	1.999999	0.143	385365	27	-37.18
1643147201.39	260000	3.910898	0.0	1757078	4	8.199999999999989
1643147201.49	260000	5.810346	0.0	1560847	5	260.0
1643147201.58	260000	7.716437	0.0	1542805	4	260.0
1643147206.59	260000	4.713275	0.0	83554460	3670	260.0
1643147209.24	260000	4.059004	0.0	88770741	2034	260.0
1643147211.45	260000	5.572081	0.0	84756689	1491	260.0
1643147213.6	260000	7.104393	0.0	85798884	1535	260.0
1643147215.57	260000	8.851152	0.0	86059829	1374	260.0
