1642844589.34	8200	1.999999	0.355	546328	249	-92.3
1642844589.53	8200	3.812649	0.0	790650	84	8.2
1642844589.64	8200	5.700179	0.0	911646	11	8.2
1642844589.75	8200	7.587986	0.0	844970	11	8.2
1642844589.98	11700	9.360125	0.0	3938957	100	8.2
1642844590.19	11700	11.148125	0.0	4536725	98	11.7
1642844590.4	11700	12.940927	0.0	5378836	88	11.7
1642844590.56	11700	14.777959	0.0	4892753	43	11.7
1642844590.77	11700	16.575267	0.0	5587559	45	11.7
1642844590.97	11700	18.371401	0.0	4371099	39	11.7
1642844591.25	32800	20.093195	0.0	10179458	116	11.699999999999996
1642844592.13	32800	21.206343	0.0	7987681	756	32.8
1642844592.37	32800	22.974907	0.0	6249975	107	32.8
1642844592.59	32800	24.755906	0.0	6462926	96	32.8
1642844592.81	32800	26.530891	0.0	6930236	98	32.8
1642844593.03	32800	28.307207	0.0	7176786	96	32.8
1642844593.25	32800	30.087821	0.0	6963959	89	32.8
1642844593.47	32800	31.868099	0.0	7320305	91	32.8
1642844593.69	32800	33.654765	0.0	7420242	87	32.8
1642844593.88	32800	35.45909	0.0	7455282	71	32.8
1642844594.1	32800	37.245944	0.0	7960895	84	32.8
1642844594.28	32800	39.062564	0.0	6396912	58	32.8
1642844595.33	152400	40.012062	0.0	37585290	507	32.80000000000001
1642844596.1	152400	41.241578	0.0	34459282	454	152.4
1642844596.83	152400	42.515774	0.0	37576374	461	152.4
1642844597.63	152400	43.716098	0.0	34095545	493	152.4
1642844598.42	152400	45.055657	0.0	34314045	532	152.4
1642844599.48	152400	46.041194	0.0	34563011	806	152.4
1642844601.03	152400	46.585927	0.0	31292175	1283	152.4
1642844604.03	260000	45.778297	0.0	72822670	2147	152.4
1642844605.36	152400	46.452209	0.0	33877878	1063	44.80000000000001
1642844606.91	152400	47.092578	0.0	31988631	1311	152.4
1642844610.62	152400	45.454656	0.0	34031025	3451	152.4
1642844611.65	32800	46.865053	0.0	6926196	900	-86.8
1642844613.18	32800	47.760659	0.0	7072104	1406	32.8
1642844614.63	32800	48.463534	0.0	7515735	1315	32.8
1642844615.69	32800	49.73091	0.0	7011028	933	32.8
1642844616.67	32800	50.753547	0.0	7307337	852	32.8
1642844617.93	32800	51.755777	0.0	7344127	1132	32.8
1642844619.32	32800	52.366059	0.0	7064203	1265	32.8
1642844619.84	32800	53.989641	0.0	7516082	32	32.8
1642844620.16	32800	55.742151	0.0	7278398	196	32.8
1642844620.43	32800	57.501587	0.0	7481760	145	32.8
1642844620.71	32800	59.220886	0.0	7871221	154	32.8
1642844622.48	32800	59.744595	0.0	7236548	140	32.8
1642844627.03	32800	57.753741	0.0	7418057	4419	32.8
1642844628.08	11700	58.759704	0.0	2718244	315	-9.400000000000002
1642844629.57	11700	59.435635	0.0	2695178	360	11.7
1642844631.47	11700	59.785475	0.0	2782060	277	11.7
1642844634.37	11700	59.825698	0.0	2573837	299	11.7
1642844636.85	11700	59.827871	0.0	2659966	371	11.7
1642844639.11	11700	59.963257	0.0	2747985	146	11.7
1642844644.33	11700	59.975424	0.0	2644475	115	11.7
1642844650.66	11700	59.816023	0.0	2864046	635	11.7
1642844655.96	11700	59.790661	0.0	2785470	606	11.7
1642844660.66	32800	59.9751	0.0	7682661	1482	11.699999999999996
1642844666.65	32800	59.948809	0.0	8703604	1358	32.8
1642844672.02	32800	59.969106	0.0	8166986	2150	32.8
1642844677.29	11700	59.814292	0.0	2998361	1073	-9.400000000000002
1642844688.19	11700	59.787905	0.0	3147034	699	11.7
1642844688.53	11700	59.713051	0.0	139786	167	11.7

1642844688.56	11700	59.689141	0.355	139786	1	-92.3
1642844688.57	11700	59.681076	0.0	139786	1	11.7
1642844688.58	11700	59.681076	0.0	139786	0	11.7
1642844688.59	11700	59.681076	0.0	139786	1	11.7
1642844688.85	8200	1.999999	-0.319	546328	1	87.64
1642844688.88	8200	3.977399	0.0	790650	2	8.2
1642844688.9	8200	5.960602	0.0	911646	2	8.2
1642844688.91	8200	7.943766	0.0	844970	3	8.2
1642844688.96	11700	9.893719	0.0	3938957	8	8.2
1642844689.0	11700	11.852488	0.0	4536725	10	11.7
1642844689.05	11700	13.806206	0.0	5378836	13	11.7
1642844689.1	11700	15.761532	0.0	4892753	16	11.7
1642844689.14	11700	17.716565	0.0	5587559	13	11.7
1642844690.24	32800	18.619268	0.0	12381646	916	11.699999999999996
1642844691.09	32800	19.766683	0.0	10179458	711	32.8
1642844691.73	32800	21.126301	0.0	7987681	506	32.8
1642844692.22	32800	22.637745	0.0	6249975	365	32.8
1642844692.67	32800	24.191849	0.0	6462926	324	32.8
1642844693.14	32800	25.713156	0.0	6930236	352	32.8
1642844693.69	32800	27.169647	0.0	7176786	417	32.8
1642844694.23	32800	28.629981	0.0	6963959	416	32.8
1642844694.82	32800	30.038787	0.0	7320305	466	32.8
1642844695.45	32800	31.408908	0.0	7420242	502	32.8
1642844696.09	32800	32.763464	0.0	7455282	522	32.8
1642844696.73	32800	34.1271	0.0	7960895	505	32.8
1642844697.24	32800	35.618565	0.0	6396912	394	32.8
1642844697.79	32800	37.067797	0.0	7253832	424	32.8
1642844698.37	32800	38.488999	0.0	7034316	454	32.8
1642844698.99	32800	39.95773	0.0	7133512	499	32.8
1642844699.61	32800	41.389828	0.0	7041401	493	32.8
1642844700.25	32800	42.749766	0.0	7143328	514	32.8
1642844700.94	32800	44.057158	0.0	7338535	571	32.8
1642844701.85	32800	45.146865	0.0	6896645	787	32.8
1642844703.09	32800	45.911649	0.0	6714054	1112	32.8
1642844704.79	32800	46.344051	0.0	7018701	1570	32.8
1642844707.5	32800	45.705304	0.0	6838204	2594	32.8
1642844709.5	11700	46.466796	0.0	2448718	1887	-9.400000000000002
1642844710.24	11700	48.074729	0.0	2478629	630	11.7
1642844711.23	11700	49.526219	0.0	2529063	884	11.7
1642844712.2	11700	50.967153	0.0	2621613	862	11.7
1642844712.9	11700	52.491763	0.0	2518225	587	11.7
1642844713.36	11700	54.189366	0.0	2654985	348	11.7
1642844713.77	11700	55.784188	0.0	2594029	302	11.7
1642844714.25	11700	57.723657	0.0	2522793	377	11.7
1642844714.96	11700	59.07263	0.0	2591593	604	11.7
1642844716.99	11700	59.581621	0.0	2642305	915	11.7
1642844718.87	11700	59.893096	0.0	2719235	952	11.7
1642844721.46	11700	59.833083	0.0	2765120	968	11.7
1642844724.02	11700	59.805599	0.0	2628469	458	11.7
1642844726.52	11700	59.613795	0.0	2728942	380	11.7
1642844728.45	11700	59.783608	0.0	2718244	318	11.7
1642844730.88	11700	59.652901	0.0	2695178	313	11.7
1642844732.75	11700	59.915245	0.0	2782060	255	11.7
1642844735.53	11700	59.584707	0.0	2573837	161	11.7
1642844737.8	11700	59.813299	0.0	2659966	154	11.7
1642844740.07	11700	59.758334	0.0	2747985	159	11.7
1642844742.3	11700	59.856236	0.0	2644475	107	11.7
1642844744.72	32800	59.871695	0.0	7936123	276	11.699999999999996
1642844746.64	32800	59.982863	0.0	7845705	273	32.8
1642844749.57	32800	59.595153	0.0	7682661	297	32.8
1642844751.59	32800	59.997663	0.0	8703604	380	32.8
1642844754.49	32800	59.88258	0.0	8166986	759	32.8
1642844756.65	32800	59.756088	0.0	8155312	520	32.8
1642844759.02	32800	59.671756	0.0	9057843	723	32.8
1642844759.13	32800	59.601816	0.0	296571	18	32.8

1642844759.48	8200	1.999999	0.129	427088	27	-33.54
1642844759.51	8200	3.999999	0.0	790650	2	8.2
1642844759.53	8200	5.989358	0.0	911646	7	8.2
1642844759.55	8200	7.969003	0.0	844970	2	8.2
1642844759.61	11700	9.910117	0.0	3938957	12	8.2
1642844759.65	11700	11.866587	0.0	4536725	12	11.7
1642844759.7	11700	13.820119	0.0	5378836	8	11.7
1642844759.74	11700	15.780149	0.0	4892753	9	11.7
1642844759.78	11700	17.738199	0.0	5587559	9	11.7
1642844760.71	32800	18.808859	0.0	12381646	738	11.699999999999996
1642844761.61	32800	19.907628	0.0	10179458	758	32.8
1642844762.45	32800	21.073971	0.0	7987681	699	32.8
1642844763.12	32800	22.399086	0.0	6249975	552	32.8
1642844764.31	32800	23.209351	0.0	6462926	1066	32.8
1642844765.65	32800	23.868222	0.0	6930236	1213	32.8
1642844766.52	32800	24.996609	0.0	7176786	741	32.8
1642844767.88	32800	25.724884	0.0	6963959	1228	32.8
1642844768.18	32800	27.504532	0.0	7320305	163	32.8
1642844768.43	32800	29.254041	0.0	7420242	126	32.8
1642844769.13	32800	30.546019	0.0	7455282	582	32.8
1642844769.37	32800	32.309673	0.0	7960895	107	32.8
1642844769.56	32800	34.118863	0.0	6396912	58	32.8
1642844769.75	32800	35.933455	0.0	7253832	60	32.8
1642844769.93	32800	37.751576	0.0	7034316	60	32.8
1642844770.15	32800	39.530451	0.0	7133512	92	32.8
1642844770.48	32800	41.19877	0.0	7041401	205	32.8
1642844770.82	32800	42.864117	0.0	7143328	208	32.8
1642844771.21	32800	44.480216	0.0	7338535	256	32.8
1642844771.71	32800	45.973519	0.0	6896645	370	32.8
1642844772.49	32800	47.188906	0.0	6714054	657	32.8
1642844773.29	32800	48.519572	0.0	7018701	679	32.8
1642844773.68	32800	50.128696	0.0	6838204	267	32.8
1642844774.08	32800	51.734345	0.0	6922846	269	32.8
1642844774.26	32800	53.546416	0.0	6926196	66	32.8
1642844774.46	32800	55.350295	0.0	7072104	72	32.8
1642844774.67	32800	57.142267	0.0	7515735	77	32.8
1642844774.87	32800	58.944608	0.0	7011028	70	32.8
1642844776.07	32800	59.892528	0.0	7307337	74	32.8
1642844778.29	32800	59.829602	0.0	7344127	90	32.8
1642844781.53	32800	59.763026	0.0	7064203	106	32.8
1642844784.54	32800	59.835998	0.0	7516082	873	32.8
1642844786.79	32800	59.839326	0.0	7278398	111	32.8
1642844790.04	32800	59.532277	0.0	7481760	111	32.8
1642844791.79	32800	59.912857	0.0	7871221	119	32.8
1642844794.62	32800	59.515219	0.0	7236548	197	32.8
1642844796.43	32800	59.83759	0.0	7418057	178	32.8
1642844798.74	32800	59.925761	0.0	7580084	175	32.8
1642844801.07	32800	59.896095	0.0	7306910	196	32.8
1642844803.75	32800	59.909957	0.0	7790808	545	32.8
1642844806.22	32800	59.881615	0.0	7160738	330	32.8
1642844809.33	32800	59.410074	0.0	7565820	218	32.8
1642844811.08	32800	59.89601	0.0	8064139	121	32.8
1642844813.33	32800	59.64598	0.0	7308924	114	32.8
1642844815.08	32800	59.895961	0.0	7936123	113	32.8
1642844817.0	32800	59.926027	0.0	7845705	701	32.8
1642844819.35	32800	59.857612	0.0	7682661	216	32.8
1642844821.73	32800	59.703886	0.0	8703604	241	32.8
1642844824.08	32800	59.747956	0.0	8166986	216	32.8
1642844826.9	32800	59.599849	0.0	8155312	185	32.8
1642844828.75	32800	59.600005	0.0	9057843	216	32.8
1642844828.77	32800	59.557779	0.0	296571	1	32.8

1642844829.04	8200	1.999999	0.018	427088	1	-4.68
1642844829.07	8200	3.999999	0.0	790650	2	8.2
1642844829.1	8200	5.979897	0.0	911646	3	8.2
1642844829.12	8200	7.955001	0.0	844970	2	8.2
1642844829.17	11700	9.907833	0.0	3938957	8	8.2
1642844829.21	11700	11.865573	0.0	4536725	10	11.7
1642844829.5	11700	13.571556	0.0	5378836	170	11.7
1642844829.72	11700	15.354665	0.0	4892753	98	11.7
1642844829.94	11700	17.135207	0.0	5587559	101	11.7
1642844830.33	32800	18.750329	0.0	12381646	203	11.699999999999996
1642844830.64	32800	20.435506	0.0	10179458	173	32.8
1642844830.88	32800	22.195279	0.0	7987681	110	32.8
1642844831.1	32800	23.974876	0.0	6249975	89	32.8
1642844831.31	32800	25.765082	0.0	6462926	86	32.8
1642844831.53	32800	27.549685	0.0	6930236	90	32.8
1642844832.46	152400	28.610399	0.0	40301174	501	32.80000000000001
1642844833.41	152400	29.666986	0.0	39676104	670	152.4
1642844834.39	152400	30.682418	0.0	40793176	745	152.4
1642844835.29	152400	31.782782	0.0	37608977	668	152.4
1642844836.12	152400	32.958876	0.0	35738670	606	152.4
1642844837.2	152400	33.872839	0.0	36020729	841	152.4
1642844838.5	152400	34.972221	0.0	36493721	1040	152.4
1642844841.76	260000	33.847727	0.0	77638812	2553	152.4
1642844843.2	152400	34.407332	0.0	34459282	1171	44.80000000000001
1642844844.87	152400	34.820901	0.0	37576374	1405	152.4
1642844848.55	152400	33.838323	0.0	34095545	3392	152.4
1642844849.6	32800	35.310054	0.0	7143328	916	-86.8
1642844851.16	32800	36.157877	0.0	7338535	1439	32.8
1642844852.5	32800	37.331003	0.0	6896645	1210	32.8
1642844853.57	32800	38.644518	0.0	6714054	941	32.8
1642844854.52	32800	39.933634	0.0	7018701	819	32.8
1642844855.61	32800	41.155436	0.0	6838204	966	32.8
1642844857.26	32800	41.774575	0.0	6922846	1518	32.8
1642844857.6	32800	43.429641	0.0	6926196	220	32.8
1642844857.95	32800	45.080945	0.0	7072104	224	32.8
1642844858.23	32800	46.800388	0.0	7515735	156	32.8
1642844858.5	32800	48.53814	0.0	7011028	136	32.8
1642844858.76	32800	50.27052	0.0	7307337	142	32.8
1642844859.03	32800	52.005074	0.0	7344127	142	32.8
1642844859.34	32800	53.692485	0.0	7064203	190	32.8
1642844859.67	32800	55.363778	0.0	7516082	202	32.8
1642844859.99	32800	57.043918	0.0	7278398	196	32.8
1642844865.71	32800	54.864695	0.0	7481760	5589	32.8
1642844866.47	11700	56.864695	0.0	2765120	636	-9.400000000000002
1642844866.89	8200	58.709492	0.0	1821440	277	4.699999999999999
1642844869.71	8200	59.938365	0.0	1906912	201	8.2
1642844875.04	8200	59.953873	0.0	1861730	216	8.2
1642844881.24	8200	59.845802	0.0	1854838	499	8.2
1642844886.96	8200	59.926932	0.0	1928522	528	8.2
