1642939191.12	8200	1.999999	0.355	546328	248	-92.3
1642939191.42	260000	3.710569	0.0	1757078	98	8.199999999999989
1642939191.62	260000	5.513787	0.0	1560847	17	260.0
1642939191.81	260000	7.314165	0.0	1542805	20	260.0
1642939192.37	32800	8.75626	0.0	12166782	263	-194.39999999999998
1642939192.96	32800	10.170129	0.0	15664097	327	32.8
1642939195.26	152400	9.868353	0.0	68626847	1245	32.80000000000001
1642939197.3	152400	9.83386	0.0	72320713	1379	152.4
1642939199.42	152400	9.856983	0.0	70827999	1523	152.4
1642939201.11	152400	10.487896	0.0	51846012	1239	152.4
1642939203.65	260000	11.099512	0.0	82198417	1871	152.4
1642939206.15	260000	11.766571	0.0	79299299	1771	260.0
1642939208.76	260000	13.489611	0.0	75092129	1844	260.0
1642939211.27	260000	14.854498	0.0	78844622	1942	260.0
1642939213.82	260000	16.317012	0.0	77654479	1784	260.0
1642939216.0	260000	17.886824	0.0	75220977	1625	260.0
1642939218.15	260000	19.389559	0.0	79740890	1603	260.0
1642939220.13	260000	20.978922	0.0	78574581	1433	260.0
1642939222.36	260000	22.42704	0.0	78901633	1621	260.0
1642939224.81	260000	24.056397	0.0	79414941	1855	260.0
1642939227.05	260000	25.61003	0.0	73704781	1564	260.0
1642939229.29	260000	27.136182	0.0	80783826	1639	260.0
1642939231.21	260000	28.679467	0.0	77638812	1370	260.0
1642939233.3	260000	30.331358	0.0	74749470	1541	260.0
1642939235.44	260000	31.814009	0.0	75910911	1505	260.0
1642939238.11	260000	32.952076	0.0	74070687	2099	260.0
1642939241.04	260000	34.159686	0.0	73938718	2375	260.0
1642939243.66	260000	35.624847	0.0	73613985	2086	260.0
1642939245.89	260000	37.359787	0.0	69503182	1698	260.0
1642939248.21	260000	38.924362	0.0	72822670	1760	260.0
1642939250.35	260000	40.386045	0.0	70991563	1522	260.0
1642939252.18	260000	42.226842	0.0	66218671	1274	260.0
1642939254.12	260000	43.868395	0.0	71469145	1220	260.0
1642939256.13	260000	45.527207	0.0	64074874	1362	260.0
1642939258.09	260000	47.192558	0.0	65041967	1283	260.0
1642939260.27	260000	48.744207	0.0	65860507	1461	260.0
1642939262.06	260000	50.397766	0.0	60900183	1296	260.0
1642939264.01	260000	52.118354	0.0	65223805	1359	260.0
1642939265.78	260000	53.697942	0.0	61492275	1257	260.0
1642939267.38	260000	55.488076	0.0	57534179	1119	260.0
1642939269.45	260000	57.023741	0.0	64191273	1538	260.0
1642939271.29	260000	58.650041	0.0	57421190	1359	260.0
1642939275.11	260000	59.913282	0.0	60358582	1362	260.0
1642939287.74	260000	59.889528	0.0	60581734	1427	260.0
1642939297.72	260000	59.72602	0.0	55686462	1423	260.0
1642939309.2	260000	59.851478	0.0	61687104	1428	260.0
1642939319.76	260000	59.877808	0.0	56994559	1520	260.0
1642939330.26	260000	59.884866	0.0	55162012	1468	260.0
1642939341.41	260000	59.884919	0.0	63612323	1649	260.0
1642939352.41	260000	59.857559	0.0	53712380	1404	260.0
1642939361.67	260000	59.787202	0.0	59826276	3158	260.0
1642939373.16	260000	59.773684	0.0	58861434	2906	260.0
1642939383.13	260000	59.763986	0.0	53320981	1447	260.0
