1642907148.65	8200	1.999999	0.388	546328	280	-100.88
1642907149.15	11700	3.508658	0.0	1102047	383	8.2
1642907149.95	11700	4.713235	0.0	1111083	690	11.7
1642907150.8	11700	5.863622	0.0	1066380	745	11.7
1642907152.68	11700	5.976056	0.0	3938957	1759	11.7
1642907155.17	11700	5.491611	0.0	4536725	2365	11.7
1642907158.18	11700	4.551287	0.0	5378836	2883	11.7
1642907160.67	11700	4.263249	0.0	4892753	2370	11.7
1642907163.03	11700	4.010792	0.0	5587559	2238	11.7
1642907165.69	11700	3.844882	0.0	4371099	2531	11.7
1642907167.25	11700	4.467239	0.0	3375218	1180	11.7
1642907169.19	11700	4.552715	0.0	2615238	1830	11.7
1642907170.12	11700	5.624925	0.0	2255191	805	11.7
1642907172.78	11700	5.008668	0.0	2392223	2555	11.7
1642907174.13	8200	5.657037	0.0	1775648	1243	4.699999999999999
1642907177.56	8200	4.230116	2.68	1890012	3322	8.2
1642907178.47	4900	5.31863	0.0	1131748	792	1.6000000000000005
1642907179.34	4900	6.447228	0.0	1098030	768	4.9
1642907181.12	4900	6.663762	0.0	1119258	783	4.9
1642907182.02	4900	7.771176	0.0	1126165	787	4.9
1642907183.94	4900	7.850243	0.0	1166756	1817	4.9
1642907186.54	4900	7.249595	0.0	988609	2493	4.9
1642907186.99	4900	8.796488	0.0	1009447	353	4.9
1642907187.55	4900	10.241702	0.0	1002081	452	4.9
1642907189.39	4900	10.401249	0.0	1052991	1737	4.9
1642907190.2	4900	11.583198	0.0	1019357	714	4.9
1642907190.57	4900	13.21525	0.0	1039341	264	4.9
1642907190.92	4900	14.865784	0.0	1056656	245	4.9
1642907191.27	4900	16.516882	0.0	1061067	247	4.9
1642907191.74	4900	18.050248	0.0	1042935	365	4.9
1642907192.7	11700	19.088603	0.0	2417206	846	4.8999999999999995
1642907193.65	11700	20.138196	0.0	2399895	839	11.7
1642907194.44	11700	21.349948	0.0	2448718	678	11.7
1642907194.83	11700	22.954232	0.0	2478629	287	11.7
1642907195.23	11700	24.552743	0.0	2529063	295	11.7
1642907195.8	11700	25.990717	0.0	2621613	455	11.7
1642907196.36	11700	27.434451	0.0	2518225	439	11.7
1642907197.35	32800	28.435069	0.0	7307337	853	11.699999999999996
1642907198.47	32800	29.318102	0.0	7344127	988	32.8
1642907199.31	32800	30.486332	0.0	7064203	706	32.8
1642907200.03	32800	31.759598	0.0	7516082	584	32.8
1642907200.69	32800	33.096347	0.0	7278398	530	32.8
1642907201.35	32800	34.440956	0.0	7481760	524	32.8
1642907201.91	32800	35.878089	0.0	7871221	424	32.8
1642907202.44	32800	37.350934	0.0	7236548	384	32.8
1642907202.94	32800	38.844041	0.0	7418057	370	32.8
1642907203.46	32800	40.326635	0.0	7580084	385	32.8
1642907203.98	32800	41.802962	0.0	7306910	393	32.8
1642907210.71	260000	37.075653	0.0	63612323	5581	32.80000000000001
1642907211.68	32800	38.105742	0.0	7160738	835	-194.39999999999998
1642907212.7	32800	39.086127	0.0	7565820	882	32.8
1642907213.86	32800	39.925937	0.0	8064139	1022	32.8
1642907215.03	32800	40.766037	0.0	7308924	1024	32.8
1642907215.82	32800	41.965052	0.0	7936123	660	32.8
1642907216.48	32800	43.312143	0.0	7845705	519	32.8
1642907217.02	32800	44.768594	0.0	7682661	412	32.8
1642907217.66	32800	46.127604	0.0	8703604	493	32.8
1642907218.29	32800	47.498978	0.0	8166986	480	32.8
1642907218.87	32800	48.919876	0.0	8155312	440	32.8
1642907219.51	32800	50.283096	0.0	9057843	498	32.8
1642907219.63	32800	50.19201	0.0	296571	15	32.8

1642907220.09	8200	1.999999	0.12	427088	25	-31.2
1642907220.31	32800	3.824462	0.0	1705511	99	8.199999999999996
1642907220.49	32800	5.647672	0.0	1560846	71	32.8
1642907220.67	32800	7.467744	0.0	1542804	70	32.8
1642907221.45	32800	8.688032	0.0	12166782	567	32.8
1642907222.43	32800	9.702369	0.0	15664097	792	32.8
1642907227.82	260000	6.312581	0.0	84756689	3997	32.80000000000001
1642907233.38	260000	4.701171	0.0	85798884	4755	260.0
1642907237.7	260000	5.455467	0.0	86059829	3778	260.0
1642907241.69	260000	6.753947	0.0	83431241	3459	260.0
1642907246.13	260000	8.025001	0.0	82198417	3770	260.0
1642907250.68	260000	9.258425	0.0	79299299	3997	260.0
1642907256.15	260000	10.258179	0.0	75092129	4992	260.0
1642907264.1	260000	11.058609	0.0	78844622	7480	260.0
1642907265.26	32800	12.769269	0.0	6930236	945	-194.39999999999998
1642907265.94	32800	14.65593	0.0	7176786	556	32.8
1642907266.58	32800	16.546907	0.0	6963959	517	32.8
1642907267.22	32800	18.42684	0.0	7320305	513	32.8
1642907267.93	32800	20.388396	0.0	7420242	575	32.8
1642907268.61	32800	22.141651	0.0	7455282	553	32.8
1642907269.31	32800	24.141651	0.0	7960895	556	32.8
1642907269.8	32800	25.98432	0.0	6396912	373	32.8
1642907270.35	32800	27.98432	0.0	7253832	422	32.8
1642907271.02	32800	29.832963	0.0	7034316	548	32.8
1642907271.67	32800	31.653977	0.0	7133512	520	32.8
1642907272.29	32800	33.591735	0.0	7041401	493	32.8
1642907272.91	32800	35.4986	0.0	7143328	500	32.8
1642907273.58	32800	37.407084	0.0	7338535	536	32.8
1642907274.24	32800	39.289855	0.0	6896645	537	32.8
1642907274.89	32800	40.924882	0.0	6714054	522	32.8
1642907275.57	32800	42.899623	0.0	7018701	546	32.8
1642907276.24	32800	44.899623	0.0	6838204	533	32.8
1642907276.91	32800	46.84004	0.0	6922846	539	32.8
1642907277.52	32800	48.664149	0.0	6926196	488	32.8
1642907278.06	32800	50.664149	0.0	7072104	413	32.8
1642907278.68	32800	52.508035	0.0	7515735	491	32.8
1642907279.29	32800	54.352721	0.0	7011028	490	32.8
1642907279.99	32800	56.352721	0.0	7307337	568	32.8
1642907280.73	32800	58.113161	0.0	7344127	611	32.8
1642907281.96	32800	59.816003	0.0	7064203	595	32.8
1642907293.16	32800	59.824683	0.0	7516082	553	32.8
1642907304.43	32800	59.984249	0.0	7278398	1052	32.8
1642907315.3	32800	59.861149	0.0	7481760	1136	32.8
1642907324.82	32800	59.977463	0.0	7871221	1307	32.8
1642907327.34	32800	59.885113	0.0	7236548	800	32.8
1642907329.84	32800	59.846288	0.0	7418057	357	32.8
1642907332.33	32800	59.604946	0.0	7580084	364	32.8
1642907334.3	32800	59.860784	0.0	7306910	336	32.8
1642907336.77	32800	59.827833	0.0	7790808	338	32.8
1642907339.29	32800	59.855904	0.0	7160738	384	32.8
1642907342.29	260000	58.84459	0.0	59826276	2620	32.80000000000001
