1643136282.0	8200	1.999999	0.355	546328	249	-92.3
1643136282.28	260000	3.718566	0.0	1757078	99	8.199999999999989
1643136282.49	260000	5.517418	0.0	1560847	18	260.0
1643136282.68	260000	7.324408	0.0	1542805	17	260.0
1643136283.2	32800	8.79928	0.0	12166782	246	-194.39999999999998
1643136283.83	32800	10.173645	0.0	15664097	312	32.8
1643136286.27	152400	9.735467	0.0	68626847	1461	32.80000000000001
1643136288.81	152400	9.193335	0.0	72320713	1866	152.4
1643136291.06	152400	9.333649	0.0	70827999	1708	152.4
1643136292.94	152400	9.921648	0.0	51846012	1417	152.4
1643136295.11	152400	10.629471	0.0	57184643	1537	152.4
1643136297.73	260000	11.680312	0.0	79299299	2037	152.4
1643136300.19	260000	13.150002	0.0	75092129	1859	260.0
1643136302.74	260000	14.609412	0.0	78844622	1783	260.0
1643136305.3	260000	15.875719	0.0	77654479	1975	260.0
1643136307.13	260000	17.751002	0.0	75220977	1274	260.0
1643136308.95	260000	19.499881	0.0	79740890	1174	260.0
1643136310.63	260000	21.06241	0.0	78574581	1128	260.0
1643136312.87	260000	22.654113	0.0	78901633	1620	260.0
1643136315.17	260000	24.133333	0.0	79414941	1763	260.0
1643136317.65	260000	25.704399	0.0	73704781	1931	260.0
1643136320.66	260000	27.116172	0.0	80783826	2261	260.0
1643136324.07	260000	28.333308	0.0	77638812	2686	260.0
1643136327.29	260000	29.471712	0.0	74749470	2694	260.0
1643136330.46	260000	30.726614	0.0	75910911	2609	260.0
1643136333.41	260000	31.87587	0.0	74070687	2339	260.0
1643136336.25	260000	32.973812	0.0	73938718	2083	260.0
1643136338.59	260000	34.445114	0.0	73613985	1676	260.0
1643136340.62	260000	36.057072	0.0	69503182	1352	260.0
1643136342.46	260000	37.678517	0.0	72822670	1207	260.0
1643136344.4	260000	39.444779	0.0	70991563	1340	260.0
1643136346.77	260000	40.927392	0.0	66218671	1868	260.0
1643136349.31	260000	42.395568	0.0	71469145	1951	260.0
1643136351.86	260000	43.814711	0.0	64074874	2018	260.0
1643136354.37	260000	45.556868	0.0	65041967	1946	260.0
1643136356.92	260000	46.890262	0.0	65860507	1951	260.0
1643136359.49	260000	48.51966	0.0	60900183	2003	260.0
1643136361.9	260000	50.102221	0.0	65223805	1949	260.0
1643136364.12	260000	51.685342	0.0	61492275	1776	260.0
1643136366.16	260000	53.280872	0.0	57534179	1432	260.0
1643136368.26	260000	54.951419	0.0	64191273	1381	260.0
1643136369.83	260000	56.645546	0.0	57421190	1105	260.0
1643136371.59	260000	58.35531	0.0	60358582	1287	260.0
1643136374.27	260000	59.868221	0.0	60581734	1199	260.0
1643136384.08	260000	59.974733	0.0	55686462	1304	260.0
1643136394.65	260000	59.715387	0.0	61687104	1509	260.0
1643136406.04	260000	59.815481	0.0	56994559	1840	260.0
1643136418.11	260000	59.81362	0.0	55162012	1395	260.0
1643136427.75	260000	59.780569	0.0	63612323	1685	260.0
1643136438.33	260000	59.882023	0.0	53712380	1105	260.0
1643136447.55	260000	59.790431	0.0	59826276	1702	260.0
1643136458.88	260000	59.479638	0.0	58861434	4231	260.0
1643136469.03	260000	59.838472	0.0	53320981	3013	260.0
1643136480.14	260000	59.864407	0.0	62494429	1539	260.0
