1642942266.14	8200	1.999999	0.356	546328	250	-92.56
1642942266.5	260000	3.651264	0.0	1757078	168	8.199999999999989
1642942266.75	260000	5.396536	0.0	1560847	78	260.0
1642942267.06	260000	7.086982	0.0	1542805	135	260.0
1642942268.3	32800	7.850285	0.0	12166782	940	-194.39999999999998
1642942268.78	11700	9.365994	0.0	4536725	287	-9.400000000000002
1642942269.32	11700	10.831521	0.0	5378836	342	11.7
1642942270.54	32800	11.604332	0.0	15851372	954	11.699999999999996
1642942273.24	32800	10.911193	0.0	14688721	2457	32.8
1642942274.23	11700	11.918912	0.0	4371099	805	-9.400000000000002
1642942275.78	32800	13.073748	0.0	10179458	1335	11.699999999999996
1642942276.48	32800	14.37044	0.0	7987681	508	32.8
1642942276.76	8200	16.175387	0.0	1563332	99	-16.400000000000002
1642942276.99	4900	18.003724	0.0	1007353	48	1.6000000000000005
1642942277.29	11700	19.725275	0.0	2491394	114	4.8999999999999995
1642942279.61	152400	19.593623	0.0	40301174	1787	11.700000000000017
1642942282.04	152400	19.566607	0.0	39676104	2041	152.4
1642942284.84	152400	19.837522	0.0	40793176	2391	152.4
1642942286.93	152400	20.442596	0.0	37608977	1647	152.4
1642942291.23	260000	18.711776	0.0	79414941	3256	152.4
1642942295.19	260000	17.087022	0.0	73704781	3403	260.0
1642942299.76	260000	14.50773	0.0	80783826	3971	260.0
1642942305.26	260000	14.320969	0.0	77638812	4714	260.0
1642942307.83	260000	15.561784	0.0	74749470	1873	260.0
1642942309.29	260000	16.984771	0.0	75910911	913	260.0
1642942310.76	260000	18.382383	0.0	74070687	924	260.0
1642942314.06	260000	19.270616	0.0	73938718	2600	260.0
1642942316.65	260000	20.454607	0.0	73613985	2081	260.0
1642942321.11	260000	20.987622	0.0	69503182	3943	260.0
1642942325.03	260000	21.85743	0.0	72822670	3275	260.0
1642942328.7	260000	23.057277	0.0	70991563	3150	260.0
1642942332.7	260000	24.24902	0.0	66218671	3303	260.0
1642942336.0	260000	25.754712	0.0	71469145	2712	260.0
1642942338.98	260000	27.129721	0.0	64074874	2382	260.0
1642942342.16	260000	28.420402	0.0	65041967	2658	260.0
1642942345.62	260000	29.808996	0.0	65860507	2952	260.0
1642942348.76	260000	31.17915	0.0	60900183	2643	260.0
1642942351.71	260000	32.459143	0.0	65223805	2427	260.0
1642942354.69	260000	34.272028	0.0	61492275	2322	260.0
1642942357.68	260000	35.705054	0.0	57534179	2516	260.0
1642942360.82	260000	37.170601	0.0	64191273	2597	260.0
1642942363.93	260000	38.526536	0.0	57421190	2622	260.0
1642942367.7	260000	39.764107	0.0	60358582	3276	260.0
1642942371.89	260000	41.109112	0.0	60581734	3669	260.0
1642942375.05	260000	42.404296	0.0	55686462	2703	260.0
1642942378.31	260000	43.856651	0.0	61687104	2778	260.0
1642942381.58	260000	45.079216	0.0	56994559	2809	260.0
1642942385.68	260000	46.389783	0.0	55162012	3654	260.0
1642942389.89	260000	47.465338	0.0	63612323	3628	260.0
1642942392.21	260000	49.046258	0.0	53712380	1898	260.0
1642942393.23	260000	50.889039	0.0	59826276	525	260.0
1642942394.08	260000	52.694282	0.0	58861434	403	260.0
1642942395.01	260000	54.427382	0.0	53320981	509	260.0
1642942396.94	260000	56.020739	0.0	62494429	1407	260.0
1642942398.16	260000	57.777212	0.0	53458888	785	260.0
1642942399.63	260000	59.498347	0.0	53798130	1004	260.0
1642942407.17	260000	59.917836	0.0	61358299	1529	260.0
1642942417.54	260000	59.887626	0.0	50406269	1365	260.0
1642942425.9	260000	59.913787	0.0	43226513	1337	260.0
1642942436.46	260000	59.755956	0.0	35938085	1262	260.0
1642942437.01	260000	59.78929	0.0	631698	417	260.0

1642942437.12	11700	59.78929	0.356	139786	0	-92.56
1642942437.18	260000	59.78929	0.0	631698	3	11.699999999999989
1642942437.86	8200	1.999999	0.099	2049018	343	-269.34000000000003
1642942438.05	11700	3.848148	0.0	1102047	9	8.2
1642942438.23	11700	5.668623	0.0	1111083	9	11.7
1642942438.41	11700	7.488774	0.0	1066380	9	11.7
1642942438.64	11700	9.261878	0.0	3938957	39	11.7
1642942438.75	11700	11.147915	0.0	4536725	6	11.7
1642942441.7	260000	10.196574	0.0	84756689	1603	11.699999999999989
1642942444.2	260000	9.695863	0.0	85798884	1666	260.0
1642942447.05	260000	8.845182	0.0	86059829	2207	260.0
1642942449.74	260000	8.162147	0.0	83431241	2098	260.0
1642942452.46	260000	9.630649	0.0	82198417	2046	260.0
1642942455.0	260000	11.146639	0.0	79299299	1947	260.0
1642942457.95	260000	12.619009	0.0	75092129	2284	260.0
1642942460.7	260000	14.126685	0.0	78844622	2188	260.0
1642942463.75	260000	15.679582	0.0	77654479	2284	260.0
