1643137180.97	8200	1.999999	0.355	546328	250	-92.3
1643137181.26	260000	3.710799	0.0	1757078	102	8.199999999999989
1643137181.46	260000	5.507902	0.0	1560847	26	260.0
1643137181.68	260000	7.302838	0.0	1542805	29	260.0
1643137182.2	32800	8.775731	0.0	12166782	244	-194.39999999999998
1643137182.83	32800	10.143953	0.0	15664097	313	32.8
1643137186.88	152400	8.091071	0.0	68626847	3211	32.80000000000001
1643137191.17	152400	6.442937	0.0	72320713	3724	152.4
1643137194.16	32800	6.690915	0.0	14688721	2749	-86.8
1643137194.72	11700	8.28631	0.0	4371099	369	-9.400000000000002
1643137195.13	11700	9.946343	0.0	3375218	235	11.7
1643137195.5	11700	11.667544	0.0	2615238	182	11.7
1643137195.92	32800	13.667544	0.0	6249975	218	11.699999999999996
1643137196.33	32800	15.667544	0.0	6462926	226	32.8
1643137198.2	152400	17.430309	0.0	42807747	1530	32.80000000000001
1643137199.9	152400	19.001957	0.0	40301174	1296	152.4
1643137203.06	260000	20.514776	0.0	79740890	2667	152.4
1643137205.06	260000	22.043059	0.0	78574581	1510	260.0
1643137207.19	260000	23.706134	0.0	78901633	1611	260.0
1643137209.29	260000	25.268429	0.0	79414941	1558	260.0
1643137215.55	260000	25.779053	0.0	73704781	5790	260.0
1643137218.87	260000	25.519482	0.0	80783826	2692	260.0
1643137221.6	260000	24.795136	0.0	77638812	2145	260.0
1643137223.91	260000	24.48059	0.0	74749470	1803	260.0
1643137226.08	260000	24.348351	0.0	75910911	1507	260.0
1643137227.9	260000	24.9529	0.0	74070687	1286	260.0
1643137229.41	260000	25.858501	0.0	73938718	972	260.0
1643137231.37	260000	27.420165	0.0	73613985	1409	260.0
1643137232.71	260000	28.878526	0.0	69503182	832	260.0
1643137234.84	260000	30.461476	0.0	72822670	1540	260.0
1643137236.5	260000	31.82121	0.0	70991563	1156	260.0
1643137243.12	260000	31.816194	0.0	66218671	6186	260.0
1643137244.68	260000	33.44846	0.0	71469145	1079	260.0
1643137246.51	260000	35.161992	0.0	64074874	1273	260.0
1643137248.14	260000	36.799574	0.0	65041967	1209	260.0
1643137250.15	260000	38.402145	0.0	65860507	1549	260.0
1643137252.02	260000	40.06556	0.0	60900183	1328	260.0
1643137253.97	260000	41.59031	0.0	65223805	1383	260.0
1643137256.02	260000	43.293514	0.0	61492275	1501	260.0
1643137257.87	260000	44.929093	0.0	57534179	1401	260.0
1643137261.63	260000	46.237528	0.0	64191273	3282	260.0
1643137272.51	260000	46.355181	0.0	57421190	10479	260.0
1643137276.48	152400	47.562418	0.0	34143965	3529	44.80000000000001
1643137281.81	152400	48.629392	0.0	35599566	4971	152.4
1643137283.32	152400	50.408092	0.0	31880015	1192	152.4
1643137284.13	152400	52.251662	0.0	35467287	477	152.4
1643137284.97	152400	53.977485	0.0	35220717	474	152.4
1643137286.23	260000	55.765749	0.0	55162012	792	152.4
1643137287.95	260000	57.460711	0.0	63612323	1172	260.0
1643137289.32	260000	59.315694	0.0	53712380	895	260.0
1643137295.2	260000	59.816152	0.0	59826276	892	260.0
1643137306.06	260000	59.881955	0.0	58861434	1714	260.0
1643137316.54	260000	59.862567	0.0	53320981	1498	260.0
1643137325.67	260000	59.770734	0.0	62494429	1598	260.0
1643137337.12	260000	59.881193	0.0	53458888	1435	260.0
1643137348.69	260000	59.91445	0.0	53798130	1527	260.0
1643137358.85	260000	59.982033	0.0	61358299	1546	260.0
1643137369.42	260000	59.89441	0.0	50406269	1499	260.0
1643137378.37	260000	59.834945	0.0	43226513	1360	260.0
