1642920888.52	8200	1.999999	0.366	546328	259	-95.16
1642920889.12	260000	3.397752	0.0	1757078	410	8.199999999999989
1642920889.49	260000	5.02912	0.0	1560847	182	260.0
1642920889.85	260000	6.67141	0.0	1542805	178	260.0
1642920892.99	32800	5.528319	0.0	12166782	2862	-194.39999999999998
1642920893.52	11700	6.999692	0.0	4536725	323	-9.400000000000002
1642920894.95	32800	7.57628	0.0	15560661	1153	11.699999999999996
1642920895.67	11700	8.851823	0.0	4892753	525	-9.400000000000002
1642920896.43	11700	10.0949	0.0	5587559	556	11.7
1642920897.51	32800	11.282771	0.0	12381646	836	11.699999999999996
1642920901.38	152400	9.713764	0.0	57184643	2970	32.80000000000001
1642920903.6	152400	10.427746	0.0	48821461	1767	152.4
1642920905.47	152400	10.820167	0.0	44466772	1462	152.4
1642920907.46	152400	10.828266	0.0	45810515	1556	152.4
1642920910.42	260000	10.716948	0.0	77654479	2345	152.4
1642920913.16	260000	11.638808	0.0	75220977	2150	260.0
1642920916.37	260000	12.862426	0.0	79740890	2432	260.0
1642920919.46	260000	14.066896	0.0	78574581	2435	260.0
1642920922.95	260000	15.099105	0.0	78901633	2819	260.0
1642920926.23	260000	16.19174	0.0	79414941	2754	260.0
1642920929.27	260000	17.379534	0.0	73704781	2547	260.0
1642920934.13	260000	17.844249	0.0	80783826	4101	260.0
1642920939.81	260000	18.190638	0.0	77638812	5185	260.0
1642920953.74	260000	17.41039	0.0	74749470	13260	260.0
1642920956.58	260000	19.220415	0.0	75910911	2075	260.0
1642920958.21	260000	20.900766	0.0	74070687	1089	260.0
1642920960.27	260000	22.506875	0.0	73938718	1542	260.0
1642920962.87	260000	24.048661	0.0	73613985	2098	260.0
1642920965.24	260000	25.655073	0.0	69503182	1832	260.0
1642920967.66	260000	27.177469	0.0	72822670	1865	260.0
1642920970.14	260000	28.649842	0.0	70991563	1797	260.0
1642920972.62	260000	30.118827	0.0	66218671	2042	260.0
1642920975.53	260000	31.596863	0.0	71469145	2367	260.0
1642920978.02	260000	33.304066	0.0	64074874	1871	260.0
1642920980.39	260000	34.912227	0.0	65041967	1772	260.0
1642920982.71	260000	36.355417	0.0	65860507	1606	260.0
1642920984.98	260000	38.005786	0.0	60900183	1811	260.0
1642920987.27	260000	39.563446	0.0	65223805	1767	260.0
1642920989.53	260000	41.186081	0.0	61492275	1718	260.0
1642920991.72	260000	42.665697	0.0	57534179	1780	260.0
1642920994.23	260000	44.278654	0.0	64191273	1867	260.0
1642920996.26	260000	45.803671	0.0	57421190	1634	260.0
1642921000.28	260000	47.189504	0.0	60358582	3424	260.0
1642921004.26	260000	48.36442	0.0	60581734	3324	260.0
1642921009.54	260000	49.417923	0.0	55686462	4832	260.0
1642921012.57	260000	50.853017	0.0	61687104	2511	260.0
1642921015.0	260000	52.28563	0.0	56994559	2026	260.0
1642921018.03	260000	53.701681	0.0	55162012	2469	260.0
1642921022.69	260000	54.966428	0.0	63612323	4086	260.0
1642921025.49	260000	56.494561	0.0	53712380	2244	260.0
1642921030.04	260000	57.819921	0.0	59826276	3941	260.0
1642921032.57	260000	59.331759	0.0	58861434	2098	260.0
1642921040.14	260000	59.871796	0.0	53320981	2083	260.0
1642921049.03	260000	59.803229	0.0	62494429	2699	260.0
1642921059.9	260000	59.814549	0.0	53458888	4768	260.0
1642921070.21	260000	59.87845	0.0	53798130	2751	260.0
1642921080.17	260000	59.886865	0.0	61358299	2887	260.0
