1642911563.14	8200	1.999999	0.347	546328	250	-90.22
1642911563.37	11700	3.783372	0.0	1102047	115	8.2
1642911563.55	11700	5.598087	0.0	1111083	77	11.7
1642911563.73	11700	7.422858	0.0	1066380	73	11.7
1642911564.11	11700	9.038729	0.0	3938957	259	11.7
1642911565.42	32800	9.728307	0.0	15664097	1065	11.699999999999996
1642911566.8	32800	10.34857	0.0	15560661	1209	32.8
1642911569.4	32800	9.752686	0.0	15851372	2417	32.8
1642911570.8	32800	10.352749	0.0	14688721	1232	32.8
1642911572.02	32800	11.208937	0.0	12381646	1066	32.8
1642911572.94	32800	12.293744	0.0	10179458	711	32.8
1642911573.63	32800	13.749083	0.0	7987681	559	32.8
1642911574.17	32800	15.441926	0.0	6249975	413	32.8
1642911574.7	32800	17.05749	0.0	6462926	410	32.8
1642911575.4	32800	18.604981	0.0	6930236	566	32.8
1642911576.13	32800	20.011757	0.0	7176786	605	32.8
1642911576.79	32800	21.690246	0.0	6963959	543	32.8
1642911578.01	32800	23.1003	0.0	7320305	1098	32.8
1642911578.57	32800	24.750531	0.0	7420242	432	32.8
1642911579.22	32800	26.261877	0.0	7455282	530	32.8
1642911580.09	32800	27.750596	0.0	7960895	734	32.8
1642911580.95	32800	29.445445	0.0	6396912	731	32.8
1642911581.5	32800	31.051736	0.0	7253832	423	32.8
1642911582.09	32800	32.654924	0.0	7034316	460	32.8
1642911582.85	32800	34.143944	0.0	7133512	626	32.8
1642911586.97	32800	33.518736	0.0	7041401	1038	32.8
1642911587.21	32800	35.332313	0.0	7143328	101	32.8
1642911587.45	32800	37.15206	0.0	7338535	105	32.8
1642911587.68	32800	38.96373	0.0	6896645	99	32.8
1642911587.91	32800	40.799107	0.0	6714054	96	32.8
1642911588.11	32800	42.64535	0.0	7018701	66	32.8
1642911590.26	260000	42.906832	0.0	66218671	1373	32.80000000000001
1642911592.26	260000	43.433126	0.0	71469145	1229	260.0
1642911593.55	260000	44.226273	0.0	64074874	845	260.0
1642911595.29	260000	44.9687	0.0	65041967	1352	260.0
1642911597.2	260000	45.130123	0.0	65860507	1282	260.0
1642911599.26	260000	45.255228	0.0	60900183	1616	260.0
1642911601.73	260000	45.229275	0.0	65223805	1963	260.0
1642911605.8	260000	43.837859	0.0	61492275	3597	260.0
1642911610.56	260000	41.834958	0.0	57534179	4230	260.0
1642911615.77	260000	38.869571	0.0	64191273	4794	260.0
1642911616.83	32800	39.930417	0.0	7278398	827	-194.39999999999998
1642911617.36	32800	41.496223	0.0	7481760	402	32.8
1642911617.92	32800	42.938463	0.0	7871221	423	32.8
1642911618.55	32800	44.30974	0.0	7236548	504	32.8
1642911619.15	32800	45.709335	0.0	7418057	477	32.8
1642911619.72	32800	47.139605	0.0	7580084	442	32.8
1642911620.27	32800	48.587021	0.0	7306910	426	32.8
1642911620.85	32800	50.007113	0.0	7790808	454	32.8
1642911621.36	32800	51.499341	0.0	7160738	384	32.8
1642911621.89	32800	52.967609	0.0	7565820	407	32.8
1642911622.45	32800	54.403802	0.0	8064139	434	32.8
1642911622.97	32800	55.883931	0.0	7308924	393	32.8
1642911623.54	32800	57.328117	0.0	7936123	428	32.8
1642911624.1	32800	58.758201	0.0	7845705	435	32.8
1642911625.18	32800	59.880033	0.0	7682661	448	32.8
1642911627.43	32800	59.651932	0.0	8703604	608	32.8
1642911629.03	32800	59.901883	0.0	8166986	466	32.8
1642911631.35	32800	59.854428	0.0	8155312	181	32.8
1642911633.37	32800	59.604494	0.0	9057843	372	32.8
1642911637.01	32800	57.653449	0.0	296571	102	32.8

1642911637.05	32800	57.653449	0.347	296571	0	-90.22
1642911637.06	32800	57.653449	0.0	296571	1	32.8
1642911637.07	32800	57.653449	0.0	296571	0	32.8
1642911637.08	32800	57.653449	0.0	296571	1	32.8
1642911637.6	8200	1.999999	-0.114	385365	134	13.240000000000002
1642911637.63	11700	3.987324	0.0	1102047	3	8.2
1642911638.17	32800	5.454417	0.0	1560846	419	11.699999999999996
1642911638.19	11700	7.431182	0.0	1066380	3	-9.400000000000002
1642911644.37	32800	3.250523	0.0	12166782	5951	11.699999999999996
1642911646.86	11700	3.143509	0.0	4536725	2281	-9.400000000000002
1642911650.75	11700	2.309548	0.678	5378836	3767	-164.58
1642911652.32	11700	2.964773	0.0	4892753	1448	11.7
1642911653.13	11700	4.31214	0.0	5587559	684	11.7
1642911653.87	11700	5.580498	0.0	4371099	612	11.7
1642911654.45	11700	6.997152	0.0	3375218	472	11.7
1642911654.92	11700	8.522049	0.0	2615238	365	11.7
1642911655.93	32800	9.519086	0.0	6249975	875	11.699999999999996
1642911656.96	32800	10.485564	0.0	6462926	910	32.8
1642911658.23	32800	11.216654	0.0	6930236	1138	32.8
1642911659.47	32800	11.977347	0.0	7176786	1109	32.8
1642911660.64	32800	12.805975	0.0	6963959	1041	32.8
1642911662.26	32800	13.185842	0.0	7320305	1489	32.8
1642911663.54	32800	13.902427	0.0	7420242	1148	32.8
1642911664.91	32800	14.641134	0.0	7455282	1237	32.8
1642911666.35	32800	15.57986	0.0	7960895	1293	32.8
1642911667.48	32800	16.488613	0.0	6396912	1005	32.8
1642911668.69	32800	17.415453	0.0	7253832	1081	32.8
1642911670.02	32800	18.319269	0.0	7034316	1202	32.8
1642911671.4	32800	19.045472	0.0	7133512	1247	32.8
1642911672.09	32800	20.584753	0.0	7041401	554	32.8
1642911672.45	32800	22.221002	0.0	7143328	226	32.8
1642911672.81	32800	23.981076	0.0	7338535	233	32.8
1642911673.01	32800	25.794307	0.0	6896645	60	32.8
1642911673.25	32800	27.581624	0.0	6714054	58	32.8
1642911675.61	260000	27.582307	0.0	70991563	1196	32.80000000000001
1642911677.08	260000	28.158954	0.0	66218671	911	260.0
1642911678.7	260000	28.853158	0.0	71469145	1188	260.0
1642911681.1	260000	28.650058	0.0	64074874	1987	260.0
1642911682.4	260000	29.446154	0.0	65041967	931	260.0
1642911683.77	260000	30.258199	0.0	65860507	947	260.0
1642911685.01	260000	31.434965	0.0	60900183	868	260.0
1642911686.74	260000	31.714354	0.0	65223805	1329	260.0
1642911688.75	260000	31.889124	0.0	61492275	1601	260.0
1642911690.77	260000	32.073148	0.0	57534179	1433	260.0
1642911692.73	260000	32.354754	0.0	64191273	1529	260.0
1642911694.51	260000	32.759291	0.0	57421190	1445	260.0
1642911696.36	260000	33.1282	0.0	60358582	1441	260.0
1642911698.58	260000	32.987891	0.0	60581734	1693	260.0
1642911700.53	260000	33.03915	0.0	55686462	1450	260.0
1642911702.97	260000	32.591452	0.0	61687104	1938	260.0
1642911705.4	260000	33.713471	0.0	56994559	1947	260.0
1642911707.78	260000	35.19193	0.0	55162012	1775	260.0
1642911710.67	260000	36.556031	0.0	63612323	2339	260.0
1642911713.01	260000	38.043985	0.0	53712380	1871	260.0
1642911715.82	260000	39.501276	0.0	59826276	2359	260.0
1642911718.48	260000	40.913945	0.0	58861434	2166	260.0
1642911720.68	260000	42.424567	0.0	53320981	1785	260.0
1642911723.12	260000	43.879217	0.0	62494429	1868	260.0
1642911725.45	260000	45.470185	0.0	53458888	1927	260.0
1642911728.72	260000	46.614958	0.0	53798130	2948	260.0
1642911731.68	260000	48.061005	0.0	61358299	2560	260.0
1642911735.52	260000	49.224799	0.0	50406269	3426	260.0
1642911739.73	260000	50.168311	0.0	43226513	3857	260.0
1642911740.17	32800	52.168311	0.0	9057843	299	-194.39999999999998
1642911740.19	32800	52.201645	0.0	296571	1	32.8

1642911740.21	32800	52.201645	0.911	296571	1	-236.86
1642911740.22	32800	52.201645	0.0	296571	0	32.8
1642911740.23	32800	52.201645	0.0	296571	1	32.8
1642911740.25	32800	52.201645	0.0	296571	1	32.8
1642911740.5	8200	1.999999	-0.883	385365	3	213.18
1642911740.52	11700	3.994984	0.0	1102047	2	8.2
1642911740.55	32800	5.965193	0.0	1560846	4	11.699999999999996
1642911740.7	32800	7.815767	0.0	1542804	45	32.8
1642911741.38	32800	9.140314	0.0	12166782	459	32.8
1642911742.25	32800	10.267293	0.0	15664097	675	32.8
1642911751.65	260000	3.940422	0.0	84756689	8161	32.80000000000001
1642911753.27	32800	4.940799	0.0	15851372	1360	-194.39999999999998
1642911754.3	32800	6.234873	0.0	14688721	857	32.8
1642911755.58	32800	7.703658	0.0	12381646	1142	32.8
1642911757.13	32800	9.700034	0.0	10179458	1411	32.8
1642911757.74	32800	11.549319	0.0	7987681	466	32.8
1642911758.25	32800	13.549319	0.0	6249975	391	32.8
1642911758.78	32800	15.308776	0.0	6462926	411	32.8
1642911759.39	32800	17.308776	0.0	6930236	483	32.8
1642911760.02	32800	19.151897	0.0	7176786	502	32.8
1642911760.63	32800	20.917401	0.0	6963959	488	32.8
1642911761.5	32800	22.906068	0.0	7320305	737	32.8
1642911762.61	32800	24.748825	0.0	7420242	977	32.8
