1643765601.3	8200	1.999999	0.357	546328	250	-92.82
1643765601.54	11700	3.763126	0.0	1102047	111	8.2
1643765601.71	11700	5.59056	0.0	1111083	63	11.7
1643765601.88	11700	7.424496	0.0	1066380	62	11.7
1643765602.22	11700	9.086686	0.0	3938957	213	11.7
1643765603.22	32800	10.081954	0.0	15664097	795	11.699999999999996
1643765604.24	32800	11.065085	0.0	15560661	857	32.8
1643765605.31	32800	11.990645	0.0	15851372	900	32.8
1643765606.67	32800	12.63176	0.0	14688721	1204	32.8
1643765609.27	32800	12.029957	0.0	12381646	2451	32.8
1643765610.01	32800	13.290414	0.0	10179458	599	32.8
1643765610.71	32800	14.600737	0.0	7987681	559	32.8
1643765611.35	32800	16.052564	0.0	6249975	512	32.8
1643765612.02	32800	17.590968	0.0	6462926	547	32.8
1643765612.58	32800	19.212995	0.0	6930236	441	32.8
1643765613.17	32800	21.022823	0.0	7176786	456	32.8
1643765613.74	32800	22.657757	0.0	6963959	443	32.8
1643765614.3	32800	24.406262	0.0	7320305	435	32.8
1643765614.86	32800	25.960232	0.0	7420242	432	32.8
1643765615.51	32800	27.724319	0.0	7455282	522	32.8
1643765616.15	32800	29.46612	0.0	7960895	507	32.8
1643765616.61	32800	31.181679	0.0	6396912	344	32.8
1643765617.2	32800	32.932758	0.0	7253832	461	32.8
1643765617.87	32800	34.470997	0.0	7034316	547	32.8
1643765618.84	32800	35.851585	0.0	7133512	833	32.8
1643765619.67	32800	37.388683	0.0	7041401	705	32.8
1643765620.29	32800	39.057187	0.0	7143328	488	32.8
1643765620.85	32800	40.82743	0.0	7338535	427	32.8
1643765621.32	32800	42.500632	0.0	6896645	344	32.8
1643765621.78	32800	44.212831	0.0	6714054	336	32.8
1643765622.26	32800	46.092686	0.0	7018701	351	32.8
1643765622.72	32800	47.854231	0.0	6838204	341	32.8
1643765630.48	260000	44.636747	0.0	71469145	7024	32.80000000000001
1643765631.65	32800	45.72629	0.0	6926196	949	-194.39999999999998
1643765632.4	32800	47.230121	0.0	7072104	619	32.8
1643765633.15	32800	48.530565	0.0	7515735	632	32.8
1643765633.82	32800	49.962169	0.0	7011028	545	32.8
1643765634.52	32800	51.269173	0.0	7307337	568	32.8
1643765635.29	32800	52.499963	0.0	7344127	641	32.8
1643765636.07	32800	53.775025	0.0	7064203	645	32.8
1643765636.63	32800	55.20807	0.0	7516082	437	32.8
1643765637.0	32800	57.043365	0.0	7278398	237	32.8
1643765637.23	32800	58.84707	0.0	7481760	109	32.8
1643765639.01	32800	59.523381	0.0	7871221	141	32.8
1643765640.84	32800	59.826568	0.0	7236548	274	32.8
1643765644.12	260000	59.604733	0.0	61687104	1366	32.80000000000001
1643765645.74	260000	59.963276	0.0	56994559	1192	260.0
1643765648.58	260000	59.596276	0.0	55162012	960	260.0
1643765650.54	260000	59.966908	0.0	63612323	1032	260.0
1643765653.41	260000	59.850763	0.0	53712380	1866	260.0
1643765655.89	260000	59.724938	0.0	59826276	2104	260.0
1643765659.15	260000	59.172604	0.0	58861434	2829	260.0
1643765664.64	260000	56.257241	0.0	53320981	5114	260.0
1643765665.29	32800	57.822795	0.0	7936123	512	-194.39999999999998
1643765665.87	32800	59.280063	0.0	7845705	457	32.8
1643765667.54	32800	59.827702	0.0	7682661	538	32.8
1643765669.68	32800	59.879803	0.0	8703604	506	32.8
1643765671.82	32800	59.997107	0.0	8166986	503	32.8
1643765674.03	32800	59.780179	0.0	8155312	573	32.8
1643765676.3	32800	59.732788	0.0	9057843	634	32.8
1643765676.43	32800	59.452506	0.0	296571	23	32.8

1643765676.85	8200	1.999999	0.133	427088	37	-34.58
1643765677.09	32800	3.794853	0.0	1705511	131	8.199999999999996
1643765677.32	32800	5.566974	0.0	1560846	122	32.8
1643765677.54	32800	7.342639	0.0	1542804	119	32.8
1643765678.51	32800	8.374874	0.0	12166782	785	32.8
1643765679.59	32800	9.290196	0.0	15664097	914	32.8
1643765680.61	32800	10.269617	0.0	15560661	858	32.8
1643765682.13	32800	10.754645	0.0	15851372	1352	32.8
1643765683.38	32800	11.504567	0.0	14688721	1100	32.8
1643765684.89	32800	11.990471	0.0	12381646	1047	32.8
1643765686.7	32800	12.630044	0.0	10179458	1662	32.8
1643765689.08	32800	13.049391	0.0	7987681	2246	32.8
1643765690.0	32800	14.355307	0.0	6249975	797	32.8
1643765690.19	32800	16.26821	0.0	6462926	67	32.8
1643765690.39	32800	18.126649	0.0	6930236	72	32.8
1643765690.58	32800	19.929068	0.0	7176786	72	32.8
1643765690.78	32800	21.920401	0.0	6963959	70	32.8
1643765690.98	32800	23.830317	0.0	7320305	74	32.8
1643765693.23	260000	24.346163	0.0	78901633	1567	32.80000000000001
1643765694.88	260000	25.340331	0.0	79414941	1227	260.0
1643765696.61	260000	26.236726	0.0	73704781	1292	260.0
1643765701.0	260000	25.425975	0.0	80783826	3928	260.0
1643765702.5	260000	26.319679	0.0	77638812	1100	260.0
1643765703.89	260000	27.477243	0.0	74749470	949	260.0
1643765705.37	260000	28.259434	0.0	75910911	977	260.0
1643765706.94	260000	29.167759	0.0	74070687	1151	260.0
1643765709.12	260000	29.355302	0.0	73938718	1706	260.0
1643765710.51	260000	30.176672	0.0	73613985	979	260.0
1643765712.74	260000	30.143668	0.0	69503182	1753	260.0
1643765714.62	260000	30.619246	0.0	72822670	1449	260.0
1643765716.49	260000	31.189224	0.0	70991563	1289	260.0
1643765718.38	260000	31.730932	0.0	66218671	1362	260.0
1643765720.3	260000	31.985224	0.0	71469145	1477	260.0
1643765721.96	260000	32.64259	0.0	64074874	1285	260.0
1643765723.72	260000	33.874013	0.0	65041967	1291	260.0
1643765725.42	260000	35.453506	0.0	65860507	1293	260.0
1643765726.98	260000	37.04407	0.0	60900183	1194	260.0
1643765728.77	260000	38.886674	0.0	65223805	1272	260.0
1643765730.33	260000	40.646092	0.0	61492275	1180	260.0
1643765731.85	260000	42.346193	0.0	57534179	1029	260.0
1643765733.93	260000	43.993246	0.0	64191273	1545	260.0
1643765736.03	260000	45.682977	0.0	57421190	1729	260.0
1643765738.11	260000	47.471459	0.0	60358582	1683	260.0
1643765740.01	260000	49.077633	0.0	60581734	1531	260.0
1643765741.72	260000	50.798294	0.0	55686462	1342	260.0
1643765743.47	260000	52.497953	0.0	61687104	1351	260.0
1643765745.02	260000	54.222521	0.0	56994559	1194	260.0
1643765746.75	260000	55.869317	0.0	55162012	1371	260.0
1643765748.83	260000	57.481708	0.0	63612323	1662	260.0
1643765750.66	260000	59.185086	0.0	53712380	1438	260.0
1643765756.29	260000	59.800773	0.0	59826276	1747	260.0
1643765767.25	260000	59.86327	0.0	58861434	1498	260.0
1643765778.25	260000	59.971121	0.0	53320981	1439	260.0
1643765788.32	260000	59.78543	0.0	62494429	1629	260.0
1643765798.3	260000	59.89503	0.0	53458888	3559	260.0
