1642943187.07	8200	1.999999	0.351	546328	250	-91.26
1642943187.35	260000	3.724164	0.0	1757078	95	8.199999999999989
1642943187.54	260000	5.532675	0.0	1560847	12	260.0
1642943187.74	260000	7.334724	0.0	1542805	17	260.0
1642943188.33	32800	8.74231	0.0	12166782	271	-194.39999999999998
1642943188.63	11700	10.446963	0.0	4536725	83	-9.400000000000002
1642943191.35	260000	9.728018	0.0	84756689	1430	11.699999999999989
1642943193.35	260000	9.727543	0.0	85798884	1355	260.0
1642943195.43	260000	9.769959	0.0	86059829	1385	260.0
1642943197.18	260000	10.543345	0.0	83431241	1191	260.0
1642943199.32	260000	10.533975	0.0	82198417	1496	260.0
1642943201.79	260000	11.701601	0.0	79299299	1700	260.0
1642943203.93	260000	13.310497	0.0	75092129	1514	260.0
1642943206.32	260000	14.932084	0.0	78844622	1817	260.0
1642943208.78	260000	16.350861	0.0	77654479	1859	260.0
1642943211.05	260000	18.010763	0.0	75220977	1751	260.0
1642943213.76	260000	19.633246	0.0	79740890	2122	260.0
1642943216.29	260000	21.167871	0.0	78574581	1955	260.0
1642943219.15	260000	22.604054	0.0	78901633	2124	260.0
1642943221.69	260000	24.22321	0.0	79414941	1950	260.0
1642943223.96	260000	25.81238	0.0	73704781	1702	260.0
1642943226.22	260000	27.469914	0.0	80783826	1707	260.0
1642943228.41	260000	29.06747	0.0	77638812	1543	260.0
1642943230.3	260000	30.652584	0.0	74749470	1320	260.0
1642943232.35	260000	32.417871	0.0	75910911	1420	260.0
1642943234.31	260000	34.025224	0.0	74070687	1361	260.0
1642943236.13	260000	35.722574	0.0	73938718	1279	260.0
1642943238.6	260000	37.183367	0.0	73613985	1913	260.0
1642943244.66	260000	38.289394	0.0	69503182	5319	260.0
1642943246.2	260000	39.997534	0.0	72822670	998	260.0
1642943248.46	260000	41.589344	0.0	70991563	1602	260.0
1642943250.39	260000	43.252361	0.0	66218671	1381	260.0
1642943252.96	260000	44.797636	0.0	71469145	1934	260.0
1642943255.08	260000	46.354219	0.0	64074874	1614	260.0
1642943257.2	260000	47.809529	0.0	65041967	1606	260.0
1642943259.34	260000	49.586631	0.0	65860507	1611	260.0
1642943261.61	260000	51.170377	0.0	60900183	1787	260.0
1642943263.92	260000	52.680686	0.0	65223805	1790	260.0
1642943266.16	260000	54.167124	0.0	61492275	1613	260.0
1642943268.18	260000	55.832762	0.0	57534179	1541	260.0
1642943270.37	260000	57.318315	0.0	64191273	1620	260.0
1642943272.57	260000	58.904309	0.0	57421190	1755	260.0
1642943277.01	260000	59.821821	0.0	60358582	1846	260.0
1642943287.77	260000	59.816473	0.0	60581734	1757	260.0
1642943298.26	260000	59.911499	0.0	55686462	1461	260.0
1642943307.95	260000	59.817185	0.0	61687104	1537	260.0
1642943317.92	260000	59.837422	0.0	56994559	1436	260.0
1642943328.58	260000	59.776118	0.0	55162012	1446	260.0
1642943339.93	260000	59.900829	0.0	63612323	2235	260.0
1642943350.48	260000	59.785717	0.0	53712380	1405	260.0
1642943361.62	260000	59.790456	0.0	59826276	1430	260.0
1642943372.58	260000	59.886527	0.0	58861434	1428	260.0
1642943383.49	260000	59.860429	0.0	53320981	1389	260.0
