1643774353.47	8200	1.999999	0.349	546328	250	-90.74
1643774353.67	11700	3.805382	0.0	1102047	89	8.2
1643774353.79	11700	5.688041	0.0	1111083	14	11.7
1643774353.9	11700	7.574137	0.0	1066380	13	11.7
1643774354.12	11700	9.361996	0.0	3938957	86	11.7
1643774354.62	32800	10.85835	0.0	15664097	265	11.699999999999996
1643774356.79	260000	10.688192	0.0	84756689	1309	32.80000000000001
1643774361.23	260000	8.248219	0.0	85798884	3867	260.0
1643774366.59	260000	5.93803	0.0	86059829	4666	260.0
1643774371.58	260000	7.287818	0.0	83431241	4462	260.0
1643774375.47	260000	8.623189	0.0	82198417	3433	260.0
1643774376.53	260000	10.399048	0.0	79299299	621	260.0
1643774378.34	260000	12.090365	0.0	75092129	1384	260.0
1643774379.48	260000	13.862189	0.0	78844622	736	260.0
1643774381.09	260000	15.711377	0.0	77654479	1141	260.0
1643774383.09	260000	17.308553	0.0	75220977	1582	260.0
1643774389.4	260000	18.123424	0.0	79740890	5862	260.0
1643774392.48	260000	19.610584	0.0	78574581	2572	260.0
1643774395.07	260000	21.226323	0.0	78901633	2168	260.0
1643774397.48	260000	22.800492	0.0	79414941	1958	260.0
1643774399.42	260000	24.404323	0.0	73704781	1518	260.0
1643774401.37	260000	26.191633	0.0	80783826	1501	260.0
1643774402.96	260000	28.01374	0.0	77638812	1138	260.0
1643774404.36	260000	29.723812	0.0	74749470	983	260.0
1643774406.05	260000	31.418437	0.0	75910911	1249	260.0
1643774407.39	260000	33.168453	0.0	74070687	902	260.0
1643774409.04	260000	34.890656	0.0	73938718	1003	260.0
1643774410.43	260000	36.648746	0.0	73613985	958	260.0
1643774416.8	260000	37.605361	0.0	69503182	5950	260.0
1643774417.01	32800	39.49142	0.0	6714054	84	-194.39999999999998
1643774417.22	32800	41.465939	0.0	7018701	86	32.8
1643774417.4	32800	43.465939	0.0	6838204	60	32.8
1643774418.36	32800	45.286614	0.0	6922846	841	32.8
1643774418.59	32800	47.286614	0.0	6926196	109	32.8
1643774418.79	32800	49.286614	0.0	7072104	87	32.8
1643774419.01	32800	51.139173	0.0	7515735	86	32.8
1643774419.19	32800	53.072966	0.0	7011028	60	32.8
1643774419.37	32800	55.072966	0.0	7307337	60	32.8
1643774420.47	260000	56.936221	0.0	61492275	704	32.80000000000001
1643774421.81	260000	58.639732	0.0	57534179	970	260.0
1643774425.01	260000	59.924335	0.0	64191273	1273	260.0
1643774437.47	260000	59.820117	0.0	57421190	1068	260.0
1643774448.45	260000	59.824642	0.0	60358582	8515	260.0
1643774459.37	260000	59.834006	0.0	7871221	785	-194.39999999999998
1643774469.75	260000	59.850917	0.0	7236548	668	32.8
1643774479.64	260000	59.833321	0.0	7418057	673	32.8
1643774491.04	260000	59.819681	0.0	7580084	680	32.8
1643774502.45	260000	59.872505	0.0	7306910	686	32.8
1643774513.34	260000	59.873681	0.0	7790808	677	32.8
1643774523.23	260000	59.881569	0.0	7160738	686	32.8
1643774533.12	260000	59.519334	0.0	7565820	676	32.8
1643774544.02	260000	59.899185	0.0	8064139	684	32.8
1643774554.41	260000	59.979592	0.0	7308924	680	32.8
1643774565.83	260000	59.866061	0.0	7936123	701	32.8
1643774576.49	260000	59.921083	0.0	7845705	2445	32.8
1643774586.82	260000	59.782487	0.0	7682661	1618	32.8
1643774596.24	260000	59.805866	0.0	8703604	696	32.8
1643774605.79	260000	59.972475	0.0	8166986	835	32.8
1643774615.45	260000	59.726453	0.0	8155312	943	32.8
1643774617.37	260000	59.72653	0.0	9057843	700	32.8
1643774617.46	260000	59.534994	0.0	296571	1	32.8

1643774617.92	8200	1.999999	0.102	427088	6	-26.52
1643774618.05	32800	3.904942	0.0	1705511	16	8.199999999999996
1643774618.17	32800	5.783293	0.0	1560846	15	32.8
1643774618.29	32800	7.66215	0.0	1542804	19	32.8
1643774618.69	32800	9.263472	0.0	12166782	207	32.8
1643774619.17	32800	10.787877	0.0	15664097	307	32.8
1643774621.43	260000	10.526514	0.0	84756689	1136	32.80000000000001
1643774628.04	260000	6.291474	0.0	85798884	5881	260.0
1643774628.6	32800	7.937391	0.0	14688721	397	-194.39999999999998
1643774629.23	32800	9.556216	0.0	12381646	481	32.8
1643774629.57	32800	11.29625	0.0	10179458	198	32.8
1643774629.85	32800	13.143733	0.0	7987681	155	32.8
1643774630.08	32800	15.074258	0.0	6249975	121	32.8
1643774632.62	260000	15.790897	0.0	78844622	2024	32.80000000000001
1643774635.38	260000	17.456881	0.0	77654479	2094	260.0
1643774637.43	260000	19.149226	0.0	75220977	1594	260.0
1643774639.55	260000	20.751459	0.0	79740890	1482	260.0
1643774641.01	260000	22.528271	0.0	78574581	1025	260.0
1643774642.46	260000	24.371585	0.0	78901633	1023	260.0
1643774644.48	260000	26.011843	0.0	79414941	1527	260.0
1643774645.78	260000	27.708723	0.0	73704781	820	260.0
1643774647.18	260000	29.546745	0.0	80783826	902	260.0
1643774648.91	260000	31.298526	0.0	77638812	1264	260.0
