1642923476.82	8200	1.999999	0.516	546328	413	-134.16
1642923477.78	11700	3.051646	0.0	1102047	770	8.2
1642923479.74	11700	3.093334	0.0	1111083	1777	11.7
1642923480.35	4900	4.480473	0.0	607418	424	-1.8999999999999995
1642923483.12	4900	3.714291	0.0	2009327	2579	4.9
1642923485.05	4900	3.779556	0.0	2133335	1754	4.9
1642923485.71	4900	5.119919	0.0	2134063	478	4.9
1642923486.21	4900	6.6187	0.0	2245725	313	4.9
1642923487.69	8200	7.14511	0.0	3391749	1272	4.8999999999999995
1642923488.98	4900	7.854781	0.0	1576185	1103	1.6000000000000005
1642923491.53	11700	7.303696	0.0	3375218	2363	4.8999999999999995
1642923492.84	8200	7.989519	0.0	1614484	1129	4.699999999999999
1642923494.11	8200	8.724808	0.0	1563332	1094	8.2
1642923496.48	8200	8.348213	0.0	1704148	2192	8.2
1642923498.41	11700	8.504549	0.0	2491394	1743	8.2
1642923499.03	11700	9.888327	0.0	2629283	436	11.7
1642923499.58	11700	11.334516	0.0	2662617	372	11.7
1642923500.93	32800	11.987693	0.0	7320305	1119	11.699999999999996
1642923501.39	32800	13.522994	0.0	7420242	257	32.8
1642923501.67	11700	15.245219	0.0	2700523	94	-9.400000000000002
1642923503.61	152400	15.302894	0.0	36020729	1289	11.700000000000017
1642923506.7	152400	14.295673	0.0	36493721	2643	152.4
1642923537.13	152400	2.4298	9.94	37585290	30071	-2432.0
1642923539.61	32800	3.456605	0.0	7034316	2189	-86.8
1642923541.77	32800	4.661308	0.0	7133512	1962	32.8
1642923544.07	32800	5.688491	0.0	7041401	2102	32.8
1642923546.78	32800	5.055823	0.0	7143328	2502	32.8
1642923547.83	11700	6.013302	0.0	2472140	865	-9.400000000000002
1642923553.19	32800	3.051585	0.0	6896645	5160	11.699999999999996
1642923557.38	11700	2.430186	1.538	2397182	3797	-409.28000000000003
1642923559.22	8200	2.587474	0.0	1734337	1671	4.699999999999999
1642923562.8	11700	2.452659	1.461	2399895	3403	-371.66
1642923566.21	8200	2.410051	1.366	1759635	3233	-350.46000000000004
1642923568.12	4900	2.491725	0.0	1051211	1734	1.6000000000000005
1642923570.03	4900	2.584231	0.0	1049474	1735	4.9
1642923571.97	4900	2.648394	0.0	1092432	1765	4.9
1642923572.89	4900	3.72553	0.0	1071090	749	4.9
1642923574.85	4900	3.761983	0.0	1110252	1777	4.9
1642923576.77	4900	3.840523	0.0	1062576	1743	4.9
1642923577.69	4900	4.931392	0.0	1044296	730	4.9
1642923578.64	4900	5.976307	0.0	1109675	776	4.9
1642923581.93	8200	4.688463	0.0	1783207	2247	4.8999999999999995
1642923584.41	8200	4.203492	0.0	1863991	2303	8.2
1642923586.92	8200	3.693338	0.0	1884811	2319	8.2
1642923588.38	8200	4.240195	0.0	1821440	1274	8.2
1642923589.89	8200	4.728769	0.0	1906912	1334	8.2
1642923592.36	8200	4.253516	0.0	1861730	2302	8.2
1642923594.84	8200	3.776849	0.0	1854838	2299	8.2
1642923596.02	8200	4.596933	0.0	1928522	1004	8.2
1642923596.9	11700	5.720981	0.0	2573837	685	8.2
1642923597.56	11700	7.05823	0.0	2659966	465	11.7
1642923598.39	11700	8.2261	0.0	2747985	639	11.7
1642923599.19	11700	9.428483	0.0	2644475	616	11.7
1642923601.15	32800	9.463864	0.0	7936123	1755	11.699999999999996
1642923601.68	8200	10.935357	0.0	1925179	336	-16.400000000000002
1642923603.23	32800	11.381672	0.0	7682661	1345	8.199999999999996
1642923604.96	32800	11.65345	0.0	8703604	1524	32.8
1642923605.64	11700	12.979054	0.0	2854371	498	-9.400000000000002
1642923606.32	11700	14.298511	0.0	2998361	524	11.7
1642923612.19	260000	10.430666	0.0	35938085	5541	11.699999999999989
1642923612.43	260000	10.224204	0.0	631698	110	260.0

1642923612.59	11700	10.060636	14.821	139786	23	-3853.46
1642923613.44	8200	1.999999	-14.19	2049018	518	3694.1
1642923613.93	260000	3.542825	0.0	1757078	305	8.199999999999989
1642923614.38	260000	5.091058	0.0	1560847	271	260.0
1642923614.83	260000	6.64153	0.0	1542805	268	260.0
1642923617.24	32800	6.233462	0.0	12166782	2128	-194.39999999999998
1642923620.29	32800	5.187875	0.0	15664097	2743	32.8
1642923623.01	32800	5.139688	0.0	15560661	2473	32.8
1642923626.12	32800	5.05641	0.0	15851372	2869	32.8
1642923629.82	32800	4.959401	0.0	14688721	3455	32.8
1642923646.87	32800	2.393527	9.872	12381646	16832	-2533.9199999999996
1642923649.8	11700	2.476213	0.325	3375218	2650	-93.9
1642923650.82	11700	3.455006	0.0	2615238	845	11.7
1642923651.52	11700	4.749859	0.0	2255191	526	11.7
1642923652.26	11700	6.010754	0.0	2392223	558	11.7
1642923652.41	11700	7.869717	0.0	2491394	5	11.7
1642923653.65	32800	8.622436	0.0	7176786	1038	11.699999999999996
1642923653.76	11700	10.515905	0.0	2662617	5	-9.400000000000002
1642923655.18	32800	11.090014	0.0	7320305	1159	11.699999999999996
1642923661.22	152400	7.248878	0.0	37608977	5466	32.80000000000001
1642923665.97	152400	4.529738	0.0	35738670	4382	152.4
1642923670.63	152400	4.604651	0.0	36020729	4292	152.4
1642923671.37	11700	6.363649	0.0	2343098	546	-129.0
1642923672.93	32800	7.817596	0.0	7253832	1360	11.699999999999996
1642923674.8	32800	9.113402	0.0	7034316	1678	32.8
