1643773708.36	8200	1.999999	0.351	546328	248	-91.26
1643773708.58	11700	3.793389	0.0	1102047	90	8.2
1643773708.69	11700	5.67477	0.0	1111083	12	11.7
1643773708.81	11700	7.560792	0.0	1066380	12	11.7
1643773709.03	11700	9.342173	0.0	3938957	92	11.7
1643773709.49	32800	10.877538	0.0	15664097	255	11.699999999999996
1643773711.68	260000	10.686049	0.0	84756689	1207	32.80000000000001
1643773713.82	260000	10.545556	0.0	85798884	1661	260.0
1643773716.42	260000	9.953864	0.0	86059829	1956	260.0
1643773718.73	260000	9.958104	0.0	83431241	1846	260.0
1643773720.96	260000	10.645185	0.0	82198417	1765	260.0
1643773723.16	260000	11.765808	0.0	79299299	1684	260.0
1643773725.46	260000	13.431422	0.0	75092129	1865	260.0
1643773727.75	260000	15.07312	0.0	78844622	1862	260.0
1643773730.17	260000	16.67128	0.0	77654479	1879	260.0
1643773732.39	260000	18.319892	0.0	75220977	1625	260.0
1643773734.76	260000	19.87223	0.0	79740890	1808	260.0
1643773736.86	260000	21.532465	0.0	78574581	1681	260.0
1643773739.31	260000	23.134318	0.0	78901633	2018	260.0
1643773741.59	260000	24.739705	0.0	79414941	1859	260.0
1643773743.8	260000	26.3281	0.0	73704781	1682	260.0
1643773746.0	260000	28.028024	0.0	80783826	1801	260.0
1643773748.21	260000	29.645888	0.0	77638812	1718	260.0
1643773750.28	260000	31.455622	0.0	74749470	1562	260.0
1643773752.39	260000	32.935111	0.0	75910911	1503	260.0
1643773754.44	260000	34.755645	0.0	74070687	1630	260.0
1643773756.34	260000	36.309107	0.0	73938718	1441	260.0
1643773758.36	260000	38.042714	0.0	73613985	1474	260.0
1643773760.43	260000	39.713082	0.0	69503182	1517	260.0
1643773762.31	260000	41.340025	0.0	72822670	1430	260.0
1643773764.27	260000	43.016727	0.0	70991563	1561	260.0
1643773766.05	260000	44.787485	0.0	66218671	1378	260.0
1643773767.99	260000	46.395061	0.0	71469145	1451	260.0
1643773769.82	260000	48.184921	0.0	64074874	1436	260.0
1643773771.92	260000	49.730327	0.0	65041967	1687	260.0
1643773774.0	260000	51.406139	0.0	65860507	1613	260.0
1643773775.84	260000	53.151042	0.0	60900183	1431	260.0
1643773777.89	260000	54.641921	0.0	65223805	1617	260.0
1643773779.77	260000	56.283978	0.0	61492275	1451	260.0
1643773781.5	260000	58.239345	0.0	57534179	1346	260.0
1643773783.4	260000	59.885274	0.0	64191273	1547	260.0
1643773794.63	260000	59.814981	0.0	57421190	1340	260.0
1643773805.63	260000	59.879627	0.0	60358582	1482	260.0
1643773815.77	260000	59.798718	0.0	60581734	1658	260.0
1643773826.33	260000	59.842688	0.0	55686462	1520	260.0
1643773838.94	260000	59.851448	0.0	61687104	1465	260.0
1643773850.43	260000	59.897692	0.0	56994559	1530	260.0
1643773861.01	260000	59.841651	0.0	55162012	1596	260.0
1643773872.3	260000	59.685472	0.0	63612323	1733	260.0
1643773883.33	260000	59.886414	0.0	53712380	2085	260.0
1643773891.87	260000	59.978366	0.0	59826276	1528	260.0
1643773905.28	260000	59.853556	0.0	58861434	1499	260.0
1643773916.64	260000	59.872503	0.0	53320981	1365	260.0
1643773927.64	260000	59.887033	0.0	62494429	1481	260.0
1643773938.02	260000	59.892423	0.0	53458888	1428	260.0
1643773949.56	260000	59.902485	0.0	53798130	1625	260.0
1643773959.25	260000	59.898008	0.0	61358299	1595	260.0
1643773970.7	260000	59.880574	0.0	50406269	1440	260.0
1643773979.95	260000	59.915641	0.0	43226513	1363	260.0
1643773990.47	260000	59.931032	0.0	35938085	1176	260.0
1643773990.99	260000	59.811736	0.0	631698	334	260.0

1643773991.09	32800	59.811736	0.351	296571	3	-91.26
1643773991.63	8200	1.999999	-0.057	427088	170	-1.5800000000000018
1643773991.66	11700	3.999999	0.0	1102047	3	8.2
1643773991.68	11700	5.991554	0.0	1111083	3	11.7
1643773991.96	32800	7.711337	0.0	1542804	165	11.699999999999996
1643773992.4	32800	9.270656	0.0	12166782	256	32.8
1643773992.52	32800	11.144432	0.0	15664097	39	32.8
1643773992.94	32800	12.726926	0.0	15560661	260	32.8
1643773995.04	260000	12.625644	0.0	85798884	1107	32.80000000000001
1643773997.02	260000	12.64852	0.0	86059829	1282	260.0
1643773998.92	260000	12.747054	0.0	83431241	1247	260.0
1643774000.54	260000	13.484873	0.0	82198417	1142	260.0
1643774002.14	260000	14.25035	0.0	79299299	1097	260.0
1643774003.59	260000	15.366005	0.0	75092129	1017	260.0
1643774005.07	260000	16.463472	0.0	78844622	1055	260.0
1643774007.0	260000	17.45235	0.0	77654479	1456	260.0
