1642842656.2	8200	1.999999	0.355	546328	250	-92.3
1642842656.41	11700	3.791728	0.0	1102047	98	8.2
1642842656.58	32800	5.628581	0.0	1560846	48	11.699999999999996
1642842656.73	260000	7.469689	0.0	1542805	49	32.80000000000001
1642842659.26	152400	6.943331	0.0	68504102	1492	44.80000000000001
1642842659.27	32800	6.933825	0.0	68504102	1492	-86.8
1642842659.27	152400	6.92784	0.0	68504102	1492	32.80000000000001
1642842660.8	152400	7.403186	0.0	56494032	1202	152.4
1642842660.81	260000	7.393925	0.0	56494032	1202	152.4
1642842671.93	260000	16.40982	0.0	6249975	810	260.0
1642842672.46	32800	18.262807	0.0	6462926	411	-194.39999999999998
1642842672.99	32800	20.228187	0.0	6930236	400	32.8
1642842673.44	32800	22.138688	0.0	7176786	335	32.8
1642842673.89	32800	24.071664	0.0	6963959	323	32.8
1642842674.34	32800	25.864602	0.0	7320305	321	32.8
1642842674.35	152400	25.864602	0.0	7320305	321	32.80000000000001
1642842676.3	152400	27.520772	0.0	37608977	1663	152.4
1642842678.52	152400	28.921425	0.0	35738670	1933	152.4
1642842680.93	152400	30.186006	0.0	36020729	2112	152.4
1642842680.94	32800	30.186006	0.0	36020729	2112	-86.8
1642842681.36	32800	32.087202	0.0	6396912	298	32.8
1642842681.82	32800	34.007344	0.0	7253832	337	32.8
1642842682.24	32800	35.705111	0.0	7034316	291	32.8
1642842682.25	152400	35.705111	0.0	7034316	291	32.80000000000001
1642842683.98	152400	36.853634	0.0	37576374	1488	152.4
1642842685.73	152400	37.843099	0.0	34095545	1369	152.4
1642842687.82	152400	38.74226	0.0	34314045	1826	152.4
1642842689.66	152400	39.745226	0.0	34563011	1570	152.4
1642842691.29	152400	40.689495	0.0	31292175	1369	152.4
1642842693.1	152400	41.445119	0.0	32834126	1556	152.4
1642842695.15	152400	41.948601	0.0	33877878	1791	152.4
1642842697.32	152400	42.159151	0.0	31988631	1931	152.4
1642842697.33	32800	42.146369	0.0	31988631	1931	-86.8
1642842697.86	32800	43.741075	0.0	6922846	403	32.8
1642842698.38	32800	45.273468	0.0	6926196	403	32.8
1642842698.92	32800	46.811628	0.0	7072104	406	32.8
1642842699.43	32800	48.322121	0.0	7515735	375	32.8
1642842699.91	32800	49.877081	0.0	7011028	364	32.8
1642842700.61	32800	51.181293	0.0	7307337	568	32.8
1642842701.91	32800	52.054673	0.0	7344127	1174	32.8
1642842702.12	32800	53.846271	0.0	7064203	87	32.8
1642842702.13	152400	53.837612	0.0	7064203	87	32.80000000000001
1642842702.13	260000	53.832551	0.0	7064203	87	152.4
1642842703.37	260000	54.591394	0.0	64191273	824	260.0
1642842704.55	260000	55.416295	0.0	57421190	752	260.0
1642842705.78	260000	56.192032	0.0	60358582	715	260.0
1642842707.05	260000	57.032464	0.0	60581734	800	260.0
1642842709.39	260000	56.999576	0.0	55686462	1953	260.0
1642842711.94	260000	57.059355	0.0	61687104	1964	260.0
1642842714.29	260000	57.7095	0.0	56994559	1947	260.0
1642842736.7	260000	59.940539	0.0	2864046	128	260.0
1642842736.71	32800	59.940539	0.0	2864046	128	-194.39999999999998
1642842736.71	152400	59.940539	0.0	2864046	128	32.80000000000001
1642842742.53	152400	59.932781	0.0	36607491	1519	152.4
1642842753.23	152400	59.961312	0.0	2884569	136	152.4
1642842753.24	32800	59.884641	0.0	2884569	136	-86.8
1642842768.86	32800	59.963888	0.0	3147034	243	32.8
1642842768.87	32800	59.840253	0.0	3147034	243	32.8
1642842769.3	32800	59.864876	0.0	296571	253	32.8
1642842769.32	32800	59.864876	0.0	296571	1	32.8
1642842769.32	260000	59.864876	0.0	296571	1	32.80000000000001

1642842770.2	8200	1.999999	0.489	2049018	375	-127.14
1642842770.4	32800	3.83474	0.0	1705511	84	8.199999999999996
1642842770.42	32800	5.810683	0.0	1560846	4	32.8
1642842770.45	260000	7.781554	0.0	1542805	4	32.80000000000001
1642842790.09	260000	45.465379	0.0	7338535	72	260.0
1642842790.09	260000	45.465379	0.0	7338535	72	260.0
1642842791.82	260000	47.003566	0.0	69503182	1140	260.0
1642842793.36	260000	48.497418	0.0	72822670	980	260.0
1642842794.95	260000	50.266324	0.0	70991563	1110	260.0
1642842796.59	260000	51.548657	0.0	66218671	1191	260.0
1642842798.4	260000	52.476155	0.0	71469145	1334	260.0
1642842800.32	260000	53.61593	0.0	64074874	1468	260.0
1642842802.45	260000	54.229943	0.0	65041967	1690	260.0
1642842804.58	260000	55.061621	0.0	65860507	1613	260.0
1642842806.44	260000	55.728661	0.0	60900183	1452	260.0
1642842808.44	260000	56.385918	0.0	65223805	1528	260.0
1642842810.4	260000	56.915687	0.0	61492275	1545	260.0
1642842812.2	260000	57.330172	0.0	57534179	1364	260.0
1642842813.98	260000	57.924184	0.0	64191273	1356	260.0
1642842815.47	260000	58.518991	0.0	57421190	1104	260.0
1642842816.96	260000	59.290422	0.0	60358582	1061	260.0
1642842818.83	260000	59.923346	0.0	60581734	958	260.0
1642842821.07	260000	59.993454	0.0	55686462	833	260.0
1642842826.42	260000	57.284942	0.0	61687104	1244	260.0
1642842827.72	260000	58.203157	0.0	56994559	801	260.0
1642842829.13	260000	59.166748	0.0	55162012	939	260.0
1642842830.69	260000	59.962508	0.0	63612323	1039	260.0
1642842833.57	260000	59.604725	0.0	53712380	947	260.0
1642842835.84	260000	59.586514	0.0	59826276	1371	260.0
1642842837.83	260000	59.56716	0.0	58861434	1592	260.0
1642842839.88	260000	59.521986	0.0	53320981	1667	260.0
1642842842.3	260000	59.232086	0.0	62494429	1854	260.0
1642842844.21	260000	59.345196	0.0	53458888	1537	260.0
1642842844.22	152400	59.335122	0.0	53458888	1537	44.80000000000001
1642842846.01	152400	59.640351	0.0	34872720	1021	152.4
1642842848.0	152400	59.739386	0.0	41004729	1193	152.4
1642842850.29	152400	59.839604	0.0	37213320	1036	152.4
1642842859.32	152400	59.860321	0.0	34267546	1279	152.4
1642842870.02	152400	59.776566	0.0	139786	1	152.4
1642842870.02	260000	59.776566	0.0	139786	1	152.4
1642842870.21	260000	59.776566	0.0	631698	87	260.0
1642842870.21	152400	59.776566	0.0	631698	87	44.80000000000001
1642842870.22	32800	59.776566	0.0	631698	87	-86.8
1642842870.23	32800	59.776566	0.0	296571	1	32.8
1642842870.23	260000	59.776566	0.0	296571	1	32.80000000000001
1642842870.24	260000	59.776566	0.0	631698	2	260.0
