1642909511.72	8200	1.999999	0.355	546328	254	-92.3
1642909512.03	11700	3.697516	0.0	1102047	193	8.2
1642909512.33	11700	5.400176	0.0	1111083	193	11.7
1642909512.67	11700	7.053004	0.0	1066380	246	11.7
1642909513.98	11700	7.746224	1.081	3938957	1179	11.7
1642909514.87	11700	8.858263	0.0	4536725	767	11.7
1642909518.39	32800	7.331994	0.0	15560661	3256	11.699999999999996
1642909519.7	32800	8.020411	0.0	15851372	1128	32.8
1642909521.21	32800	8.517104	0.0	14688721	1338	32.8
1642909522.41	32800	9.478512	0.0	12381646	1044	32.8
1642909523.08	32800	10.803668	0.0	10179458	524	32.8
1642909523.62	32800	12.263846	0.0	7987681	403	32.8
1642909524.11	32800	13.862866	0.0	6249975	364	32.8
1642909524.62	32800	15.576584	0.0	6462926	371	32.8
1642909525.1	32800	17.336262	0.0	6930236	345	32.8
1642909525.59	32800	19.012417	0.0	7176786	358	32.8
1642909526.04	32800	20.716159	0.0	6963959	324	32.8
1642909526.52	32800	22.413746	0.0	7320305	341	32.8
1642909530.47	260000	22.268997	0.0	78901633	2736	32.80000000000001
1642909533.52	260000	22.504557	0.0	79414941	2577	260.0
1642909536.21	260000	22.787072	0.0	73704781	2192	260.0
1642909539.13	260000	22.704212	0.0	80783826	2274	260.0
1642909542.2	260000	22.322458	0.0	77638812	2408	260.0
1642909545.15	260000	21.437955	0.0	74749470	2335	260.0
1642909548.3	260000	20.284904	0.0	75910911	2683	260.0
1642909551.2	260000	19.389919	0.0	74070687	2499	260.0
1642909554.31	260000	18.285916	0.0	73938718	2648	260.0
1642909557.85	260000	19.405556	0.0	73613985	3098	260.0
1642909560.49	260000	20.924365	0.0	69503182	1576	260.0
1642909569.28	260000	21.451957	0.0	72822670	8116	260.0
1642909570.99	32800	23.149205	0.0	7018701	1495	-194.39999999999998
1642909572.17	32800	24.743642	0.0	6838204	1049	32.8
1642909573.44	32800	26.743642	0.0	6922846	1141	32.8
1642909576.37	32800	28.117744	0.0	6926196	2806	32.8
1642909578.69	32800	29.742453	0.0	7072104	2184	32.8
1642909578.83	11700	31.596904	0.0	2621613	36	-9.400000000000002
1642909578.97	11700	33.585912	0.0	2518225	36	11.7
1642909579.11	11700	35.585912	0.0	2654985	36	11.7
1642909579.25	11700	37.585912	0.0	2594029	36	11.7
1642909579.39	11700	39.585912	0.0	2522793	34	11.7
1642909581.4	260000	41.293638	0.0	64191273	1522	11.699999999999989
1642909583.64	260000	42.870328	0.0	57421190	1835	260.0
1642909585.42	260000	44.368904	0.0	60358582	1344	260.0
1642909587.17	260000	45.876427	0.0	60581734	1339	260.0
1642909588.74	260000	47.69612	0.0	55686462	1179	260.0
1642909590.35	260000	49.45044	0.0	61687104	1200	260.0
1642909591.93	260000	51.136375	0.0	56994559	1132	260.0
1642909593.46	260000	52.792053	0.0	55162012	1095	260.0
1642909595.16	260000	54.488944	0.0	63612323	1292	260.0
1642909596.95	260000	56.26103	0.0	53712380	1448	260.0
1642909598.81	260000	57.780017	0.0	59826276	1452	260.0
1642909601.12	260000	59.456265	0.0	58861434	1872	260.0
1642909609.63	260000	59.894931	0.0	53320981	1608	260.0
1642909619.31	260000	59.87895	0.0	62494429	1622	260.0
1642909629.93	260000	59.906802	0.0	53458888	1649	260.0
1642909640.41	260000	59.899138	0.0	53798130	5455	260.0
1642909649.99	32800	59.801836	0.0	8703604	837	-194.39999999999998
1642909660.12	32800	59.802145	0.0	8166986	909	32.8
1642909668.6	32800	59.976029	0.0	8155312	755	32.8
1642909678.68	32800	59.882296	0.0	9057843	848	32.8
1642909679.11	32800	59.393474	0.0	296571	255	32.8

1642909679.69	8200	1.999999	0.194	427088	92	-50.44
1642909679.92	32800	3.805586	0.0	1705511	121	8.199999999999996
1642909680.08	32800	5.643959	0.0	1560846	56	32.8
1642909680.25	32800	7.479869	0.0	1542804	55	32.8
1642909680.92	32800	8.802739	0.0	12166782	476	32.8
1642909681.74	32800	9.990753	0.0	15664097	622	32.8
1642909686.05	260000	7.674142	0.0	84756689	3014	32.80000000000001
1642909690.37	260000	5.960713	0.0	85798884	3544	260.0
1642909695.3	260000	5.795665	0.0	86059829	4405	260.0
1642909699.33	260000	7.139459	0.0	83431241	3299	260.0
1642909703.36	260000	8.295311	0.0	82198417	3299	260.0
1642909707.09	260000	9.696335	0.0	79299299	3027	260.0
1642909710.74	260000	11.136306	0.0	75092129	2946	260.0
