1642940481.97	8200	1.999999	0.518	546328	414	-134.68
1642940482.67	11700	3.298444	0.0	1102047	518	8.2
1642940483.05	11700	4.921576	0.0	1111083	194	11.7
1642940483.41	11700	6.56616	0.0	1066380	178	11.7
1642940484.14	11700	7.829159	0.0	3938957	533	11.7
1642940484.8	11700	9.171875	0.0	4536725	465	11.7
1642940485.44	11700	10.533999	0.0	5378836	437	11.7
1642940487.36	32800	10.614065	0.0	15851372	1552	11.699999999999996
1642940487.85	11700	12.122755	0.0	5587559	294	-9.400000000000002
1642940488.25	11700	13.724105	0.0	4371099	218	11.7
1642940489.06	32800	14.914596	0.0	10179458	570	11.699999999999996
1642940492.31	152400	13.657893	0.0	48821461	2407	32.80000000000001
1642940494.16	152400	13.81232	0.0	44466772	1454	152.4
1642940496.07	152400	13.992256	0.0	45810515	1494	152.4
1642940497.97	152400	14.819635	0.0	42807747	1498	152.4
1642940499.54	152400	15.848806	0.0	40301174	1212	152.4
1642940502.91	260000	14.475031	0.0	79740890	2361	152.4
1642940505.81	260000	13.792048	0.0	78574581	2293	260.0
1642940508.94	260000	15.088021	0.0	78901633	2494	260.0
1642940512.54	260000	16.091703	0.0	79414941	2871	260.0
1642940515.53	260000	17.089982	0.0	73704781	2390	260.0
1642940519.33	260000	17.887026	0.0	80783826	3038	260.0
1642940524.29	260000	18.302548	0.0	77638812	4171	260.0
1642940529.26	260000	18.745361	0.0	74749470	4377	260.0
1642940539.68	260000	17.578902	0.0	75910911	9665	260.0
1642940545.23	152400	18.620938	0.0	34095545	5107	44.80000000000001
1642940546.49	152400	20.287428	0.0	34314045	933	152.4
1642940547.56	152400	22.134066	0.0	34563011	696	152.4
1642940548.48	152400	23.99702	0.0	31292175	605	152.4
1642940549.29	152400	25.8449	0.0	32834126	449	152.4
1642940550.17	152400	27.693573	0.0	33877878	549	152.4
1642940552.14	260000	29.212217	0.0	66218671	1258	152.4
1642940554.26	260000	31.028354	0.0	71469145	1376	260.0
1642940556.31	260000	32.57278	0.0	64074874	1511	260.0
1642940558.6	260000	34.043004	0.0	65041967	1616	260.0
1642940560.74	260000	35.702302	0.0	65860507	1589	260.0
1642940562.68	260000	37.352416	0.0	60900183	1441	260.0
1642940564.74	260000	39.049935	0.0	65223805	1519	260.0
1642940566.6	260000	40.509005	0.0	61492275	1372	260.0
1642940568.32	260000	42.360537	0.0	57534179	1266	260.0
1642940570.1	260000	44.01734	0.0	64191273	1285	260.0
1642940571.98	260000	45.563011	0.0	57421190	1301	260.0
1642940573.75	260000	47.212295	0.0	60358582	1266	260.0
1642940575.42	260000	48.901065	0.0	60581734	1125	260.0
1642940577.17	260000	50.558623	0.0	55686462	1292	260.0
1642940579.19	260000	52.224311	0.0	61687104	1530	260.0
1642940581.03	260000	53.658828	0.0	56994559	1352	260.0
1642940582.82	260000	55.482181	0.0	55162012	1276	260.0
1642940584.77	260000	57.141617	0.0	63612323	1447	260.0
1642940586.58	260000	58.80604	0.0	53712380	1241	260.0
1642940590.14	260000	59.991524	0.0	59826276	3069	260.0
1642940600.88	260000	59.99718	0.0	58861434	3252	260.0
1642940611.21	260000	59.803962	0.0	53320981	2313	260.0
1642940620.89	260000	59.78098	0.0	62494429	3452	260.0
1642940632.13	260000	59.774382	0.0	53458888	2724	260.0
1642940636.98	260000	59.969992	0.0	53798130	2778	260.0
1642940641.74	260000	59.774728	0.0	61358299	4079	260.0
1642940646.67	260000	59.975267	0.0	50406269	3516	260.0
1642940651.5	260000	59.924992	0.0	43226513	1475	260.0
1642940656.92	260000	59.770808	0.0	35938085	1632	260.0
1642940657.47	260000	59.587495	0.0	631698	344	260.0

1642940657.61	11700	59.582994	0.518	139786	15	-134.68
1642940658.45	8200	1.999999	0.045	2049018	444	-7.0
1642940658.67	8200	3.818792	0.0	790650	35	8.2
1642940658.77	11700	5.71873	0.0	1111083	4	8.2
1642940658.86	11700	7.621254	0.0	1066380	3	11.7
1642940658.99	11700	9.492979	0.0	3938957	10	11.7
1642940660.25	32800	10.232214	0.0	15664097	959	11.699999999999996
1642940663.92	152400	8.56211	0.0	68626847	2784	32.80000000000001
1642940667.49	152400	6.997633	0.0	72320713	2952	152.4
1642940670.72	152400	6.598715	0.0	70827999	2691	152.4
1642940671.48	32800	8.059275	0.0	12381646	455	-86.8
1642940674.02	152400	9.540939	0.0	57184643	2074	32.80000000000001
1642940676.56	152400	11.097312	0.0	48821461	2111	152.4
1642940678.67	152400	12.589567	0.0	44466772	1683	152.4
