1643138231.46	8200	1.999999	0.357	546328	253	-92.82
1643138231.83	260000	3.632731	0.0	1757078	182	8.199999999999989
1643138232.14	260000	5.319271	0.0	1560847	135	260.0
1643138232.44	260000	7.021028	0.0	1542805	119	260.0
1643138233.6	32800	7.861892	0.0	12166782	906	-194.39999999999998
1643138234.12	11700	9.346159	0.0	4536725	317	-9.400000000000002
1643138234.65	11700	10.811754	0.0	5378836	341	11.7
1643138236.05	32800	11.410349	0.0	15851372	1154	11.699999999999996
1643138237.45	32800	12.017657	0.0	14688721	1165	32.8
1643138238.02	11700	13.447455	0.0	4371099	382	-9.400000000000002
1643138240.34	32800	13.406392	0.0	10179458	2110	11.699999999999996
1643138241.1	32800	14.865899	0.0	7987681	559	32.8
1643138241.49	11700	16.645758	0.0	2255191	195	-9.400000000000002
1643138241.89	11700	18.244699	0.0	2392223	207	11.7
1643138242.27	11700	20.003654	0.0	2491394	194	11.7
1643138242.98	32800	21.326493	0.0	7176786	502	11.699999999999996
1643138246.32	152400	20.050463	0.0	39676104	2845	32.80000000000001
1643138250.15	152400	19.901925	0.0	40793176	3487	152.4
1643138256.73	152400	16.865376	0.0	37608977	6258	152.4
1643138258.49	152400	17.439182	0.0	35738670	1288	152.4
1643138259.37	152400	18.691649	0.0	36020729	556	152.4
1643138260.43	152400	19.878287	0.0	36493721	724	152.4
1643138261.43	152400	20.895314	0.0	37585290	669	152.4
1643138262.42	152400	21.907359	0.0	34459282	677	152.4
1643138264.51	260000	21.824107	0.0	75910911	1283	152.4
1643138266.56	260000	21.778857	0.0	74070687	1423	260.0
1643138269.15	260000	21.884838	0.0	73938718	1948	260.0
1643138271.41	260000	23.076714	0.0	73613985	1731	260.0
1643138275.41	260000	23.820269	0.0	69503182	3513	260.0
1643138281.6	260000	23.817219	0.0	72822670	5673	260.0
1643138287.3	260000	23.807226	0.0	70991563	5176	260.0
1643138291.7	260000	24.552633	0.0	66218671	3950	260.0
1643138293.88	152400	25.716208	0.0	34031025	1833	44.80000000000001
1643138296.18	152400	26.791322	0.0	30869167	1995	152.4
1643138298.46	152400	27.829964	0.0	31753337	1952	152.4
1643138299.13	152400	29.779677	0.0	34013525	372	152.4
1643138300.13	260000	31.43117	0.0	60900183	558	152.4
1643138302.15	260000	32.721038	0.0	65223805	1571	260.0
1643138328.26	260000	27.45515	0.0	61492275	25609	260.0
1643138329.99	32800	28.91606	0.0	7064203	1419	-194.39999999999998
1643138331.28	32800	30.844517	0.0	7516082	1086	32.8
1643138332.94	32800	32.498788	0.0	7278398	1452	32.8
1643138334.21	32800	34.30139	0.0	7481760	1058	32.8
1643138335.83	32800	36.002178	0.0	7871221	1378	32.8
1643138337.07	32800	37.722886	0.0	7236548	1048	32.8
1643138342.5	152400	38.615586	0.0	35467287	5121	32.80000000000001
1643138343.62	152400	40.290057	0.0	35220717	754	152.4
1643138344.37	152400	42.290057	0.0	32694645	446	152.4
1643138345.16	152400	44.049606	0.0	39805936	456	152.4
1643138346.21	260000	45.866929	0.0	53712380	640	152.4
1643138347.47	260000	47.584835	0.0	59826276	760	260.0
1643138349.06	260000	49.310799	0.0	58861434	1035	260.0
1643138351.17	260000	50.910095	0.0	53320981	1721	260.0
1643138352.57	260000	52.600122	0.0	62494429	970	260.0
1643138354.11	260000	54.246367	0.0	53458888	1100	260.0
1643138355.64	260000	56.017275	0.0	53798130	1099	260.0
1643138357.48	260000	57.608442	0.0	61358299	1367	260.0
1643138358.97	260000	59.325354	0.0	50406269	1134	260.0
1643138365.53	260000	59.903453	0.0	43226513	1112	260.0
1643138374.54	260000	59.79244	0.0	35938085	1146	260.0
1643138375.09	260000	59.825774	0.0	631698	336	260.0

1643138375.2	11700	59.825774	0.357	139786	1	-92.82
1643138375.27	260000	59.825774	0.0	631698	2	11.699999999999989
1643138375.97	8200	1.999999	0.111	2049018	345	-272.46000000000004
1643138376.17	11700	3.827382	0.0	1102047	14	8.2
1643138376.37	11700	5.629903	0.0	1111083	13	11.7
1643138376.56	11700	7.441824	0.0	1066380	14	11.7
1643138376.79	11700	9.213775	0.0	3938957	35	11.7
1643138376.9	11700	11.099886	0.0	4536725	11	11.7
1643138379.27	260000	10.730691	0.0	84756689	1317	11.699999999999989
1643138381.11	260000	10.886314	0.0	85798884	1324	260.0
1643138382.91	260000	11.096217	0.0	86059829	1208	260.0
1643138384.86	260000	11.144558	0.0	83431241	1448	260.0
1643138387.12	260000	10.884846	0.0	82198417	1582	260.0
1643138389.09	260000	11.882582	0.0	79299299	1461	260.0
1643138391.04	260000	13.565263	0.0	75092129	1377	260.0
1643138393.91	260000	15.007126	0.0	78844622	2256	260.0
1643138398.28	260000	16.225195	0.0	77654479	3866	260.0
1643138401.72	260000	17.699895	0.0	75220977	2749	260.0
1643138408.6	260000	18.377042	0.0	79740890	6352	260.0
1643138412.32	260000	19.815243	0.0	78574581	3204	260.0
1643138420.67	260000	20.414004	0.0	78901633	7872	260.0
1643138423.77	152400	21.866771	0.0	35738670	2699	44.80000000000001
1643138427.6	152400	23.314237	0.0	36020729	3506	152.4
1643138430.39	152400	24.739696	0.0	36493721	2377	152.4
