1642910679.09	8200	1.999999	0.349	546328	249	-90.74
1642910679.28	11700	3.811358	0.0	1102047	91	8.2
1642910679.4	11700	5.697996	0.0	1111083	14	11.7
1642910679.51	11700	7.587578	0.0	1066380	13	11.7
1642910679.72	11700	9.37519	0.0	3938957	92	11.7
1642910680.29	32800	10.814352	0.0	15664097	320	11.699999999999996
1642910682.84	260000	10.258554	0.0	84756689	1283	32.80000000000001
1642910684.89	260000	10.212202	0.0	85798884	1532	260.0
1642910686.79	260000	10.309781	0.0	86059829	1443	260.0
1642910688.89	260000	10.205701	0.0	83431241	1382	260.0
1642910691.15	260000	10.706596	0.0	82198417	1712	260.0
1642910693.7	260000	11.800487	0.0	79299299	1871	260.0
1642910696.36	260000	13.262597	0.0	75092129	2006	260.0
1642910699.14	260000	14.768549	0.0	78844622	2154	260.0
1642910701.65	260000	16.247958	0.0	77654479	2030	260.0
1642910704.27	260000	17.873672	0.0	75220977	2114	260.0
1642910707.25	260000	19.29731	0.0	79740890	2330	260.0
1642910709.86	260000	20.924822	0.0	78574581	2104	260.0
1642910713.64	260000	22.232023	0.0	78901633	3233	260.0
1642910720.33	260000	23.036605	0.0	79414941	6235	260.0
1642910721.82	260000	24.582862	0.0	73704781	976	260.0
1642910723.69	260000	26.477578	0.0	80783826	1134	260.0
1642910725.21	260000	28.274384	0.0	77638812	983	260.0
1642910725.45	32800	30.114108	0.0	7034316	110	-194.39999999999998
1642910725.66	32800	32.114108	0.0	7133512	84	32.8
1642910727.18	260000	33.799325	0.0	74070687	1030	32.80000000000001
1642910729.29	260000	35.450636	0.0	73938718	1426	260.0
1642910731.77	260000	37.077838	0.0	73613985	1985	260.0
1642910733.86	260000	38.619287	0.0	69503182	1627	260.0
1642910736.28	260000	40.116707	0.0	72822670	1940	260.0
1642910738.69	260000	41.773061	0.0	70991563	1778	260.0
1642910741.28	260000	43.319487	0.0	66218671	2124	260.0
1642910743.97	260000	44.953025	0.0	71469145	2119	260.0
1642910746.19	260000	46.514728	0.0	64074874	1783	260.0
1642910748.5	260000	48.200847	0.0	65041967	1792	260.0
1642910750.93	260000	49.747982	0.0	65860507	1948	260.0
1642910753.01	260000	51.321872	0.0	60900183	1604	260.0
1642910755.12	260000	52.821646	0.0	65223805	1545	260.0
1642910757.14	260000	54.501348	0.0	61492275	1614	260.0
1642910759.21	260000	56.051563	0.0	57534179	1690	260.0
1642910761.84	260000	57.743346	0.0	64191273	2213	260.0
1642910764.51	260000	59.182758	0.0	57421190	2183	260.0
1642910770.74	260000	59.873008	0.0	60358582	3830	260.0
1642910781.94	260000	59.657059	0.0	60581734	6182	260.0
1642910792.19	32800	59.950964	0.0	7236548	1011	-194.39999999999998
1642910803.69	32800	59.838834	0.0	7418057	777	32.8
1642910815.15	32800	59.904147	0.0	7580084	744	32.8
1642910825.6	32800	59.803275	0.0	7306910	733	32.8
1642910837.61	32800	59.890246	0.0	7790808	791	32.8
1642910847.56	32800	59.983265	0.0	7160738	727	32.8
1642910857.54	32800	59.984476	0.0	7565820	755	32.8
1642910869.58	32800	59.87149	0.0	8064139	815	32.8
1642910878.53	32800	59.990298	0.0	7308924	731	32.8
