1642944286.63	8200	1.999999	0.353	546328	251	-91.78
1642944286.92	260000	3.717806	0.0	1757078	97	8.199999999999989
1642944287.11	260000	5.526271	0.0	1560847	17	260.0
1642944287.3	260000	7.330029	0.0	1542805	18	260.0
1642944287.84	32800	8.793731	0.0	12166782	221	-194.39999999999998
1642944288.08	11700	10.553388	0.0	4536725	45	-9.400000000000002
1642944291.05	260000	9.588603	0.0	84756689	1894	11.699999999999989
1642944292.75	260000	9.885902	0.0	85798884	1080	260.0
1642944294.79	260000	9.875171	0.0	86059829	1429	260.0
1642944297.03	260000	10.053657	0.0	83431241	1519	260.0
1642944299.25	260000	10.029956	0.0	82198417	1383	260.0
1642944301.21	260000	11.681083	0.0	79299299	1385	260.0
1642944303.5	260000	13.304335	0.0	75092129	1721	260.0
1642944306.12	260000	14.743497	0.0	78844622	2043	260.0
1642944308.33	260000	16.35196	0.0	77654479	1597	260.0
1642944310.43	260000	18.09577	0.0	75220977	1520	260.0
1642944312.7	260000	19.709401	0.0	79740890	1611	260.0
1642944315.65	260000	21.036434	0.0	78574581	2178	260.0
1642944318.25	260000	22.628522	0.0	78901633	2029	260.0
1642944321.14	260000	24.101562	0.0	79414941	2218	260.0
1642944323.91	260000	25.60821	0.0	73704781	2155	260.0
1642944326.68	260000	27.039813	0.0	80783826	2187	260.0
1642944329.15	260000	28.549505	0.0	77638812	1927	260.0
1642944331.33	260000	30.352355	0.0	74749470	1618	260.0
1642944333.38	260000	31.984821	0.0	75910911	1448	260.0
1642944335.14	260000	33.682702	0.0	74070687	1225	260.0
1642944337.17	260000	35.22679	0.0	73938718	1470	260.0
1642944339.18	260000	36.939594	0.0	73613985	1447	260.0
1642944341.02	260000	38.531542	0.0	69503182	1301	260.0
1642944343.22	260000	40.11426	0.0	72822670	1647	260.0
1642944345.48	260000	41.590063	0.0	70991563	1706	260.0
1642944347.54	260000	43.315278	0.0	66218671	1531	260.0
1642944350.13	260000	44.681544	0.0	71469145	1887	260.0
1642944352.25	260000	46.346927	0.0	64074874	1611	260.0
1642944354.29	260000	47.846305	0.0	65041967	1533	260.0
1642944356.24	260000	49.589591	0.0	65860507	1448	260.0
1642944357.97	260000	51.306989	0.0	60900183	1260	260.0
1642944359.68	260000	52.901708	0.0	65223805	1205	260.0
1642944361.21	260000	54.633258	0.0	61492275	1034	260.0
1642944362.59	260000	56.414575	0.0	57534179	877	260.0
1642944364.04	260000	58.128155	0.0	64191273	934	260.0
1642944365.3	260000	59.814737	0.0	57421190	774	260.0
1642944375.74	260000	59.880324	0.0	60358582	755	260.0
1642944386.18	260000	59.819162	0.0	60581734	1376	260.0
1642944396.05	260000	59.837284	0.0	55686462	1273	260.0
1642944406.59	260000	59.805788	0.0	61687104	1461	260.0
1642944418.57	260000	59.855803	0.0	56994559	1438	260.0
1642944428.87	260000	59.820123	0.0	55162012	1502	260.0
1642944440.21	260000	59.879595	0.0	63612323	2291	260.0
1642944450.13	260000	59.774446	0.0	53712380	1397	260.0
1642944459.7	260000	59.983151	0.0	59826276	3479	260.0
1642944469.95	260000	59.994655	0.0	58861434	3105	260.0
1642944481.4	260000	59.875883	0.0	53320981	1405	260.0
