1642939405.88	8200	1.999999	0.519	546328	414	-134.94
1642939406.56	11700	3.323387	0.0	1102047	491	8.2
1642939406.96	11700	4.922307	0.0	1111083	222	11.7
1642939407.34	11700	6.544098	0.0	1066380	193	11.7
1642939408.63	11700	7.252616	0.0	3938957	1088	11.7
1642939409.31	11700	8.566395	0.0	4536725	488	11.7
1642939409.95	11700	9.935742	0.0	5378836	433	11.7
1642939411.98	32800	9.90006	0.0	15851372	1737	11.699999999999996
1642939413.69	32800	10.189742	0.0	14688721	1468	32.8
1642939414.93	32800	11.051306	0.0	12381646	985	32.8
1642939415.24	8200	12.734981	0.0	2063908	129	-16.400000000000002
1642939415.85	32800	14.124052	0.0	7987681	401	8.199999999999996
1642939420.41	152400	11.630318	0.0	44466772	3903	32.80000000000001
1642939424.61	152400	11.132966	0.0	45810515	3688	152.4
1642939428.15	152400	10.797857	0.0	42807747	3154	152.4
1642939431.28	152400	9.911573	0.0	40301174	2734	152.4
1642939434.74	152400	9.625275	0.0	39676104	3093	152.4
1642939439.91	152400	10.098544	0.0	40793176	4709	152.4
1642939443.23	152400	11.093805	0.0	37608977	2964	152.4
1642939444.29	32800	12.83255	0.0	7455282	857	-86.8
1642939445.8	32800	14.304271	0.0	7960895	1309	32.8
1642939446.31	11700	16.087144	0.0	2343098	328	-9.400000000000002
1642939447.25	32800	17.756326	0.0	7253832	725	11.699999999999996
1642939447.71	11700	19.756326	0.0	2399571	277	-9.400000000000002
1642939448.88	32800	21.443692	0.0	7133512	903	11.699999999999996
1642939449.96	32800	23.03334	0.0	7041401	886	32.8
1642939452.61	152400	24.289748	0.0	34314045	2299	32.80000000000001
1642939455.06	152400	25.421703	0.0	34563011	2077	152.4
1642939457.0	152400	26.812823	0.0	31292175	1616	152.4
1642939458.03	152400	28.428423	0.0	32834126	692	152.4
1642939459.15	152400	30.098858	0.0	33877878	767	152.4
1642939465.41	260000	29.83624	0.0	66218671	5569	152.4
1642939469.54	260000	30.271118	0.0	71469145	3265	260.0
1642939473.23	260000	31.010748	0.0	64074874	3152	260.0
1642939477.15	260000	31.195111	0.0	65041967	3148	260.0
1642939478.65	260000	31.929386	0.0	65860507	972	260.0
1642939479.91	260000	32.697811	0.0	60900183	706	260.0
1642939481.59	260000	33.020719	0.0	65223805	1173	260.0
1642939483.72	260000	32.892737	0.0	61492275	1452	260.0
1642939485.63	260000	32.980286	0.0	57534179	1295	260.0
1642939487.71	260000	32.900633	0.0	64191273	1546	260.0
1642939489.64	260000	32.998727	0.0	57421190	1435	260.0
1642939491.97	260000	33.53006	0.0	60358582	1760	260.0
1642939494.18	260000	34.501321	0.0	60581734	1699	260.0
1642939496.16	260000	35.82218	0.0	55686462	1516	260.0
1642939498.31	260000	36.859348	0.0	61687104	1636	260.0
1642939500.21	260000	38.089866	0.0	56994559	1444	260.0
1642939502.08	260000	39.401172	0.0	55162012	1402	260.0
1642939505.78	260000	39.831745	0.0	63612323	3162	260.0
1642939508.72	260000	40.64161	0.0	53712380	2493	260.0
1642939511.75	260000	41.636678	0.0	59826276	2314	260.0
1642939514.18	260000	42.761786	0.0	58861434	1961	260.0
1642939516.54	260000	43.791705	0.0	53320981	1905	260.0
1642939519.51	260000	45.196525	0.0	62494429	2340	260.0
1642939523.64	260000	46.259293	0.0	53458888	3518	260.0
1642939526.43	260000	47.641577	0.0	53798130	2251	260.0
1642939529.98	260000	48.989917	0.0	61358299	2945	260.0
1642939534.67	260000	49.929174	0.0	50406269	4263	260.0
1642939535.61	260000	51.929174	0.0	43226513	548	260.0
1642939536.42	260000	53.638947	0.0	35938085	427	260.0
1642939536.56	260000	53.672281	0.0	631698	6	260.0

1642939536.67	11700	53.672281	0.519	139786	1	-134.94
1642939536.74	260000	53.672281	0.0	631698	2	11.699999999999989
1642939537.43	8200	1.999999	-0.054	2049018	348	-229.56
1642939537.64	260000	3.825424	0.0	1757078	20	8.199999999999989
1642939537.83	260000	5.628685	0.0	1560847	17	260.0
1642939538.03	260000	7.433403	0.0	1542805	14	260.0
1642939538.57	32800	8.887591	0.0	12166782	252	-194.39999999999998
1642939538.7	11700	10.756495	0.0	4536725	11	-9.400000000000002
1642939541.24	260000	10.226391	0.0	84756689	1269	11.699999999999989
1642939543.19	260000	10.27098	0.0	85798884	1168	260.0
1642939545.25	260000	10.216672	0.0	86059829	1245	260.0
1642939547.07	260000	11.040135	0.0	83431241	1084	260.0
1642939549.3	260000	11.037432	0.0	82198417	1650	260.0
1642939551.67	260000	11.770446	0.0	79299299	1617	260.0
1642939553.7	260000	13.419969	0.0	75092129	1458	260.0
1642939556.82	260000	14.896911	0.0	78844622	2537	260.0
1642939562.22	260000	15.932675	0.0	77654479	4832	260.0
1642939566.99	260000	17.197778	0.0	75220977	4093	260.0
1642939570.05	260000	18.751224	0.0	79740890	2364	260.0
1642939575.68	260000	19.580656	0.0	78574581	5059	260.0
1642939577.74	152400	21.31328	0.0	37608977	1718	44.80000000000001
1642939579.87	152400	22.897805	0.0	35738670	1793	152.4
1642939583.36	152400	24.420565	0.0	36020729	3083	152.4
1642939585.61	152400	25.764041	0.0	36493721	1895	152.4
1642939587.38	152400	27.764041	0.0	37585290	1348	152.4
1642939592.97	260000	28.780365	0.0	74749470	5021	152.4
1642939599.9	260000	29.436932	0.0	75910911	6291	260.0
