1643171250.0	8200	1.999999	0.35	546328	249	-91.0
1643171250.2	11700	3.806621	0.0	1102047	87	8.2
1643171250.31	11700	5.695044	0.0	1111083	9	11.7
1643171250.43	11700	7.582898	0.0	1066380	12	11.7
1643171250.64	11700	9.369616	0.0	3938957	87	11.7
1643171251.05	32800	10.956798	0.0	15664097	209	11.699999999999996
1643171251.46	32800	12.550348	0.0	15560661	251	32.8
1643171253.43	260000	12.575176	0.0	85798884	1204	32.80000000000001
1643171254.94	260000	13.075121	0.0	86059829	930	260.0
1643171256.34	260000	13.670356	0.0	83431241	917	260.0
1643171258.2	260000	13.813229	0.0	82198417	1370	260.0
1643171260.27	260000	13.906141	0.0	79299299	1613	260.0
1643171262.47	260000	14.493833	0.0	75092129	1780	260.0
1643171264.98	260000	15.044672	0.0	78844622	1939	260.0
1643171268.03	260000	15.669075	0.0	77654479	2459	260.0
1643171270.8	260000	17.379292	0.0	75220977	2259	260.0
1643171281.06	260000	17.60875	0.0	79740890	9809	260.0
1643171282.44	32800	19.39218	0.0	7320305	1167	-194.39999999999998
1643171283.57	32800	21.208438	0.0	7420242	1009	32.8
1643171284.73	32800	22.955783	0.0	7455282	1038	32.8
1643171285.8	32800	24.792406	0.0	7960895	935	32.8
1643171286.66	32800	26.566048	0.0	6396912	746	32.8
1643171287.99	32800	28.409412	0.0	7253832	1202	32.8
1643171289.1	32800	30.251728	0.0	7034316	986	32.8
1643171290.22	32800	32.010095	0.0	7133512	998	32.8
1643171291.33	32800	33.787727	0.0	7041401	986	32.8
1643171292.45	32800	35.5978	0.0	7143328	999	32.8
1643171293.45	32800	37.458751	0.0	7338535	880	32.8
1643171294.52	32800	39.292483	0.0	6896645	940	32.8
1643171295.8	32800	41.061493	0.0	6714054	1157	32.8
1643171297.15	32800	42.904941	0.0	7018701	1229	32.8
1643171298.47	32800	44.742858	0.0	6838204	1197	32.8
1643171299.84	32800	46.520779	0.0	6922846	1244	32.8
1643171301.58	32800	48.125886	0.0	6926196	1617	32.8
1643171305.62	32800	49.485944	0.0	7072104	3927	32.8
1643171306.65	11700	51.128822	0.0	2621613	918	-9.400000000000002
1643171307.64	11700	53.128822	0.0	2518225	881	11.7
1643171309.14	11700	54.947544	0.0	2654985	1403	11.7
1643171309.93	11700	56.806838	0.0	2594029	675	11.7
1643171310.47	11700	58.634409	0.0	2522793	441	11.7
1643171314.65	11700	59.930042	0.0	2591593	567	11.7
1643171326.12	11700	59.901946	0.0	2642305	1848	11.7
1643171336.56	11700	59.810865	0.0	2719235	737	11.7
1643171347.82	11700	59.893697	0.0	2765120	565	11.7
1643171358.53	11700	59.995698	0.0	2628469	510	11.7
1643171369.74	11700	59.976503	0.0	2728942	500	11.7
1643171380.44	11700	59.990464	0.0	2718244	509	11.7
1643171382.82	32800	59.965922	0.0	7306910	671	11.699999999999996
1643171386.17	32800	59.723029	0.0	7790808	203	32.8
1643171388.49	32800	59.856677	0.0	7160738	194	32.8
1643171390.83	32800	59.891088	0.0	7565820	203	32.8
1643171393.14	32800	59.844514	0.0	8064139	189	32.8
1643171395.2	32800	59.6441	0.0	7308924	934	32.8
1643171397.52	32800	59.616099	0.0	7936123	184	32.8
1643171399.34	32800	59.866155	0.0	7845705	184	32.8
1643171401.65	32800	59.616137	0.0	7682661	184	32.8
1643171403.54	32800	59.616142	0.0	8703604	244	32.8
1643171405.86	32800	59.83498	0.0	8166986	189	32.8
1643171408.23	260000	59.585033	0.0	43226513	1100	32.80000000000001
1643171410.0	260000	59.585081	0.0	35938085	1039	260.0
1643171410.11	260000	59.501223	0.0	631698	8	260.0

1643171410.65	8200	1.999999	0.202	2049018	89	-52.52000000000001
1643171410.79	260000	3.909117	0.0	1757078	17	8.199999999999989
1643171410.92	32800	5.773135	0.0	1560846	17	-194.39999999999998
1643171411.04	32800	7.651337	0.0	1542804	14	32.8
1643171411.58	32800	9.118083	0.0	12166782	341	32.8
1643171414.92	260000	7.779333	0.0	88770741	2219	32.80000000000001
1643171417.61	260000	7.081421	0.0	84756689	2056	260.0
1643171420.15	260000	7.216974	0.0	85798884	2051	260.0
1643171422.64	260000	7.772001	0.0	86059829	2020	260.0
1643171424.9	260000	9.424217	0.0	83431241	1800	260.0
1643171427.18	260000	11.035908	0.0	82198417	1773	260.0
1643171429.16	260000	12.794096	0.0	79299299	1523	260.0
1643171431.04	260000	14.405093	0.0	75092129	1426	260.0
1643171434.09	260000	15.728604	0.0	78844622	2584	260.0
1643171436.41	260000	17.578833	0.0	77654479	1875	260.0
1643171438.62	260000	19.108797	0.0	75220977	1767	260.0
1643171441.46	260000	20.53614	0.0	79740890	2351	260.0
1643171444.1	260000	22.228899	0.0	78574581	2177	260.0
1643171446.72	260000	23.713274	0.0	78901633	2118	260.0
1643171449.25	260000	25.236047	0.0	79414941	2044	260.0
