1643135415.4	8200	1.999999	0.272	546328	166	-70.72
1643135415.74	260000	3.641173	0.0	1757078	121	8.199999999999989
1643135415.94	260000	5.442147	0.0	1560847	23	260.0
1643135416.13	260000	7.247829	0.0	1542805	14	260.0
1643135416.66	32800	8.72405	0.0	12166782	257	-194.39999999999998
1643135417.22	32800	10.158818	0.0	15664097	319	32.8
1643135419.37	152400	10.014291	0.0	68626847	1297	32.80000000000001
1643135421.74	152400	9.642906	0.0	72320713	1814	152.4
1643135424.02	152400	9.76479	0.0	70827999	1660	152.4
1643135425.59	152400	10.531064	0.0	51846012	1183	152.4
1643135428.1	260000	10.977277	0.0	82198417	1840	152.4
1643135430.56	260000	11.756606	0.0	79299299	1939	260.0
1643135432.86	260000	13.355385	0.0	75092129	1759	260.0
1643135435.39	260000	14.827313	0.0	78844622	1980	260.0
1643135438.02	260000	16.141582	0.0	77654479	2129	260.0
1643135440.71	260000	17.610217	0.0	75220977	2135	260.0
1643135443.84	260000	19.094268	0.0	79740890	2278	260.0
1643135446.51	260000	20.415186	0.0	78574581	2120	260.0
1643135449.11	260000	21.918945	0.0	78901633	1978	260.0
1643135451.41	260000	23.627654	0.0	79414941	1771	260.0
1643135453.5	260000	25.128481	0.0	73704781	1511	260.0
1643135455.56	260000	26.721394	0.0	80783826	1460	260.0
1643135461.65	260000	27.334815	0.0	77638812	5384	260.0
1643135463.24	260000	28.9813	0.0	74749470	1048	260.0
1643135465.24	260000	30.422268	0.0	75910911	1465	260.0
1643135467.13	260000	31.853375	0.0	74070687	1193	260.0
1643135468.98	260000	33.563904	0.0	73938718	1330	260.0
1643135471.14	260000	35.186275	0.0	73613985	1632	260.0
1643135473.23	260000	36.799844	0.0	69503182	1618	260.0
1643135475.52	260000	38.349301	0.0	72822670	1644	260.0
1643135478.18	260000	39.819047	0.0	70991563	1957	260.0
1643135480.67	260000	41.230091	0.0	66218671	1961	260.0
1643135483.11	260000	43.079979	0.0	71469145	1930	260.0
1643135485.29	260000	44.629457	0.0	64074874	1694	260.0
1643135487.64	260000	46.25322	0.0	65041967	1704	260.0
1643135490.16	260000	47.797709	0.0	65860507	1879	260.0
1643135492.39	260000	49.343024	0.0	60900183	1780	260.0
1643135494.63	260000	50.916062	0.0	65223805	1736	260.0
1643135497.06	260000	52.292757	0.0	61492275	1816	260.0
1643135498.97	260000	53.901351	0.0	57534179	1432	260.0
1643135501.08	260000	55.585979	0.0	64191273	1602	260.0
1643135502.93	260000	57.289128	0.0	57421190	1384	260.0
1643135504.76	260000	58.919986	0.0	60358582	1378	260.0
1643135508.83	260000	59.996166	0.0	60581734	1541	260.0
1643135520.65	260000	59.786929	0.0	55686462	1368	260.0
1643135531.59	260000	59.820729	0.0	61687104	1877	260.0
1643135543.14	260000	59.903955	0.0	56994559	1511	260.0
1643135554.64	260000	59.887448	0.0	55162012	1326	260.0
1643135565.7	260000	59.949877	0.0	63612323	1486	260.0
1643135577.22	260000	59.902455	0.0	53712380	1439	260.0
1643135587.45	260000	59.800156	0.0	59826276	1551	260.0
1643135598.54	260000	59.87382	0.0	58861434	1550	260.0
1643135609.02	260000	59.785948	0.0	53320981	1450	260.0
