1643136074.44	8200	1.999999	0.353	546328	248	-91.78
1643136074.73	260000	3.721092	0.0	1757078	97	8.199999999999989
1643136074.93	260000	5.519058	0.0	1560847	13	260.0
1643136075.13	260000	7.31844	0.0	1542805	15	260.0
1643136075.67	32800	8.776241	0.0	12166782	271	-194.39999999999998
1643136076.25	32800	10.195841	0.0	15664097	317	32.8
1643136077.76	152400	10.685897	0.0	68626847	936	32.80000000000001
1643136079.64	260000	10.806617	0.0	85798884	1203	152.4
1643136081.72	260000	10.730606	0.0	86059829	1493	260.0
1643136083.92	260000	10.941767	0.0	83431241	1597	260.0
1643136086.16	260000	11.318891	0.0	82198417	1563	260.0
1643136088.67	260000	11.791387	0.0	79299299	1963	260.0
1643136091.04	260000	13.474715	0.0	75092129	1761	260.0
1643136093.44	260000	14.965314	0.0	78844622	1784	260.0
1643136095.71	260000	16.267628	0.0	77654479	1711	260.0
1643136098.33	260000	17.837998	0.0	75220977	2088	260.0
1643136101.1	260000	19.441187	0.0	79740890	2273	260.0
1643136103.73	260000	21.058092	0.0	78574581	2115	260.0
1643136106.4	260000	22.603107	0.0	78901633	2097	260.0
1643136109.11	260000	24.119107	0.0	79414941	2085	260.0
1643136111.66	260000	25.544525	0.0	73704781	1864	260.0
1643136114.16	260000	27.344741	0.0	80783826	1857	260.0
1643136116.67	260000	28.839955	0.0	77638812	2056	260.0
1643136118.95	260000	30.388495	0.0	74749470	1731	260.0
1643136121.67	260000	32.004636	0.0	75910911	2047	260.0
1643136124.05	260000	33.505494	0.0	74070687	1917	260.0
1643136126.47	260000	35.142626	0.0	73938718	1866	260.0
1643136128.9	260000	36.622691	0.0	73613985	1850	260.0
1643136131.03	260000	38.23732	0.0	69503182	1689	260.0
1643136133.11	260000	39.88048	0.0	72822670	1624	260.0
1643136135.04	260000	41.510156	0.0	70991563	1440	260.0
1643136137.12	260000	43.184612	0.0	66218671	1607	260.0
1643136139.16	260000	44.724196	0.0	71469145	1525	260.0
1643136140.85	260000	46.489956	0.0	64074874	1260	260.0
1643136142.66	260000	48.261434	0.0	65041967	1360	260.0
1643136144.49	260000	49.790987	0.0	65860507	1293	260.0
1643136146.38	260000	51.434066	0.0	60900183	1421	260.0
1643136148.32	260000	53.116779	0.0	65223805	1454	260.0
1643136150.11	260000	54.863809	0.0	61492275	1363	260.0
1643136151.78	260000	56.41634	0.0	57534179	1209	260.0
1643136153.8	260000	58.195009	0.0	64191273	1451	260.0
1643136155.8	260000	59.821702	0.0	57421190	1525	260.0
1643136166.28	260000	59.823089	0.0	60358582	1499	260.0
1643136177.73	260000	59.871022	0.0	60581734	1424	260.0
1643136189.72	260000	59.869458	0.0	55686462	1479	260.0
1643136199.5	260000	59.789612	0.0	61687104	1535	260.0
1643136210.7	260000	59.799573	0.0	56994559	1678	260.0
1643136222.19	260000	59.86761	0.0	55162012	1431	260.0
1643136233.57	260000	59.877762	0.0	63612323	1791	260.0
1643136244.66	260000	59.916508	0.0	53712380	1561	260.0
1643136254.23	260000	59.837265	0.0	59826276	1501	260.0
1643136265.34	260000	59.767258	0.0	58861434	1513	260.0
