1643766122.34	8200	1.999999	0.557	546328	255	-92.82
1643766122.61	11700	3.736197	0.0	1102047	160	8.2
1643766122.87	11700	5.482422	0.0	1111083	154	11.7
1643766123.12	11700	7.227093	0.0	1066380	155	11.7
1643766123.94	11700	8.41384	0.0	3938957	688	11.7
1643766127.15	32800	7.205443	0.0	15664097	3010	11.699999999999996
1643766130.31	32800	6.043585	0.0	15560661	2996	32.8
1643766131.64	32800	6.714173	0.0	15851372	1157	32.8
1643766133.27	32800	7.485304	0.0	14688721	1474	32.8
1643766134.29	32800	9.053068	0.0	12381646	875	32.8
1643766134.94	32800	10.552965	0.0	10179458	509	32.8
1643766135.53	32800	12.186031	0.0	7987681	459	32.8
1643766136.01	32800	13.766988	0.0	6249975	363	32.8
1643766136.46	32800	15.702612	0.0	6462926	324	32.8
1643766136.94	32800	17.509329	0.0	6930236	345	32.8
1643766137.4	32800	19.209801	0.0	7176786	339	32.8
1643766137.85	32800	20.922349	0.0	6963959	325	32.8
1643766141.55	260000	20.772773	0.0	78574581	2802	32.80000000000001
1643766144.64	260000	20.96468	0.0	78901633	2593	260.0
1643766147.5	260000	21.138518	0.0	79414941	2387	260.0
1643766150.06	260000	21.559029	0.0	73704781	2098	260.0
1643766153.03	260000	21.238404	0.0	80783826	2463	260.0
1643766155.88	260000	20.726314	0.0	77638812	2407	260.0
1643766159.04	260000	19.711593	0.0	74749470	2739	260.0
1643766161.97	260000	19.423901	0.0	75910911	2461	260.0
1643766165.27	260000	18.324925	0.0	74070687	2842	260.0
1643766170.59	260000	19.026793	0.0	73938718	4000	260.0
1643766174.38	260000	20.354327	0.0	73613985	3188	260.0
1643766181.86	260000	21.01887	0.0	69503182	7065	260.0
1643766183.46	32800	22.81162	0.0	6714054	1385	-194.39999999999998
1643766184.68	32800	24.516059	0.0	7018701	1097	32.8
1643766186.9	32800	26.278505	0.0	6838204	2091	32.8
1643766190.2	32800	27.590147	0.0	6922846	3172	32.8
1643766190.57	32800	29.590147	0.0	6926196	250	32.8
1643766190.76	11700	31.590147	0.0	2529063	81	-9.400000000000002
1643766190.91	11700	33.590147	0.0	2621613	36	11.7
1643766191.05	11700	35.590147	0.0	2518225	35	11.7
1643766191.18	11700	37.590147	0.0	2654985	22	11.7
1643766192.88	260000	39.102464	0.0	61492275	1321	11.699999999999989
1643766194.28	260000	40.940093	0.0	57534179	955	260.0
1643766195.54	260000	42.626188	0.0	64191273	874	260.0
1643766196.63	260000	44.411958	0.0	57421190	708	260.0
1643766197.84	260000	46.232095	0.0	60358582	837	260.0
1643766198.98	260000	47.797872	0.0	60581734	772	260.0
1643766200.32	260000	49.797872	0.0	55686462	968	260.0
1643766202.1	260000	51.328803	0.0	61687104	1367	260.0
1643766203.67	260000	53.033468	0.0	56994559	1188	260.0
1643766205.16	260000	54.756577	0.0	55162012	1103	260.0
1643766207.29	260000	56.298016	0.0	63612323	1637	260.0
1643766209.09	260000	57.80529	0.0	53712380	1447	260.0
1643766211.02	260000	59.600511	0.0	59826276	1533	260.0
1643766218.4	260000	59.968067	0.0	58861434	1508	260.0
1643766229.85	260000	59.98028	0.0	53320981	1484	260.0
1643766241.37	260000	59.80188	0.0	62494429	1466	260.0
1643766251.75	260000	59.938614	0.0	53458888	5441	260.0
1643766262.77	32800	59.787115	0.0	7682661	790	-194.39999999999998
1643766273.1	32800	59.869319	0.0	8703604	1104	32.8
1643766282.16	32800	59.981347	0.0	8166986	840	32.8
1643766293.19	32800	59.874993	0.0	8155312	807	32.8
1643766295.2	32800	59.875016	0.0	9057843	790	32.8
1643766295.31	32800	59.62697	0.0	296571	8	32.8

1643766295.79	8200	1.999999	0.115	427088	14	-29.9
1643766295.97	32800	3.85981	0.0	1705511	64	8.199999999999996
1643766296.13	32800	5.697929	0.0	1560846	59	32.8
1643766296.29	32800	7.538446	0.0	1542804	59	32.8
1643766296.95	32800	8.884184	0.0	12166782	473	32.8
1643766297.7	32800	10.127365	0.0	15664097	579	32.8
1643766302.34	260000	7.493818	0.0	84756689	3517	32.80000000000001
1643766307.06	260000	5.907976	0.0	85798884	4234	260.0
1643766310.96	260000	5.743569	0.0	86059829	3403	260.0
1643766314.93	260000	7.214	0.0	83431241	3339	260.0
1643766318.54	260000	8.824141	0.0	82198417	3132	260.0
