1642947725.73	8200	1.999999	0.358	546328	253	-93.08
1642947726.12	260000	3.614311	0.0	1757078	199	8.199999999999989
1642947726.46	260000	5.278466	0.0	1560847	155	260.0
1642947726.79	260000	6.942311	0.0	1542805	152	260.0
1642947728.56	32800	7.18011	0.0	12166782	1482	-194.39999999999998
1642947730.19	32800	7.542901	0.0	15664097	1370	32.8
1642947730.84	11700	8.895971	0.0	5378836	433	-9.400000000000002
1642947731.41	11700	10.323173	0.0	4892753	379	11.7
1642947732.0	11700	11.734117	0.0	5587559	391	11.7
1642947736.54	152400	10.010841	0.0	51846012	3823	11.700000000000017
1642947742.56	152400	7.492808	0.0	57184643	5484	152.4
1642947747.14	152400	5.77483	0.0	48821461	4167	152.4
1642947751.08	152400	6.794276	0.0	44466772	3528	152.4
1642947756.51	152400	7.325289	0.0	45810515	5005	152.4
1642947758.44	152400	8.816553	0.0	42807747	1449	152.4
1642947759.65	152400	10.510482	0.0	40301174	813	152.4
1642947760.92	152400	12.207235	0.0	39676104	793	152.4
1642947762.98	260000	13.750787	0.0	78574581	1390	152.4
1642947765.28	260000	14.965752	0.0	78901633	1538	260.0
1642947768.21	260000	16.163779	0.0	79414941	2146	260.0
1642947771.59	260000	17.214376	0.0	73704781	2828	260.0
1642947778.18	260000	17.126862	0.0	80783826	5980	260.0
1642947784.58	260000	17.242118	0.0	77638812	5736	260.0
1642947789.66	260000	17.609398	0.0	74749470	4430	260.0
1642947794.53	260000	17.846904	0.0	75910911	4309	260.0
1642947797.82	260000	18.829258	0.0	74070687	2548	260.0
1642947799.76	260000	20.103349	0.0	73938718	1188	260.0
1642947828.34	260000	16.921656	0.0	73613985	28006	260.0
1642947840.75	260000	16.640915	0.0	69503182	11800	260.0
1642947841.88	152400	18.280151	0.0	32834126	790	44.80000000000001
1642947842.65	152400	20.126795	0.0	33877878	427	152.4
1642947843.54	152400	21.805174	0.0	31988631	544	152.4
1642947844.35	152400	23.805174	0.0	34031025	468	152.4
1642947846.1	260000	25.49796	0.0	64074874	1243	152.4
1642947848.38	260000	27.073357	0.0	65041967	1704	260.0
1642947851.02	260000	28.617238	0.0	65860507	1986	260.0
1642947853.19	260000	30.204357	0.0	60900183	1706	260.0
1642947855.57	260000	31.844822	0.0	65223805	1757	260.0
1642947857.68	260000	33.551773	0.0	61492275	1613	260.0
1642947859.85	260000	35.193885	0.0	57534179	1596	260.0
1642947862.24	260000	36.587154	0.0	64191273	1688	260.0
1642947864.1	260000	38.397548	0.0	57421190	1374	260.0
1642947865.98	260000	39.766479	0.0	60358582	1350	260.0
1642947867.67	260000	41.766479	0.0	60581734	1198	260.0
1642947869.46	260000	43.341084	0.0	55686462	1267	260.0
1642947871.63	260000	44.808053	0.0	61687104	1674	260.0
1642947873.52	260000	46.39435	0.0	56994559	1424	260.0
1642947875.23	260000	48.123538	0.0	55162012	1264	260.0
1642947877.48	260000	49.691179	0.0	63612323	1622	260.0
1642947879.12	260000	51.500708	0.0	53712380	1206	260.0
1642947881.02	260000	53.0581	0.0	59826276	1274	260.0
1642947882.67	260000	54.728587	0.0	58861434	1171	260.0
1642947884.17	260000	56.339491	0.0	53320981	1005	260.0
1642947885.85	260000	58.062781	0.0	62494429	1093	260.0
1642947887.2	260000	59.730628	0.0	53458888	905	260.0
1642947896.48	260000	59.888526	0.0	53798130	826	260.0
1642947906.67	260000	59.871649	0.0	61358299	2943	260.0
1642947916.14	260000	59.918009	0.0	50406269	2431	260.0
1642947925.15	260000	59.98865	0.0	43226513	4027	260.0
