1643147880.56	8200	1.999999	0.361	546328	257	-93.86
1643147881.07	260000	3.502951	0.0	1757078	306	8.199999999999989
1643147881.52	260000	5.049513	0.0	1560847	272	260.0
1643147881.96	260000	6.604829	0.0	1542805	271	260.0
1643147883.89	32800	6.68016	0.0	12166782	1645	-194.39999999999998
1643147884.75	11700	7.82175	0.0	4536725	662	-9.400000000000002
1643147887.28	32800	7.291461	0.0	15560661	2258	11.699999999999996
1643147889.37	32800	7.508209	0.0	15851372	1834	32.8
1643147890.22	11700	9.021264	0.0	5587559	651	-9.400000000000002
1643147890.58	4900	10.658972	0.0	1576185	182	-1.8999999999999995
1643147892.11	32800	11.260218	0.0	10179458	1311	4.899999999999999
1643147893.13	32800	12.238796	0.0	7987681	809	32.8
1643147894.05	32800	13.556444	0.0	6249975	723	32.8
1643147899.07	152400	12.599585	0.0	45810515	4310	32.80000000000001
1643147903.58	152400	10.474706	0.0	42807747	4126	152.4
1643147907.44	152400	9.668935	0.0	40301174	3468	152.4
1643147910.87	152400	8.652147	0.0	39676104	3049	152.4
1643147913.88	152400	9.347761	0.0	40793176	2554	152.4
1643147916.79	152400	10.590198	0.0	37608977	2531	152.4
1643147919.95	152400	11.494998	0.0	35738670	2803	152.4
1643147925.31	152400	11.863135	0.0	36020729	4971	152.4
1643147928.9	152400	12.647357	0.0	36493721	3073	152.4
1643147931.9	152400	13.685969	0.0	37585290	2563	152.4
1643147934.61	152400	14.735669	0.0	34459282	2348	152.4
1643147937.63	152400	15.856586	0.0	37576374	2665	152.4
1643147940.56	152400	16.976274	0.0	34095545	2573	152.4
1643147943.05	152400	18.11715	0.0	34314045	2129	152.4
1643147950.83	260000	17.546434	0.0	73613985	6868	152.4
1643147958.32	260000	16.75357	0.0	69503182	6820	260.0
1643147964.45	260000	16.532465	0.0	72822670	5592	260.0
1643147971.23	260000	15.796365	0.0	70991563	6241	260.0
1643147976.6	260000	15.657903	0.0	66218671	4788	260.0
1643147978.13	260000	17.385877	0.0	71469145	966	260.0
1643147979.74	260000	18.686544	0.0	64074874	1117	260.0
1643147981.61	260000	19.815053	0.0	65041967	1201	260.0
1643147983.22	260000	21.283877	0.0	65860507	1104	260.0
1643147984.66	260000	22.725375	0.0	60900183	940	260.0
1643147986.76	260000	23.911108	0.0	65223805	1087	260.0
1643147988.71	260000	25.095435	0.0	61492275	1453	260.0
1643147990.22	260000	26.452485	0.0	57534179	943	260.0
1643147991.86	260000	27.885354	0.0	64191273	1062	260.0
1643147993.26	260000	29.608129	0.0	57421190	913	260.0
1643147994.65	260000	31.309479	0.0	60358582	908	260.0
1643147996.07	260000	33.04819	0.0	60581734	932	260.0
1643147997.5	260000	34.78189	0.0	55686462	860	260.0
1643148002.99	260000	35.618161	0.0	61687104	4879	260.0
1643148004.52	260000	37.260318	0.0	56994559	962	260.0
1643148006.09	260000	38.956768	0.0	55162012	1105	260.0
1643148007.9	260000	40.566394	0.0	63612323	1241	260.0
1643148009.17	260000	42.278962	0.0	53712380	825	260.0
1643148010.56	260000	43.882228	0.0	59826276	893	260.0
1643148012.06	260000	45.64348	0.0	58861434	1008	260.0
1643148013.61	260000	47.176807	0.0	53320981	1096	260.0
1643148015.22	260000	49.033339	0.0	62494429	903	260.0
1643148016.54	260000	50.677844	0.0	53458888	870	260.0
1643148017.61	260000	52.542692	0.0	53798130	598	260.0
1643148018.93	260000	54.262874	0.0	61358299	745	260.0
1643148020.02	260000	56.04902	0.0	50406269	669	260.0
1643148021.04	260000	57.798047	0.0	43226513	631	260.0
1643148021.88	260000	59.636497	0.0	35938085	516	260.0
1643148022.0	260000	59.669831	0.0	631698	7	260.0

1643148022.12	11700	59.669831	0.361	139786	3	-93.86
1643148022.17	260000	59.669831	0.0	631698	2	11.699999999999989
1643148022.91	8200	1.999999	0.1	2049018	349	-269.6
1643148023.01	260000	3.937916	0.0	1757078	4	8.199999999999989
1643148023.11	260000	5.840268	0.0	1560847	6	260.0
1643148023.2	260000	7.748	0.0	1542805	3	260.0
1643148025.85	260000	7.102132	0.0	83554460	1501	260.0
1643148027.9	260000	7.047806	0.0	88770741	1128	260.0
1643148029.65	260000	7.299335	0.0	84756689	939	260.0
1643148031.27	260000	7.939869	0.0	85798884	800	260.0
1643148033.03	260000	9.527641	0.0	86059829	1146	260.0
1643148035.6	260000	11.005602	0.0	83431241	1935	260.0
1643148038.14	260000	12.61484	0.0	82198417	1947	260.0
1643148040.58	260000	14.231169	0.0	79299299	1846	260.0
1643148043.0	260000	15.831906	0.0	75092129	1857	260.0
1643148045.69	260000	17.20548	0.0	78844622	1887	260.0
1643148048.25	260000	18.876873	0.0	77654479	1791	260.0
1643148050.54	260000	20.497103	0.0	75220977	1669	260.0
1643148052.79	260000	22.074443	0.0	79740890	1630	260.0
1643148055.11	260000	23.858108	0.0	78574581	1725	260.0
1643148057.43	260000	25.29958	0.0	78901633	1673	260.0
1643148059.86	260000	26.928541	0.0	79414941	1840	260.0
1643148062.59	260000	28.290909	0.0	73704781	2031	260.0
1643148065.34	260000	29.868304	0.0	80783826	2096	260.0
1643148067.98	260000	31.452566	0.0	77638812	2031	260.0
1643148070.68	260000	32.97318	0.0	74749470	1936	260.0
1643148073.25	260000	34.621597	0.0	75910911	1937	260.0
1643148075.68	260000	36.083034	0.0	74070687	1842	260.0
1643148078.11	260000	37.590963	0.0	73938718	1687	260.0
