1642945196.05	8200	1.999999	0.353	546328	249	-91.78
1642945196.34	260000	3.720774	0.0	1757078	102	8.199999999999989
1642945196.54	260000	5.518532	0.0	1560847	26	260.0
1642945196.74	260000	7.317496	0.0	1542805	26	260.0
1642945197.27	32800	8.795988	0.0	12166782	209	-194.39999999999998
1642945197.84	32800	10.217761	0.0	15664097	272	32.8
1642945202.99	260000	7.074857	0.0	84756689	3957	32.80000000000001
1642945208.33	260000	5.166867	0.0	85798884	4693	260.0
1642945212.78	152400	5.578892	0.0	70827999	3710	44.80000000000001
1642945214.9	152400	7.197106	0.0	51846012	1682	152.4
1642945217.21	152400	8.730645	0.0	57184643	1849	152.4
1642945218.06	152400	10.646729	0.0	48821461	382	152.4
1642945219.3	260000	12.413882	0.0	75092129	637	152.4
1642945220.7	260000	14.263785	0.0	78844622	857	260.0
1642945222.09	260000	15.774945	0.0	77654479	833	260.0
1642945223.77	260000	17.574393	0.0	75220977	941	260.0
1642945225.69	260000	19.347463	0.0	79740890	1273	260.0
1642945231.4	260000	20.441702	0.0	78574581	1272	260.0
1642945234.5	260000	21.83578	0.0	78901633	2389	260.0
1642945237.58	260000	23.344683	0.0	79414941	2360	260.0
1642945240.02	260000	24.924152	0.0	73704781	1922	260.0
1642945242.2	260000	26.412062	0.0	80783826	1591	260.0
1642945244.05	260000	27.991383	0.0	77638812	1167	260.0
1642945245.74	260000	29.482349	0.0	74749470	908	260.0
1642945247.6	260000	31.015806	0.0	75910911	1299	260.0
1642945249.06	260000	32.625589	0.0	74070687	784	260.0
1642945250.69	260000	34.134836	0.0	73938718	1073	260.0
1642945254.62	260000	35.116187	0.0	73613985	3183	260.0
1642945258.58	260000	36.127656	0.0	69503182	3411	260.0
1642945260.0	260000	37.817219	0.0	72822670	877	260.0
1642945261.62	260000	39.254473	0.0	70991563	893	260.0
1642945262.99	260000	40.945304	0.0	66218671	837	260.0
1642945264.69	260000	42.230338	0.0	71469145	1094	260.0
1642945266.33	260000	43.794658	0.0	64074874	1044	260.0
1642945268.01	260000	45.794658	0.0	65041967	1037	260.0
1642945270.04	260000	47.357008	0.0	65860507	1371	260.0
1642945271.88	260000	48.944889	0.0	60900183	1261	260.0
1642945274.35	260000	50.381745	0.0	65223805	1917	260.0
1642945284.56	260000	50.551606	0.0	61492275	9704	260.0
1642945290.94	260000	51.431997	0.0	57534179	5716	260.0
1642945298.24	260000	52.033398	0.0	64191273	6792	260.0
1642945299.36	260000	53.80934	0.0	57421190	629	260.0
1642945300.5	260000	55.597811	0.0	60358582	644	260.0
1642945301.97	260000	57.306204	0.0	60581734	861	260.0
1642945303.66	260000	58.976523	0.0	55686462	1046	260.0
1642945309.26	260000	59.87744	0.0	61687104	1102	260.0
1642945320.59	260000	59.751492	0.0	56994559	1348	260.0
1642945330.18	260000	59.99255	0.0	55162012	1529	260.0
1642945342.04	260000	59.990439	0.0	63612323	1735	260.0
1642945352.19	260000	59.959345	0.0	53712380	1432	260.0
1642945361.5	260000	59.981271	0.0	59826276	1709	260.0
1642945372.06	260000	59.980078	0.0	58861434	1517	260.0
1642945382.13	260000	59.797363	0.0	53320981	1531	260.0
1642945392.2	260000	59.997816	0.0	62494429	1631	260.0
