1642917753.31	8200	1.999999	0.357	546328	253	-92.82
1642917753.7	260000	3.62044	0.0	1757078	200	8.199999999999989
1642917754.04	260000	5.284078	0.0	1560847	156	260.0
1642917754.38	260000	6.943193	0.0	1542805	153	260.0
1642917756.16	32800	7.154677	0.0	12166782	1500	-194.39999999999998
1642917757.8	32800	7.517204	0.0	15664097	1372	32.8
1642917759.24	32800	8.079343	0.0	15560661	1204	32.8
1642917760.55	32800	8.771984	0.0	15851372	1068	32.8
1642917761.86	32800	9.65964	0.0	14688721	1068	32.8
1642917762.41	11700	11.278907	0.0	4371099	340	-9.400000000000002
1642917763.46	32800	12.343991	0.0	10179458	832	11.699999999999996
1642917769.48	152400	10.913115	0.0	48821461	5240	32.80000000000001
1642917773.15	152400	10.745637	0.0	44466772	3305	152.4
1642917777.51	152400	10.477352	0.0	45810515	3990	152.4
1642917783.89	152400	7.812895	0.0	42807747	6034	152.4
1642917785.61	152400	9.344644	0.0	40301174	1263	152.4
1642917786.55	152400	11.011337	0.0	39676104	478	152.4
1642917787.64	152400	12.677903	0.0	40793176	697	152.4
1642917788.69	152400	14.436609	0.0	37608977	667	152.4
1642917789.67	152400	16.079855	0.0	35738670	602	152.4
1642917791.7	260000	17.413986	0.0	73704781	1175	152.4
1642917794.11	260000	18.892795	0.0	80783826	1724	260.0
1642917796.16	260000	20.193599	0.0	77638812	1479	260.0
1642917800.03	260000	21.102796	0.0	74749470	3296	260.0
1642917806.35	260000	21.128402	0.0	75910911	5759	260.0
1642917812.38	260000	21.316318	0.0	74070687	5487	260.0
1642917814.75	152400	22.562971	0.0	34314045	2007	44.80000000000001
1642917817.16	152400	23.684282	0.0	34563011	2030	152.4
1642917819.18	152400	25.033089	0.0	31292175	1686	152.4
1642917821.4	152400	26.190068	0.0	32834126	1888	152.4
1642917824.42	152400	27.122711	0.0	33877878	2612	152.4
1642917825.76	260000	28.712318	0.0	66218671	621	152.4
1642917827.73	260000	29.82515	0.0	71469145	1469	260.0
1642917854.23	260000	24.942017	0.0	64074874	26077	260.0
1642917855.98	32800	26.793839	0.0	7072104	1466	-194.39999999999998
1642917857.34	32800	28.504388	0.0	7515735	1158	32.8
1642917858.91	32800	30.133715	0.0	7011028	1361	32.8
1642917860.17	32800	31.874675	0.0	7307337	1038	32.8
1642917861.67	32800	33.725978	0.0	7344127	1286	32.8
1642917862.89	32800	35.458989	0.0	7064203	1030	32.8
1642917868.49	152400	36.269907	0.0	35313058	5158	32.80000000000001
1642917869.55	152400	38.137544	0.0	32767078	709	152.4
1642917871.01	152400	39.872155	0.0	34143965	1055	152.4
1642917871.9	152400	41.595612	0.0	35599566	525	152.4
1642917873.07	260000	43.462633	0.0	55686462	779	152.4
1642917874.47	260000	45.061884	0.0	61687104	869	260.0
1642917876.08	260000	46.795123	0.0	56994559	1222	260.0
1642917877.75	260000	48.365551	0.0	55162012	1274	260.0
1642917879.53	260000	50.000351	0.0	63612323	1204	260.0
1642917881.13	260000	51.826141	0.0	53712380	1026	260.0
1642917883.0	260000	53.35483	0.0	59826276	1277	260.0
1642917885.17	260000	54.961523	0.0	58861434	1669	260.0
1642917887.13	260000	56.676806	0.0	53320981	1439	260.0
1642917889.42	260000	58.160215	0.0	62494429	1706	260.0
1642917891.33	260000	59.871357	0.0	53458888	1443	260.0
1642917901.01	260000	59.984333	0.0	53798130	1680	260.0
1642917905.91	260000	59.825849	0.0	61358299	2263	260.0
1642917911.06	260000	59.829692	0.0	50406269	1207	260.0
1642917915.2	260000	59.821574	0.0	43226513	724	260.0
1642917920.56	260000	59.962993	0.0	35938085	556	260.0
1642917921.11	260000	59.713574	0.0	631698	339	260.0

1642917921.23	11700	59.713574	0.357	139786	3	-92.82
1642917921.29	260000	59.672565	0.0	631698	3	11.699999999999989
1642917922.05	8200	1.999999	0.126	2049018	364	-276.36
1642917922.33	11700	3.753475	0.0	1102047	97	8.2
1642917922.61	11700	5.474015	0.0	1111083	97	11.7
1642917922.88	11700	7.202928	0.0	1066380	92	11.7
1642917923.54	11700	8.546624	0.0	3938957	457	11.7
1642917924.11	11700	9.977844	0.0	4536725	373	11.7
1642917924.41	32800	11.68106	0.0	15560661	47	11.699999999999996
1642917924.59	32800	13.492558	0.0	15851372	35	32.8
1642917924.76	32800	15.320699	0.0	14688721	32	32.8
1642917927.92	152400	14.165238	0.0	51846012	2267	32.80000000000001
1642917932.5	152400	11.706962	0.0	57184643	4066	152.4
1642917936.42	152400	11.024237	0.0	48821461	3508	152.4
1642917938.46	152400	11.651377	0.0	44466772	1664	152.4
1642917942.11	152400	11.638515	0.0	45810515	3226	152.4
1642917947.57	152400	11.334395	0.0	42807747	5037	152.4
1642917950.88	152400	12.422895	0.0	40301174	2805	152.4
