1642922573.07	8200	1.999999	0.358	546328	256	-93.08
1642922573.56	260000	3.509318	0.0	1757078	305	8.199999999999989
1642922574.01	260000	5.064093	0.0	1560847	271	260.0
1642922574.46	260000	6.613797	0.0	1542805	269	260.0
1642922576.68	32800	6.389147	0.0	12166782	1945	-194.39999999999998
1642922577.41	11700	7.661201	0.0	4536725	528	-9.400000000000002
1642922580.01	32800	7.068947	0.0	15560661	2326	11.699999999999996
1642922582.32	32800	7.090104	0.0	15851372	2061	32.8
1642922582.68	4900	8.788347	0.0	1894210	189	-23.0
1642922583.4	11700	10.183795	0.0	4371099	524	4.8999999999999995
1642922584.79	32800	10.856108	0.0	10179458	1187	11.699999999999996
1642922585.35	11700	12.303555	0.0	2615238	367	-9.400000000000002
1642922586.27	32800	13.56732	0.0	6249975	715	11.699999999999996
1642922591.58	152400	12.4465	0.0	45810515	4550	32.80000000000001
1642922596.01	152400	10.216646	0.0	42807747	4002	152.4
1642922600.1	152400	8.574495	0.0	40301174	3690	152.4
1642922600.84	32800	9.830104	0.0	6963959	541	-86.8
1642922604.37	152400	9.528187	0.0	40793176	3138	32.80000000000001
1642922607.08	152400	10.693563	0.0	37608977	2333	152.4
1642922609.96	152400	11.81	0.0	35738670	2461	152.4
1642922613.15	152400	12.833303	0.0	36020729	2821	152.4
1642922616.05	152400	13.833846	0.0	36493721	2555	152.4
1642922618.81	152400	14.924679	0.0	37585290	2379	152.4
1642922621.64	152400	15.726004	0.0	34459282	2484	152.4
1642922624.59	152400	15.677585	0.0	37576374	2577	152.4
1642922627.37	152400	16.847512	0.0	34095545	2388	152.4
1642922633.34	260000	16.684725	0.0	73938718	5274	152.4
1642922639.3	260000	16.746415	0.0	73613985	5367	260.0
1642922645.96	260000	16.340013	0.0	69503182	6100	260.0
1642922652.99	260000	15.799995	0.0	72822670	6495	260.0
1642922659.25	260000	15.722707	0.0	70991563	5715	260.0
1642922665.82	260000	15.44144	0.0	66218671	5854	260.0
1642922670.45	260000	15.870662	0.0	71469145	4022	260.0
1642922671.93	260000	17.294695	0.0	64074874	899	260.0
1642922673.59	260000	18.497298	0.0	65041967	1177	260.0
1642922675.21	260000	19.71733	0.0	65860507	1080	260.0
1642922676.77	260000	21.594319	0.0	60900183	886	260.0
1642922678.11	260000	23.424862	0.0	65223805	907	260.0
1642922679.55	260000	25.06024	0.0	61492275	1004	260.0
1642922681.66	260000	26.657971	0.0	57534179	1541	260.0
1642922683.21	260000	28.350132	0.0	64191273	929	260.0
1642922684.56	260000	30.122275	0.0	57421190	819	260.0
1642922686.25	260000	31.758061	0.0	60358582	1052	260.0
1642922687.57	260000	33.459667	0.0	60581734	764	260.0
1642922689.1	260000	35.245671	0.0	55686462	1143	260.0
1642922690.5	260000	36.948028	0.0	61687104	834	260.0
1642922695.98	260000	37.621356	0.0	56994559	5077	260.0
1642922698.24	260000	39.216038	0.0	55162012	1757	260.0
1642922700.18	260000	40.806207	0.0	63612323	1262	260.0
1642922701.68	260000	42.540523	0.0	53712380	1016	260.0
1642922703.2	260000	44.185483	0.0	59826276	908	260.0
1642922704.65	260000	45.867097	0.0	58861434	916	260.0
1642922706.21	260000	47.495334	0.0	53320981	1062	260.0
1642922707.87	260000	49.205091	0.0	62494429	1113	260.0
1642922709.14	260000	50.917983	0.0	53458888	668	260.0
1642922710.4	260000	52.633014	0.0	53798130	766	260.0
1642922712.4	260000	54.140034	0.0	61358299	1408	260.0
1642922713.58	260000	55.998627	0.0	50406269	671	260.0
1642922714.62	260000	57.735775	0.0	43226513	551	260.0
1642922715.38	260000	59.582633	0.0	35938085	449	260.0
1642922715.51	260000	59.615967	0.0	631698	8	260.0

1642922715.62	11700	59.615967	0.358	139786	2	-93.08
1642922715.67	260000	59.615967	0.0	631698	2	11.699999999999989
1642922716.39	8200	1.999999	0.101	2049018	347	-269.86
1642922716.49	260000	3.933228	0.0	1757078	8	8.199999999999989
1642922716.58	260000	5.846572	0.0	1560847	4	260.0
1642922716.67	260000	7.759354	0.0	1542805	3	260.0
1642922719.47	260000	6.960673	0.0	83554460	1850	260.0
1642922721.52	260000	6.9073	0.0	88770741	1262	260.0
1642922723.32	260000	7.113156	0.0	84756689	1163	260.0
1642922725.2	260000	7.80499	0.0	85798884	1077	260.0
1642922727.36	260000	9.452631	0.0	86059829	1351	260.0
1642922729.58	260000	10.982887	0.0	83431241	1554	260.0
1642922731.72	260000	12.521587	0.0	82198417	1541	260.0
1642922733.9	260000	14.172438	0.0	79299299	1561	260.0
1642922736.07	260000	15.808068	0.0	75092129	1457	260.0
1642922738.37	260000	17.415091	0.0	78844622	1516	260.0
1642922740.42	260000	19.154083	0.0	77654479	1462	260.0
1642922742.39	260000	20.762064	0.0	75220977	1383	260.0
1642922744.52	260000	22.388364	0.0	79740890	1429	260.0
1642922746.53	260000	24.008157	0.0	78574581	1361	260.0
1642922748.8	260000	25.700743	0.0	78901633	1772	260.0
1642922751.11	260000	27.31419	0.0	79414941	1691	260.0
1642922753.39	260000	28.924406	0.0	73704781	1692	260.0
1642922755.71	260000	30.486191	0.0	80783826	1763	260.0
1642922757.85	260000	32.092848	0.0	77638812	1633	260.0
1642922759.99	260000	33.719024	0.0	74749470	1636	260.0
1642922762.08	260000	35.315196	0.0	75910911	1619	260.0
1642922764.7	260000	36.636718	0.0	74070687	1866	260.0
1642922767.17	260000	38.365157	0.0	73938718	1954	260.0
1642922769.6	260000	40.016238	0.0	73613985	1786	260.0
1642922771.61	260000	41.592867	0.0	69503182	1523	260.0
