1643146350.26	8200	1.999999	0.344	546328	246	-89.44
1643146350.55	260000	3.725929	0.0	1757078	97	8.199999999999989
1643146350.75	260000	5.527568	0.0	1560847	16	260.0
1643146350.95	260000	7.326207	0.0	1542805	19	260.0
1643146351.49	32800	8.782358	0.0	12166782	250	-194.39999999999998
1643146351.74	11700	10.531843	0.0	4536725	45	-9.400000000000002
1643146354.12	260000	10.151897	0.0	84756689	1244	11.699999999999989
1643146356.23	260000	10.043008	0.0	85798884	1524	260.0
1643146358.35	260000	9.922207	0.0	86059829	1503	260.0
1643146360.3	260000	10.513649	0.0	83431241	1361	260.0
1643146362.64	260000	10.35102	0.0	82198417	1767	260.0
1643146364.96	260000	11.727642	0.0	79299299	1611	260.0
1643146367.14	260000	13.207166	0.0	75092129	1606	260.0
1643146369.57	260000	14.904609	0.0	78844622	1689	260.0
1643146371.8	260000	16.536177	0.0	77654479	1625	260.0
1643146374.29	260000	18.031924	0.0	75220977	1912	260.0
1643146377.21	260000	19.544802	0.0	79740890	2110	260.0
1643146379.66	260000	21.098938	0.0	78574581	1847	260.0
1643146382.08	260000	22.630431	0.0	78901633	1626	260.0
1643146384.33	260000	24.24985	0.0	79414941	1620	260.0
1643146386.64	260000	25.853894	0.0	73704781	1607	260.0
1643146388.76	260000	27.457173	0.0	80783826	1536	260.0
1643146391.16	260000	28.725404	0.0	77638812	1622	260.0
1643146393.62	260000	30.680271	0.0	74749470	1889	260.0
1643146395.99	260000	32.145995	0.0	75910911	1792	260.0
1643146398.3	260000	33.838514	0.0	74070687	1706	260.0
1643146400.91	260000	35.217557	0.0	73938718	2020	260.0
1643146403.88	260000	36.917274	0.0	73613985	2343	260.0
1643146406.59	260000	38.485495	0.0	69503182	2040	260.0
1643146409.88	260000	39.890272	0.0	72822670	2682	260.0
1643146413.42	260000	41.156658	0.0	70991563	2935	260.0
1643146416.49	260000	42.637655	0.0	66218671	2528	260.0
1643146419.69	260000	44.100213	0.0	71469145	2447	260.0
1643146422.05	260000	45.792915	0.0	64074874	1858	260.0
1643146424.11	260000	47.462498	0.0	65041967	1532	260.0
1643146426.04	260000	49.067937	0.0	65860507	1404	260.0
1643146427.62	260000	50.776062	0.0	60900183	1091	260.0
1643146429.54	260000	52.359636	0.0	65223805	1362	260.0
1643146431.27	260000	54.0132	0.0	61492275	1186	260.0
1643146433.07	260000	55.746036	0.0	57534179	1305	260.0
1643146435.06	260000	57.241623	0.0	64191273	1380	260.0
1643146437.11	260000	58.88958	0.0	57421190	1585	260.0
1643146441.73	260000	59.798037	0.0	60358582	1610	260.0
1643146452.93	260000	59.880346	0.0	60581734	1693	260.0
1643146463.57	260000	59.856741	0.0	55686462	1549	260.0
1643146473.35	260000	59.862683	0.0	61687104	1654	260.0
1643146483.33	260000	59.835436	0.0	56994559	1415	260.0
1643146493.39	260000	59.804987	0.0	55162012	1458	260.0
1643146504.56	260000	59.876308	0.0	63612323	1578	260.0
1643146514.03	260000	59.990435	0.0	53712380	1440	260.0
1643146523.76	260000	59.978466	0.0	59826276	4657	260.0
1643146535.51	260000	59.87095	0.0	58861434	2562	260.0
1643146546.05	260000	59.768267	0.0	53320981	1506	260.0
