1642942961.34	8200	1.999999	0.517	546328	414	-134.42
1642942963.24	11700	2.268929	0.165	1102047	1712	-34.7
1642942963.56	4900	3.944168	0.0	613681	147	-1.8999999999999995
1642942963.87	4900	5.631833	0.0	607418	140	4.9
1642942964.44	4900	7.068701	0.0	2009327	375	4.9
1642942964.93	4900	8.576868	0.0	2133335	311	4.9
1642942966.23	4900	9.2737	0.0	2134063	1120	4.9
1642942969.14	8200	8.366942	0.0	3861716	2704	4.8999999999999995
1642942971.7	8200	7.807338	0.0	3391749	2376	8.2
1642942974.9	8200	6.607079	0.0	2809333	2968	8.2
1642942976.52	8200	6.984351	0.0	2063908	1445	8.2
1642942977.33	8200	8.17842	0.0	1614484	629	8.2
1642942977.72	8200	9.782597	0.0	1563332	219	8.2
1642942978.17	8200	11.335455	0.0	1704148	239	8.2
1642942979.26	11700	12.250183	0.0	2491394	883	8.2
1642942979.53	11700	13.974743	0.0	2629283	93	11.7
1642942979.99	32800	15.514687	0.0	6963959	242	11.699999999999996
1642942980.44	32800	17.065801	0.0	7320305	244	32.8
1642942980.9	32800	18.612882	0.0	7420242	246	32.8
1642942981.39	32800	20.11699	0.0	7455282	279	32.8
1642942990.91	260000	12.600968	0.0	73704781	8440	32.80000000000001
1642943018.87	152400	2.329568	8.926	36493721	27550	-2275.96
1642943019.63	4900	3.905	0.0	1009447	497	-142.6
1642943020.04	4900	5.698241	0.0	1002081	233	4.9
1642943020.45	4900	7.533693	0.0	1052991	245	4.9
1642943020.86	4900	9.376416	0.0	1019357	237	4.9
1642943021.32	4900	11.279987	0.0	1039341	282	4.9
1642943022.38	11700	12.792195	0.0	2472140	866	4.8999999999999995
1642943025.0	32800	13.217252	0.0	6896645	2413	11.699999999999996
1642943027.86	32800	12.354333	0.0	6714054	2668	32.8
1642943035.99	32800	6.231426	0.0	7018701	7919	32.8
1642943039.28	11700	4.990616	0.0	2399895	2071	-9.400000000000002
1642943041.23	4900	5.069677	0.0	1101025	1772	-1.8999999999999995
1642943042.15	4900	6.153866	0.0	1051211	737	4.9
1642943045.09	4900	5.248228	0.0	1049474	887	4.9
1642943046.97	4900	5.36961	0.0	1092432	767	4.9
1642943048.9	4900	5.440853	0.0	1071090	1752	4.9
1642943050.86	4900	5.478641	0.0	1110252	1776	4.9
1642943051.78	4900	6.559514	0.0	1062576	743	4.9
1642943053.7	4900	6.645193	0.0	1044296	1730	4.9
1642943055.69	4900	6.65408	0.0	1109675	1775	4.9
1642943056.65	4900	7.694591	0.0	1065448	745	4.9
1642943058.6	4900	7.737093	0.0	1119674	1784	4.9
1642943060.57	4900	7.771923	0.0	1120932	1785	4.9
1642943062.51	4900	7.830059	0.0	1090588	1761	4.9
1642943063.51	4900	8.833213	0.0	1155031	808	4.9
1642943065.46	4900	8.88374	0.0	1099407	1769	4.9
1642943066.41	4900	9.927355	0.0	1112117	777	4.9
1642943067.94	8200	10.397887	0.0	1928522	1349	4.8999999999999995
1642943070.38	8200	9.966127	0.0	1771314	2240	8.2
1642943072.84	8200	9.500107	0.0	1838013	2287	8.2
1642943074.28	8200	10.063347	0.0	1877411	1242	8.2
1642943075.14	8200	11.197758	0.0	1874021	664	8.2
1642943075.69	8200	12.646837	0.0	2075792	361	8.2
1642943076.51	11700	13.829509	0.0	2785470	562	8.2
1642943077.34	11700	15.001112	0.0	2752189	641	11.7
1642943077.82	4900	16.521959	0.0	1257680	292	-1.8999999999999995
1642943079.77	32800	16.572129	0.0	8166986	1745	4.899999999999999
1642943081.38	32800	16.964153	0.0	8155312	1426	32.8
1642943087.21	152400	13.129367	0.0	32823233	5534	32.80000000000001
1642943087.45	152400	12.92323	0.0	629903	108	152.4

1642943087.93	8200	1.999999	0.173	385365	67	-44.980000000000004
1642943088.39	260000	3.56866	0.0	1757078	261	8.199999999999989
1642943088.79	260000	5.160761	0.0	1560847	218	260.0
1642943089.2	260000	6.755661	0.0	1542805	216	260.0
1642943091.47	32800	6.482933	0.0	12166782	1938	-194.39999999999998
1642943094.48	32800	5.47515	0.0	15664097	2741	32.8
1642943097.44	32800	4.942391	0.0	15560661	2723	32.8
1642943100.42	32800	5.100713	0.0	15851372	2737	32.8
1642943103.08	32800	5.56851	0.0	14688721	2419	32.8
1642943105.88	32800	5.908728	0.0	12381646	2573	32.8
1642943108.58	32800	6.231766	0.0	10179458	2487	32.8
1642943117.92	32800	2.420229	0.819	7987681	9138	-180.14
1642943119.36	4900	3.183793	0.0	935377	794	-23.0
1642943121.24	4900	3.444836	0.0	1007353	1705	4.9
1642943122.16	4900	4.516831	0.0	1057198	738	4.9
1642943125.15	4900	3.527166	0.0	1103099	945	4.9
1642943126.13	4900	4.553861	0.0	1131748	792	4.9
1642943127.59	4900	5.088919	0.0	1098030	385	4.9
1642943128.16	4900	6.520505	0.0	1119258	391	4.9
1642943129.27	11700	7.412061	0.0	2700523	916	4.8999999999999995
1642943129.9	8200	8.775633	0.0	1917979	445	4.699999999999999
1642943130.64	11700	10.039266	0.0	2343098	556	8.2
1642943132.01	32800	10.669357	0.0	7253832	1168	11.699999999999996
1642943133.39	32800	11.289839	0.0	7034316	1185	32.8
1642943134.59	32800	12.087106	0.0	7133512	997	32.8
1642943135.78	32800	12.895842	0.0	7041401	985	32.8
1642943136.29	11700	14.38675	0.0	2442104	325	-9.400000000000002
1642943137.41	32800	15.268149	0.0	7338535	916	11.699999999999996
1642943138.81	32800	15.865986	0.0	6896645	1206	32.8
1642943140.0	32800	16.683887	0.0	6714054	983	32.8
1642943141.01	32800	17.665902	0.0	7018701	824	32.8
1642943142.01	32800	18.671846	0.0	6838204	797	32.8
1642943143.18	32800	19.507374	0.0	6922846	964	32.8
1642943144.21	32800	20.692318	0.0	6926196	808	32.8
1642943148.22	152400	18.796014	0.0	31753337	3500	32.80000000000001
1642943158.22	152400	11.451983	0.0	34013525	9605	152.4
