1642919478.1	8200	1.999999	0.351	546328	248	-91.26
1642919478.39	260000	3.724306	0.0	1757078	97	8.199999999999989
1642919478.58	260000	5.526271	0.0	1560847	17	260.0
1642919478.78	260000	7.329805	0.0	1542805	19	260.0
1642919479.27	32800	8.839589	0.0	12166782	220	-194.39999999999998
1642919479.59	11700	10.522467	0.0	4536725	36	-9.400000000000002
1642919482.74	260000	9.37021	0.0	84756689	1705	11.699999999999989
1642919484.79	260000	9.320008	0.0	85798884	1229	260.0
1642919487.03	260000	9.330909	0.0	86059829	1714	260.0
1642919489.17	260000	9.387149	0.0	83431241	1612	260.0
1642919491.32	260000	9.884543	0.0	82198417	1526	260.0
1642919493.32	260000	11.59598	0.0	79299299	1439	260.0
1642919495.15	260000	13.156014	0.0	75092129	1353	260.0
1642919497.43	260000	14.773858	0.0	78844622	1690	260.0
1642919500.16	260000	16.24693	0.0	77654479	1989	260.0
1642919502.14	260000	17.983376	0.0	75220977	1446	260.0
1642919504.14	260000	19.550234	0.0	79740890	1440	260.0
1642919505.96	260000	21.248769	0.0	78574581	1307	260.0
1642919508.05	260000	22.883661	0.0	78901633	1611	260.0
1642919510.03	260000	24.594307	0.0	79414941	1464	260.0
1642919512.1	260000	26.22296	0.0	73704781	1375	260.0
1642919514.15	260000	27.826176	0.0	80783826	1435	260.0
1642919516.74	260000	29.317937	0.0	77638812	1783	260.0
1642919519.2	260000	30.911219	0.0	74749470	1685	260.0
1642919521.7	260000	32.519147	0.0	75910911	1744	260.0
1642919524.08	260000	34.042117	0.0	74070687	1849	260.0
1642919526.27	260000	35.598621	0.0	73938718	1716	260.0
1642919528.55	260000	37.298602	0.0	73613985	1685	260.0
1642919531.25	260000	38.785629	0.0	69503182	2032	260.0
1642919533.85	260000	40.40822	0.0	72822670	2003	260.0
1642919536.64	260000	41.995326	0.0	70991563	2246	260.0
1642919539.25	260000	43.520262	0.0	66218671	2085	260.0
1642919541.83	260000	44.965594	0.0	71469145	2003	260.0
1642919544.05	260000	46.518496	0.0	64074874	1614	260.0
1642919546.26	260000	48.094878	0.0	65041967	1505	260.0
1642919548.12	260000	49.738533	0.0	65860507	1359	260.0
1642919549.85	260000	51.592455	0.0	60900183	1273	260.0
1642919551.93	260000	53.225348	0.0	65223805	1539	260.0
1642919554.0	260000	54.782928	0.0	61492275	1533	260.0
1642919555.8	260000	56.39619	0.0	57534179	1357	260.0
1642919557.61	260000	58.102164	0.0	64191273	1373	260.0
1642919559.18	260000	59.799613	0.0	57421190	1185	260.0
1642919569.31	260000	59.982745	0.0	60358582	1214	260.0
1642919579.96	260000	59.77288	0.0	60581734	1490	260.0
1642919590.59	260000	59.873198	0.0	55686462	1558	260.0
1642919601.68	260000	59.644046	0.0	61687104	1521	260.0
1642919612.7	260000	59.784389	0.0	56994559	1514	260.0
1642919624.06	260000	59.887034	0.0	55162012	2223	260.0
1642919635.18	260000	59.979275	0.0	63612323	1604	260.0
1642919646.19	260000	59.806171	0.0	53712380	1491	260.0
1642919656.38	260000	59.808461	0.0	59826276	3132	260.0
1642919668.05	260000	59.887762	0.0	58861434	1551	260.0
