1643146807.02	8200	1.999999	0.354	546328	250	-92.04
1643146807.31	260000	3.72334	0.0	1757078	98	8.199999999999989
1643146807.49	260000	5.537976	0.0	1560847	13	260.0
1643146807.67	260000	7.357641	0.0	1542805	11	260.0
1643146808.23	32800	8.803656	0.0	12166782	252	-194.39999999999998
1643146808.46	11700	10.567202	0.0	4536725	45	-9.400000000000002
1643146810.92	260000	10.105507	0.0	84756689	1381	11.699999999999989
1643146812.85	260000	10.177356	0.0	85798884	1296	260.0
1643146814.76	260000	10.267475	0.0	86059829	1316	260.0
1643146816.67	260000	10.987257	0.0	83431241	1291	260.0
1643146818.76	260000	11.284287	0.0	82198417	1289	260.0
1643146820.54	260000	11.963225	0.0	79299299	1170	260.0
1643146822.22	260000	13.594903	0.0	75092129	1118	260.0
1643146824.65	260000	15.167479	0.0	78844622	1659	260.0
1643146827.08	260000	16.756701	0.0	77654479	1705	260.0
1643146829.24	260000	18.542525	0.0	75220977	1609	260.0
1643146831.63	260000	20.110627	0.0	79740890	1821	260.0
1643146841.83	260000	20.228164	0.0	78574581	9605	260.0
1643146853.3	260000	20.528624	0.0	78901633	10798	260.0
1643146873.72	260000	18.944407	0.0	79414941	19623	260.0
1643146891.2	260000	17.809846	0.0	73704781	14294	260.0
1643146895.48	152400	19.029042	0.0	36493721	3858	44.80000000000001
1643146898.68	152400	20.384587	0.0	37585290	2852	152.4
1643146902.16	152400	21.728572	0.0	34459282	3135	152.4
1643146903.35	152400	23.590044	0.0	37576374	765	152.4
1643146907.09	152400	24.975283	0.0	34095545	3402	152.4
1643146908.95	260000	26.639122	0.0	73938718	973	152.4
1643146910.37	260000	28.287538	0.0	73613985	803	260.0
1643146911.96	260000	30.077615	0.0	69503182	957	260.0
1643146914.18	260000	31.684411	0.0	72822670	1676	260.0
1643146916.38	260000	33.307838	0.0	70991563	1610	260.0
1643146918.61	260000	34.799709	0.0	66218671	1688	260.0
1643146921.41	260000	36.390482	0.0	71469145	2196	260.0
1643146923.91	260000	37.864208	0.0	64074874	1907	260.0
1643146926.87	260000	39.155657	0.0	65041967	2361	260.0
1643146929.73	260000	40.895062	0.0	65860507	2355	260.0
1643146932.52	260000	42.265045	0.0	60900183	2184	260.0
1643146935.12	260000	43.832595	0.0	65223805	2106	260.0
1643146937.4	260000	45.355377	0.0	61492275	1767	260.0
1643146939.67	260000	46.93405	0.0	57534179	1635	260.0
1643146941.88	260000	48.417711	0.0	64191273	1708	260.0
1643146943.64	260000	50.097535	0.0	57421190	1279	260.0
1643146945.96	260000	51.731775	0.0	60358582	1828	260.0
1643146948.0	260000	53.364049	0.0	60581734	1543	260.0
1643146949.72	260000	55.050229	0.0	55686462	1267	260.0
1643146951.65	260000	56.655149	0.0	61687104	1265	260.0
1643146953.47	260000	58.356641	0.0	56994559	1353	260.0
1643146956.07	260000	59.878332	0.0	55162012	1502	260.0
1643146965.77	260000	59.870067	0.0	63612323	1684	260.0
1643146976.39	260000	59.906815	0.0	53712380	1595	260.0
1643146986.09	260000	59.811265	0.0	59826276	1637	260.0
1643146991.29	260000	59.944898	0.0	58861434	1623	260.0
1643146996.92	260000	59.965332	0.0	53320981	1093	260.0
1643147002.45	260000	59.894303	0.0	62494429	938	260.0
1643148015.22	260000	49.033339	0.0	62494429	903	260.0
1643148016.54	260000	50.677844	0.0	53458888	870	260.0
1643148017.61	260000	52.542692	0.0	53798130	598	260.0
1643148018.93	260000	54.262874	0.0	61358299	745	260.0
1643148021.04	260000	57.798047	0.0	43226513	631	260.0
1643148021.88	260000	59.636497	0.0	35938085	516	260.0
1643148022.0	260000	59.669831	0.0	631698	7	260.0