1643172339.01	8200	1.999999	0.359	546328	255	-93.34
1643172339.28	11700	3.741241	0.0	1102047	152	8.2
1643172339.54	11700	5.481973	0.0	1111083	153	11.7
1643172339.78	11700	7.233614	0.0	1066380	148	11.7
1643172340.36	11700	8.654185	0.0	3938957	459	11.7
1643172342.89	32800	8.131424	0.0	15664097	2328	11.699999999999996
1643172345.12	32800	7.898627	0.0	15560661	2074	32.8
1643172347.04	32800	7.982809	0.0	15851372	1751	32.8
1643172349.04	32800	8.066736	0.0	14688721	1849	32.8
1643172350.52	32800	9.050374	0.0	12381646	1334	32.8
1643172351.6	32800	10.491512	0.0	10179458	936	32.8
1643172352.62	32800	11.910493	0.0	7987681	898	32.8
1643172353.32	32800	13.450586	0.0	6249975	566	32.8
1643172354.0	32800	15.037672	0.0	6462926	565	32.8
1643172354.73	32800	16.486543	0.0	6930236	606	32.8
1643172355.58	32800	18.10979	0.0	7176786	717	32.8
1643172356.33	32800	19.84098	0.0	6963959	624	32.8
1643172357.14	32800	21.319168	0.0	7320305	680	32.8
1643172357.99	32800	22.769111	0.0	7420242	719	32.8
1643172358.76	32800	24.238376	0.0	7455282	653	32.8
1643172359.82	32800	25.624936	0.0	7960895	929	32.8
1643172360.44	32800	27.211875	0.0	6396912	497	32.8
1643172361.17	32800	28.769153	0.0	7253832	603	32.8
1643172361.92	32800	30.225138	0.0	7034316	627	32.8
1643172362.77	32800	31.708274	0.0	7133512	713	32.8
1643172363.44	32800	33.194784	0.0	7041401	546	32.8
1643172364.12	32800	34.715365	0.0	7143328	556	32.8
1643172364.82	32800	36.188503	0.0	7338535	571	32.8
1643172365.5	32800	37.843696	0.0	6896645	537	32.8
1643172366.14	32800	39.337091	0.0	6714054	522	32.8
1643172366.81	32800	40.816919	0.0	7018701	545	32.8
1643172367.41	32800	42.510151	0.0	6838204	479	32.8
1643172368.01	32800	43.955388	0.0	6922846	467	32.8
1643172368.58	32800	45.540086	0.0	6926196	439	32.8
1643172369.13	32800	47.062597	0.0	7072104	422	32.8
1643172369.69	32800	48.580163	0.0	7515735	439	32.8
1643172370.31	32800	49.978808	0.0	7011028	489	32.8
1643172370.94	32800	51.434509	0.0	7307337	499	32.8
1643172371.54	32800	52.838759	0.0	7344127	467	32.8
1643172372.15	32800	54.384264	0.0	7064203	478	32.8
1643172372.8	32800	55.865095	0.0	7516082	526	32.8
1643172373.44	32800	57.230218	0.0	7278398	508	32.8
1643172374.09	32800	58.579481	0.0	7481760	523	32.8
1643172375.27	32800	59.600621	0.0	7871221	551	32.8
1643172377.04	32800	59.991967	0.0	7236548	634	32.8
1643172379.75	32800	59.594252	0.0	7418057	576	32.8
1643172381.36	32800	59.832743	0.0	7580084	482	32.8
1643172383.42	32800	59.995814	0.0	7306910	426	32.8
1643172385.65	32800	59.988171	0.0	7790808	599	32.8
1643172387.74	32800	59.996275	0.0	7160738	459	32.8
1643172389.95	32800	59.840609	0.0	7565820	587	32.8
1643172392.65	32800	59.783062	0.0	8064139	564	32.8
1643172395.22	32800	59.821135	0.0	7308924	442	32.8
1643172397.54	32800	59.862434	0.0	7936123	670	32.8
1643172399.65	32800	59.886395	0.0	7845705	485	32.8
1643172401.77	32800	59.886364	0.0	7682661	488	32.8
1643172403.87	32800	59.605652	0.0	8703604	1971	32.8
1643172405.9	32800	59.668726	0.0	8166986	895	32.8
1643172408.05	32800	59.753349	0.0	8155312	518	32.8
1643172410.39	32800	59.503306	0.0	9057843	705	32.8
1643172410.53	32800	59.252927	0.0	296571	40	32.8

1643172411.07	8200	1.999999	0.257	427088	148	-66.82
1643172411.1	11700	3.999999	0.0	1102047	2	8.2
1643172411.75	32800	5.353449	0.0	1560846	546	11.699999999999996
1643172411.78	11700	7.331416	0.0	1066380	2	-9.400000000000002
1643172412.24	11700	8.86661	0.0	3938957	344	11.7
1643172413.55	32800	9.555223	0.0	15664097	1120	11.699999999999996
1643172414.79	32800	10.314721	0.0	15560661	1074	32.8
1643172415.98	32800	11.128342	0.0	15851372	1008	32.8
1643172417.13	32800	11.983537	0.0	14688721	983	32.8
1643172418.25	32800	12.859635	0.0	12381646	964	32.8
1643172419.36	32800	13.753253	0.0	10179458	962	32.8
1643172420.23	32800	14.882606	0.0	7987681	734	32.8
1643172420.84	32800	16.270111	0.0	6249975	486	32.8
1643172421.46	32800	17.777818	0.0	6462926	501	32.8
1643172422.22	32800	19.583306	0.0	6930236	627	32.8
1643172422.99	32800	21.070423	0.0	7176786	646	32.8
1643172423.61	32800	22.68603	0.0	6963959	488	32.8
1643172424.42	32800	24.115154	0.0	7320305	691	32.8
1643172425.48	32800	25.730906	0.0	7420242	929	32.8
1643172426.28	32800	27.207955	0.0	7455282	679	32.8
1643172427.01	32800	28.724021	0.0	7960895	598	32.8
1643172427.59	32800	30.455166	0.0	6396912	447	32.8
1643172428.2	32800	32.023596	0.0	7253832	472	32.8
1643172428.78	32800	33.72042	0.0	7034316	447	32.8
1643172429.46	32800	35.328208	0.0	7133512	556	32.8
1643172431.34	32800	36.293224	0.0	7041401	1722	32.8
1643172431.97	32800	37.899512	0.0	7143328	502	32.8
1643172432.27	32800	39.756403	0.0	7338535	171	32.8
1643172432.56	32800	41.548995	0.0	6896645	167	32.8
1643172432.83	32800	43.515245	0.0	6714054	144	32.8
1643172433.01	32800	45.353745	0.0	7018701	60	32.8
1643172435.01	260000	46.01298	0.0	66218671	1246	32.80000000000001
1643172437.53	260000	46.497188	0.0	71469145	2089	260.0
1643172438.59	260000	47.930114	0.0	64074874	708	260.0
1643172439.99	260000	49.042091	0.0	65041967	1032	260.0
1643172441.45	260000	49.896832	0.0	65860507	1073	260.0
1643172442.88	260000	50.589439	0.0	60900183	987	260.0
1643172444.96	260000	50.692593	0.0	65223805	1683	260.0
1643172446.36	260000	51.350388	0.0	61492275	945	260.0
1643172448.37	260000	51.503221	0.0	57534179	1578	260.0
1643172449.77	260000	52.131409	0.0	64191273	985	260.0
1643172450.96	260000	53.176733	0.0	57421190	853	260.0
1643172452.28	260000	54.011565	0.0	60358582	875	260.0
1643172453.59	260000	54.794121	0.0	60581734	913	260.0
1643172459.03	260000	52.03414	0.0	55686462	5080	260.0
1643172459.29	32800	53.884797	0.0	7418057	132	-194.39999999999998
1643172459.55	32800	55.654431	0.0	7580084	135	32.8
1643172459.81	32800	57.421432	0.0	7306910	132	32.8
1643172460.07	32800	59.158238	0.0	7790808	130	32.8
1643172461.32	32800	59.988098	0.0	7160738	117	32.8
1643172464.32	260000	59.832387	0.0	59826276	1141	32.80000000000001
1643172466.58	260000	59.835991	0.0	58861434	923	260.0
1643172468.75	260000	59.833906	0.0	53320981	825	260.0
1643172470.85	260000	59.850115	0.0	62494429	1215	260.0
1643172473.39	260000	59.69461	0.0	53458888	670	260.0
1643172475.51	260000	59.849625	0.0	53798130	744	260.0
1643172477.81	260000	59.640657	0.0	61358299	852	260.0
1643172479.49	260000	59.965482	0.0	50406269	861	260.0
1643172481.99	260000	59.592733	0.0	43226513	711	260.0
1643172484.31	260000	59.579417	0.0	35938085	599	260.0
1643172484.42	260000	59.374185	0.0	631698	8	260.0

1643172484.83	8200	1.999999	0.143	2049018	24	-37.18
1643172484.96	260000	3.903419	0.0	1757078	20	8.199999999999989
1643172484.99	32800	5.873243	0.0	1560846	3	-194.39999999999998
1643172485.11	32800	7.756637	0.0	1542804	13	32.8
1643172485.5	32800	9.361722	0.0	12166782	206	32.8
1643172487.69	260000	9.169259	0.0	88770741	1310	32.80000000000001
1643172489.59	260000	9.276459	0.0	84756689	1260	260.0
1643172491.57	260000	9.293017	0.0	85798884	1308	260.0
1643172493.56	260000	9.732012	0.0	86059829	1327	260.0
1643172495.38	260000	10.216276	0.0	83431241	1272	260.0
1643172497.35	260000	11.78381	0.0	82198417	1417	260.0
1643172499.52	260000	13.429386	0.0	79299299	1583	260.0
1643172501.51	260000	14.917399	0.0	75092129	1411	260.0
1643172503.41	260000	16.760659	0.0	78844622	1448	260.0
1643172505.48	260000	18.419298	0.0	77654479	1575	260.0
1643172507.57	260000	19.809421	0.0	75220977	1645	260.0
1643172509.63	260000	21.577787	0.0	79740890	1601	260.0
1643172512.1	260000	23.196372	0.0	78574581	1850	260.0
1643172514.49	260000	24.855651	0.0	78901633	1764	260.0
1643172517.0	260000	26.383024	0.0	79414941	2029	260.0
1643172519.57	260000	27.844408	0.0	73704781	2049	260.0
1643172522.17	260000	29.450157	0.0	80783826	2130	260.0
1643172524.64	260000	30.967721	0.0	77638812	2016	260.0
1643172527.12	260000	32.505804	0.0	74749470	1851	260.0
1643172529.65	260000	34.108857	0.0	75910911	2123	260.0
1643172531.82	260000	35.784497	0.0	74070687	1793	260.0
1643172533.93	260000	37.43916	0.0	73938718	1612	260.0
1643172535.85	260000	39.036343	0.0	73613985	1443	260.0
1643172537.43	260000	40.78617	0.0	69503182	1206	260.0
