1643172104.21	8200	1.999999	0.356	546328	249	-92.56
1643172104.42	11700	3.787254	0.0	1102047	100	8.2
1643172104.57	11700	5.639793	0.0	1111083	46	11.7
1643172104.71	11700	7.497778	0.0	1066380	42	11.7
1643172104.99	11700	9.218129	0.0	3938957	161	11.7
1643172105.81	32800	10.400672	0.0	15664097	610	11.699999999999996
1643172106.61	32800	11.599721	0.0	15560661	640	32.8
1643172110.76	260000	9.45222	0.0	85798884	3397	32.80000000000001
1643172114.95	260000	7.80193	0.0	86059829	3619	260.0
1643172119.17	260000	7.358772	0.0	83431241	3740	260.0
1643172123.45	260000	7.727736	0.0	82198417	3809	260.0
1643172127.1	260000	9.012917	0.0	79299299	3084	260.0
1643172130.79	260000	10.369005	0.0	75092129	3225	260.0
1643172134.63	260000	11.82599	0.0	78844622	3248	260.0
1643172137.99	260000	13.186406	0.0	77654479	2904	260.0
1643172141.56	260000	14.557372	0.0	75220977	3130	260.0
1643172145.68	260000	15.860121	0.0	79740890	3634	260.0
1643172153.95	260000	16.40557	0.0	78574581	7857	260.0
1643172155.34	32800	18.191403	0.0	7420242	1179	-194.39999999999998
1643172157.03	32800	20.038585	0.0	7455282	1564	32.8
1643172158.42	32800	21.718076	0.0	7960895	1263	32.8
1643172159.15	32800	23.568348	0.0	6396912	613	32.8
1643172159.91	32800	25.426325	0.0	7253832	635	32.8
1643172160.26	32800	27.426325	0.0	7034316	234	32.8
1643172160.62	32800	29.280272	0.0	7133512	237	32.8
1643172160.98	32800	31.167626	0.0	7041401	237	32.8
1643172161.39	32800	33.167626	0.0	7143328	295	32.8
1643172161.82	32800	35.099905	0.0	7338535	303	32.8
1643172166.71	260000	36.174624	0.0	69503182	4399	32.80000000000001
1643172167.17	32800	38.1121	0.0	6714054	340	-194.39999999999998
1643172167.91	32800	40.026534	0.0	7018701	614	32.8
1643172168.11	32800	41.827788	0.0	6838204	75	32.8
1643172168.31	32800	43.791529	0.0	6922846	74	32.8
1643172168.5	32800	45.791529	0.0	6926196	76	32.8
1643172168.71	32800	47.791529	0.0	7072104	74	32.8
1643172168.92	32800	49.791529	0.0	7515735	81	32.8
1643172170.29	260000	51.428752	0.0	60900183	832	32.80000000000001
1643172171.38	260000	53.412381	0.0	65223805	628	260.0
1643172172.68	260000	55.211147	0.0	61492275	855	260.0
1643172173.84	260000	57.066077	0.0	57534179	700	260.0
1643172175.12	260000	58.783188	0.0	64191273	912	260.0
1643172178.91	260000	59.80973	0.0	57421190	951	260.0
1643172189.06	260000	59.903429	0.0	60358582	1206	260.0
1643172199.61	260000	59.81674	0.0	60581734	1585	260.0
1643172210.47	260000	59.846715	0.0	55686462	7316	260.0
1643172220.99	32800	59.855915	0.0	7418057	2296	-194.39999999999998
1643172232.72	32800	59.850522	0.0	7580084	1515	32.8
1643172243.12	32800	59.851013	0.0	7306910	674	32.8
1643172245.03	32800	59.974149	0.0	7790808	691	32.8
1643172247.34	32800	59.998179	0.0	7160738	179	32.8
1643172249.64	32800	59.852511	0.0	7565820	170	32.8
1643172251.93	32800	59.60247	0.0	8064139	160	32.8
1643172253.72	32800	59.852442	0.0	7308924	150	32.8
1643172255.5	32800	59.865812	0.0	7936123	143	32.8
1643172257.91	260000	59.612687	0.0	53458888	1539	32.80000000000001
1643172260.01	260000	59.843819	0.0	53798130	759	260.0
1643172262.08	260000	59.764446	0.0	61358299	1651	260.0
1643172265.11	260000	59.731454	0.0	50406269	2710	260.0
1643172273.56	260000	59.877472	0.0	43226513	4115	260.0
1643172275.6	32800	59.877593	0.0	9057843	818	-194.39999999999998
1643172275.71	32800	59.646588	0.0	296571	14	32.8

1643172276.16	8200	1.999999	0.126	427088	26	-32.76
1643172276.38	32800	3.817612	0.0	1705511	108	8.199999999999996
1643172276.59	32800	5.613738	0.0	1560846	98	32.8
1643172276.79	32800	7.411081	0.0	1542804	97	32.8
1643172277.75	32800	8.453166	0.0	12166782	773	32.8
1643172278.92	32800	9.280261	0.0	15664097	996	32.8
1643172280.08	32800	10.127441	0.0	15560661	995	32.8
1643172281.32	32800	10.880068	0.0	15851372	1078	32.8
1643172282.41	32800	11.788109	0.0	14688721	935	32.8
1643172283.38	32800	12.818139	0.0	12381646	822	32.8
1643172284.24	32800	13.964327	0.0	10179458	712	32.8
1643172284.93	32800	15.550807	0.0	7987681	559	32.8
1643172285.61	32800	17.008196	0.0	6249975	547	32.8
1643172286.4	32800	18.287578	0.0	6462926	673	32.8
1643172287.52	32800	19.748954	0.0	6930236	990	32.8
1643172288.9	32800	20.930701	0.0	7176786	1256	32.8
1643172290.51	32800	21.902805	0.0	6963959	1487	32.8
1643172293.13	32800	22.361429	0.0	7320305	2489	32.8
1643172294.74	32800	23.430522	0.0	7420242	1479	32.8
1643172296.43	32800	24.29945	0.0	7455282	1555	32.8
1643172298.11	32800	25.576677	0.0	7960895	1551	32.8
1643172298.88	32800	27.095492	0.0	6396912	639	32.8
1643172302.36	32800	26.721595	0.0	7253832	3359	32.8
1643172303.1	11700	28.311029	0.0	2399571	511	-9.400000000000002
1643172303.67	11700	30.071409	0.0	2518802	441	11.7
