1642942497.94	8200	1.999999	0.356	546328	253	-92.56
1642942498.32	260000	3.627829	0.0	1757078	194	8.199999999999989
1642942498.62	260000	5.331166	0.0	1560847	120	260.0
1642942498.92	260000	7.031636	0.0	1542805	121	260.0
1642942500.19	32800	7.763873	0.0	12166782	994	-194.39999999999998
1642942501.72	11700	8.232498	0.0	4536725	1286	-9.400000000000002
1642942503.46	32800	8.493208	0.0	15560661	1471	11.699999999999996
1642942505.03	32800	8.925347	0.0	15851372	1309	32.8
1642942506.29	32800	9.798465	0.0	14688721	1028	32.8
1642942506.67	8200	11.531502	0.0	2809333	195	-16.400000000000002
1642942506.98	8200	13.299418	0.0	2063908	130	8.2
1642942511.82	152400	11.286604	0.0	48821461	4143	8.200000000000017
1642942515.88	152400	11.038235	0.0	44466772	3641	152.4
1642942520.63	152400	10.089996	0.0	45810515	1715	152.4
1642942521.85	152400	10.885269	0.0	42807747	857	152.4
1642942522.64	152400	12.092034	0.0	40301174	430	152.4
1642942523.47	152400	13.26204	0.0	39676104	413	152.4
1642942524.3	152400	14.440535	0.0	40793176	443	152.4
1642942526.37	260000	15.671236	0.0	78901633	1087	152.4
1642942528.16	260000	17.095497	0.0	79414941	1216	260.0
1642942530.3	260000	18.557721	0.0	73704781	1381	260.0
1642942532.8	260000	19.922235	0.0	80783826	1701	260.0
1642942536.99	260000	20.687793	0.0	77638812	3499	260.0
1642942543.33	260000	20.730756	0.0	74749470	5784	260.0
1642942549.47	260000	20.967643	0.0	75910911	5539	260.0
1642942551.9	152400	22.160792	0.0	34095545	2073	44.80000000000001
1642942554.21	152400	23.530659	0.0	34314045	1973	152.4
1642942556.42	152400	24.735255	0.0	34563011	1861	152.4
1642942558.71	152400	25.94583	0.0	31292175	1970	152.4
1642942561.0	152400	27.373105	0.0	32834126	1871	152.4
1642942562.33	260000	28.860201	0.0	70991563	751	152.4
1642942564.04	260000	30.18594	0.0	66218671	1170	260.0
1642942590.32	260000	26.351616	0.0	71469145	25499	260.0
1642942591.93	32800	28.077869	0.0	6926196	1316	-194.39999999999998
1642942593.23	32800	29.855994	0.0	7072104	1102	32.8
1642942594.93	32800	31.552361	0.0	7515735	1500	32.8
1642942596.22	32800	33.19092	0.0	7011028	1094	32.8
1642942597.65	32800	35.051598	0.0	7307337	1215	32.8
1642942599.05	32800	36.704117	0.0	7344127	1194	32.8
1642942604.43	152400	37.488445	0.0	30969970	5060	32.80000000000001
1642942605.96	152400	39.291656	0.0	35313058	1084	152.4
1642942606.65	152400	41.087767	0.0	32767078	367	152.4
1642942608.17	152400	42.794869	0.0	34143965	1165	152.4
1642942609.08	152400	44.653444	0.0	35599566	577	152.4
1642942610.57	260000	46.374625	0.0	55686462	1006	152.4
1642942612.24	260000	48.161804	0.0	61687104	1160	260.0
1642942614.39	260000	49.704469	0.0	56994559	1609	260.0
1642942615.72	260000	51.55425	0.0	55162012	868	260.0
1642942617.25	260000	53.22523	0.0	63612323	1016	260.0
1642942618.55	260000	54.948764	0.0	53712380	867	260.0
1642942619.99	260000	56.60093	0.0	59826276	941	260.0
1642942621.41	260000	58.258673	0.0	58861434	934	260.0
1642942622.72	260000	59.970797	0.0	53320981	855	260.0
1642942633.77	260000	59.868804	0.0	62494429	957	260.0
1642942643.24	260000	59.808311	0.0	53458888	1420	260.0
1642942647.82	260000	59.82341	0.0	53798130	1523	260.0
1642942653.36	260000	59.805711	0.0	61358299	1006	260.0
1642942658.16	260000	59.824104	0.0	50406269	1337	260.0
1642942663.73	260000	59.841095	0.0	43226513	2678	260.0
1642942668.26	260000	59.959576	0.0	35938085	1703	260.0
1642942668.42	260000	59.824604	0.0	631698	44	260.0

1642942668.54	11700	59.824604	0.356	139786	9	-92.56
1642942668.59	260000	59.824604	0.0	631698	2	11.699999999999989
1642942669.47	8200	1.999999	0.228	2049018	466	-302.88
1642942669.58	260000	3.929647	0.0	1757078	3	8.199999999999989
1642942669.68	260000	5.829204	0.0	1560847	3	260.0
1642942669.79	260000	7.713622	0.0	1542805	3	260.0
1642942670.03	32800	9.480398	0.0	12166782	25	-194.39999999999998
1642942670.15	11700	11.35966	0.0	4536725	9	-9.400000000000002
1642942675.33	260000	8.176297	0.0	84756689	3903	11.699999999999989
1642942675.54	32800	9.968107	0.0	15851372	31	-194.39999999999998
1642942675.73	32800	11.773479	0.0	14688721	41	32.8
1642942676.45	32800	13.061243	0.0	12381646	481	32.8
1642942678.45	32800	13.343604	0.0	10179458	1781	32.8
1642942680.47	32800	13.826385	0.0	7987681	1822	32.8
1642942681.73	32800	14.573072	0.0	6249975	1055	32.8
1642942682.49	32800	16.020186	0.0	6462926	564	32.8
1642942683.18	32800	17.77108	0.0	6930236	485	32.8
1642942683.9	32800	19.77108	0.0	7176786	500	32.8
1642942684.58	32800	21.581775	0.0	6963959	487	32.8
1642942685.24	32800	23.581775	0.0	7320305	465	32.8
1642942687.88	152400	25.053741	0.0	37608977	2214	32.80000000000001
1642942691.43	152400	26.385804	0.0	35738670	3206	152.4
1642942694.59	152400	27.642082	0.0	36020729	2816	152.4
