1642843953.16	8200	1.999999	0.353	546328	248	-91.78
1642843953.36	8200	3.804566	0.0	790650	93	8.2
1642843953.63	8200	5.53554	0.0	911646	166	8.2
1642843953.82	8200	7.346532	0.0	844970	91	8.2
1642843954.46	11700	8.705241	0.0	3938957	507	8.2
1642843955.01	11700	10.156553	0.0	4536725	432	11.7
1642843955.55	11700	11.615889	0.0	5378836	417	11.7
1642843955.95	11700	13.220691	0.0	4892753	274	11.7
1642843956.33	11700	14.834684	0.0	5587559	265	11.7
1642843956.63	11700	16.54064	0.0	4371099	177	11.7
1642843957.2	32800	17.961775	0.0	10179458	419	11.699999999999996
1642843957.6	32800	19.5683	0.0	7987681	262	32.8
1642843957.9	32800	21.262907	0.0	6249975	179	32.8
1642843958.2	32800	22.965592	0.0	6462926	173	32.8
1642843958.5	32800	24.664717	0.0	6930236	174	32.8
1642843958.75	32800	26.419766	0.0	7176786	116	32.8
1642843958.99	32800	28.177176	0.0	6963959	115	32.8
1642843960.29	152400	28.876355	0.0	40793176	684	32.80000000000001
1642843961.19	152400	29.972911	0.0	37608977	608	152.4
1642843961.92	152400	31.25685	0.0	35738670	443	152.4
1642843962.75	152400	32.509759	0.0	36020729	456	152.4
1642843963.7	152400	33.584825	0.0	36493721	665	152.4
1642843964.68	152400	34.603791	0.0	37585290	699	152.4
1642843965.56	152400	35.727978	0.0	34459282	607	152.4
1642843967.62	260000	35.660809	0.0	75910911	1284	152.4
1642843969.37	260000	35.907656	0.0	74070687	1264	260.0
1642843971.12	260000	36.161081	0.0	73938718	1210	260.0
1642843972.91	260000	36.370548	0.0	73613985	1294	260.0
1642843974.91	260000	36.716911	0.0	69503182	1521	260.0
1642843977.05	260000	37.26423	0.0	72822670	1452	260.0
1642843978.89	260000	37.736382	0.0	70991563	1365	260.0
1642843980.79	260000	37.883803	0.0	66218671	1464	260.0
1642843983.04	260000	37.936734	0.0	71469145	1714	260.0
1642843984.92	260000	38.114058	0.0	64074874	1454	260.0
1642843986.82	260000	38.599354	0.0	65041967	1446	260.0
1642843988.86	260000	38.592094	0.0	65860507	1455	260.0
1642843990.88	260000	39.69639	0.0	60900183	1457	260.0
1642843993.39	260000	40.772236	0.0	65223805	1889	260.0
1642843995.5	260000	42.096328	0.0	61492275	1672	260.0
1642843997.36	260000	43.384635	0.0	57534179	1443	260.0
1642843999.27	260000	44.69392	0.0	64191273	1449	260.0
1642844004.43	260000	44.685573	0.0	57421190	1231	260.0
1642844005.69	260000	46.189809	0.0	60358582	738	260.0
1642844007.13	260000	47.7765	0.0	60581734	968	260.0
1642844008.63	260000	49.267069	0.0	55686462	1050	260.0
1642844009.91	260000	50.712287	0.0	61687104	875	260.0
1642844011.14	260000	52.153308	0.0	56994559	773	260.0
1642844012.3	260000	53.897455	0.0	55162012	768	260.0
1642844013.81	260000	55.389393	0.0	63612323	1017	260.0
1642844015.09	260000	56.880163	0.0	53712380	843	260.0
1642844016.4	260000	58.316121	0.0	59826276	902	260.0
1642844017.9	260000	59.801398	0.0	58861434	1097	260.0
1642844023.89	260000	59.805618	0.0	53320981	1455	260.0
1642844028.98	260000	59.752228	0.0	62494429	1874	260.0
1642844039.33	260000	59.937791	0.0	53458888	987	260.0
1642844049.86	260000	59.885723	0.0	53798130	1567	260.0
1642844059.98	260000	59.987692	0.0	61358299	1610	260.0
1642844070.16	152400	59.817559	0.0	37213320	1290	44.80000000000001
1642844080.75	152400	59.902365	0.0	34267546	1236	152.4
1642844090.81	152400	59.881319	0.0	32823233	1209	152.4
1642844091.33	152400	59.783601	0.0	629903	334	152.4

1642844091.43	32800	59.783601	0.353	296571	3	-91.78
1642844091.45	32800	59.783601	0.0	296571	1	32.8
1642844091.46	32800	59.783601	0.0	296571	1	32.8
1642844091.47	32800	59.783601	0.0	296571	1	32.8
1642844091.96	8200	1.999999	-0.082	385365	174	4.919999999999998
1642844091.98	8200	3.999999	0.0	790650	2	8.2
1642844092.0	8200	5.987186	0.0	911646	2	8.2
1642844092.01	8200	7.971232	0.0	844970	1	8.2
1642844092.06	11700	9.925019	0.0	3938957	7	8.2
1642844092.1	11700	11.886592	0.0	4536725	8	11.7
1642844092.14	11700	13.843779	0.0	5378836	11	11.7
1642844092.18	11700	15.807961	0.0	4892753	9	11.7
1642844092.22	11700	17.76149	0.0	5587559	16	11.7
1642844092.96	32800	19.02777	0.0	12381646	543	11.699999999999996
1642844093.04	32800	20.948247	0.0	10179458	21	32.8
1642844093.1	32800	22.886658	0.0	7987681	15	32.8
1642844093.16	32800	24.828466	0.0	6249975	23	32.8
1642844093.21	32800	26.775365	0.0	6462926	16	32.8
1642844093.26	32800	28.725195	0.0	6930236	16	32.8
1642844094.68	152400	29.303744	0.0	40301174	899	32.80000000000001
1642844095.69	152400	30.3001	0.0	39676104	722	152.4
1642844097.21	152400	30.778043	0.0	40793176	1147	152.4
1642844098.2	152400	31.784916	0.0	37608977	614	152.4
1642844099.07	152400	32.916014	0.0	35738670	568	152.4
1642844099.86	152400	34.124066	0.0	36020729	523	152.4
1642844100.68	152400	35.41515	0.0	36493721	469	152.4
1642844102.63	260000	35.475251	0.0	77638812	1177	152.4
1642844104.3	260000	35.800985	0.0	74749470	1053	260.0
1642844106.01	260000	36.084989	0.0	75910911	1216	260.0
1642844108.01	260000	36.085177	0.0	74070687	1476	260.0
1642844109.86	260000	36.236776	0.0	73938718	1375	260.0
1642844111.87	260000	36.84702	0.0	73613985	1341	260.0
1642844113.6	260000	37.467641	0.0	69503182	1230	260.0
1642844115.37	260000	38.000831	0.0	72822670	1289	260.0
1642844117.2	260000	38.430441	0.0	70991563	1270	260.0
1642844118.96	260000	39.163981	0.0	66218671	1293	260.0
1642844120.99	260000	39.387211	0.0	71469145	1582	260.0
1642844122.98	260000	39.662078	0.0	64074874	1363	260.0
1642844125.04	260000	39.756031	0.0	65041967	1613	260.0
1642844127.04	260000	41.470338	0.0	65860507	1516	260.0
1642844128.94	260000	42.962712	0.0	60900183	1317	260.0
1642844130.72	260000	44.316555	0.0	65223805	1316	260.0
1642844132.3	260000	45.86038	0.0	61492275	1188	260.0
1642844133.78	260000	47.494516	0.0	57534179	1063	260.0
1642844135.29	260000	48.990823	0.0	64191273	1101	260.0
1642844136.72	260000	50.458325	0.0	57421190	930	260.0
1642844138.12	260000	51.833519	0.0	60358582	943	260.0
1642844139.72	260000	53.544671	0.0	60581734	1069	260.0
1642844140.93	260000	55.120037	0.0	55686462	842	260.0
1642844142.14	260000	56.75398	0.0	61687104	717	260.0
1642844143.33	260000	58.332519	0.0	56994559	819	260.0
1642844144.33	260000	59.914289	0.0	55162012	632	260.0
1642844151.31	260000	59.792531	0.0	63612323	1033	260.0
1642844157.22	260000	59.769959	0.0	53712380	2858	260.0
1642844167.56	152400	58.16454	0.0	36845834	9471	44.80000000000001
1642844168.91	32800	59.766725	0.0	8064139	1133	-86.8
1642844178.69	32800	59.997536	0.0	7308924	639	32.8
1642844189.58	32800	59.912985	0.0	7936123	675	32.8
1642844199.97	32800	59.991022	0.0	7845705	675	32.8
1642844212.18	11700	59.884319	0.0	2752189	511	-9.400000000000002
1642844221.89	11700	59.795647	0.0	2884569	510	11.7
1642844231.1	11700	59.891456	0.0	2854371	513	11.7
1642844242.32	11700	59.906646	0.0	2998361	514	11.7
1642844252.53	11700	59.893065	0.0	3147034	516	11.7
1642844252.55	32800	59.926399	0.0	296571	1	11.699999999999996

1642844252.57	32800	59.926399	0.271	296571	0	-70.46
1642844252.58	32800	59.926399	0.0	296571	1	32.8
1642844252.59	32800	59.926399	0.0	296571	1	32.8
