1642918636.31	8200	1.999999	0.387	546328	280	-100.62
1642918637.2	260000	3.119656	0.0	1757078	698	8.199999999999989
1642918638.24	260000	4.075679	0.0	1560847	873	260.0
1642918639.0	260000	5.31911	0.0	1542805	539	260.0
1642918641.5	11700	4.813542	0.0	3938957	2301	-236.60000000000002
1642918644.28	11700	4.03572	0.0	4536725	2586	11.7
1642918647.36	11700	3.060763	0.0	5378836	2881	11.7
1642918649.76	11700	2.660609	0.0	4892753	2212	11.7
1642918651.1	4900	3.479852	0.0	1894210	1163	-1.8999999999999995
1642918652.27	8200	4.309211	0.0	2809333	983	4.8999999999999995
1642918653.36	8200	5.22393	0.0	2063908	885	8.2
1642918655.2	11700	5.384453	0.0	2615238	1661	8.2
1642918656.16	11700	6.421432	0.0	2255191	788	11.7
1642918656.7	4900	7.88394	0.0	1007353	352	-1.8999999999999995
1642918661.0	32800	5.583814	0.0	6930236	4088	4.899999999999999
1642918663.87	11700	4.705419	0.0	2629283	1839	-9.400000000000002
1642918667.89	11700	2.823644	0.0	2662617	2862	11.7
1642918670.9	11700	2.365808	0.56	2614451	2831	-133.9
1642918673.94	11700	2.409658	1.1	2649932	2855	-274.3
1642918676.71	8200	2.259109	0.62	1934696	677	-156.5
1642918677.56	4900	3.460292	0.0	1166756	677	1.6000000000000005
1642918680.15	11700	2.874024	0.0	2343098	2401	4.8999999999999995
1642918680.9	11700	4.128546	0.0	2430789	567	11.7
1642918681.92	11700	5.100715	0.0	2399571	839	11.7
1642918682.98	11700	6.042866	0.0	2518802	882	11.7
1642918683.76	8200	7.261462	0.0	1726085	604	4.699999999999999
1642918684.14	4900	8.883764	0.0	1039341	132	1.6000000000000005
1642918685.28	32800	9.748444	0.0	7338535	929	4.899999999999999
1642918686.49	32800	10.536284	0.0	6896645	989	32.8
1642918687.69	11700	11.333068	0.0	2397182	334	-9.400000000000002
1642918688.09	8200	12.931611	0.0	1734337	217	4.699999999999999
1642918688.98	32800	14.046228	0.0	6838204	683	8.199999999999996
1642918691.86	152400	13.166327	0.0	34031025	2331	32.80000000000001
1642918693.75	152400	13.468395	0.0	30869167	1585	152.4
1642918696.64	152400	12.573933	0.0	31753337	2583	152.4
1642918700.42	152400	10.791353	0.0	34013525	3396	152.4
1642918704.58	152400	9.481601	0.0	30739933	3819	152.4
1642918707.2	152400	10.441381	0.0	34919429	2278	152.4
1642918709.48	152400	11.658451	0.0	34638995	1938	152.4
1642918711.48	152400	12.877754	0.0	30969970	1595	152.4
1642918713.55	152400	13.751077	0.0	35313058	1615	152.4
1642918715.38	152400	15.237803	0.0	32767078	1495	152.4
1642918719.55	260000	15.596442	0.0	60358582	3360	152.4
1642918723.17	260000	16.178985	0.0	60581734	3153	260.0
1642918726.03	260000	17.138806	0.0	55686462	2266	260.0
1642918729.0	260000	17.859309	0.0	61687104	2386	260.0
1642918732.05	260000	18.601648	0.0	56994559	2481	260.0
1642918735.01	260000	19.361058	0.0	55162012	2526	260.0
1642918738.5	260000	20.034659	0.0	63612323	2903	260.0
1642918741.85	260000	20.589742	0.0	53712380	2926	260.0
1642918746.58	260000	20.826024	0.0	59826276	4189	260.0
1642918752.72	260000	20.080039	0.0	58861434	5685	260.0
1642918758.05	260000	20.56872	0.0	53320981	4707	260.0
1642918762.83	260000	21.508015	0.0	62494429	4275	260.0
1642918767.48	260000	22.228973	0.0	53458888	4123	260.0
1642918771.93	260000	23.119671	0.0	53798130	3991	260.0
1642918777.0	260000	23.894639	0.0	61358299	4489	260.0
1642918781.41	260000	24.707371	0.0	50406269	3949	260.0
1642918785.65	260000	25.660133	0.0	43226513	3829	260.0
1642918789.32	260000	26.604597	0.0	35938085	3355	260.0
1642918789.5	260000	26.523033	0.0	631698	54	260.0

1642918789.63	11700	26.499497	2.667	139786	12	-693.42
1642918789.69	260000	26.499497	0.0	631698	2	11.699999999999989
1642918790.48	8200	1.999999	-2.12	2049018	432	307.6000000000001
1642918790.59	260000	3.930095	0.0	1757078	4	8.199999999999989
1642918790.68	260000	5.837508	0.0	1560847	4	260.0
1642918790.77	260000	7.743632	0.0	1542805	4	260.0
1642918798.53	152400	2.06186	0.0	68504102	6714	44.80000000000001
1642918800.12	32800	3.568096	0.0	15664097	1335	-86.8
1642918802.01	32800	5.22471	0.0	15560661	1661	32.8
1642918802.13	11700	7.22471	0.0	4892753	11	-9.400000000000002
1642918809.21	152400	7.190737	0.0	70827999	6575	11.700000000000017
1642918810.06	32800	8.649766	0.0	12381646	618	-86.8
1642918813.65	152400	8.639193	0.0	57184643	3188	32.80000000000001
1642918816.66	152400	8.010324	0.0	48821461	2459	152.4
1642918819.06	152400	9.49594	0.0	44466772	1996	152.4
1642918821.6	152400	11.000039	0.0	45810515	2177	152.4
1642918823.95	152400	12.480679	0.0	42807747	1904	152.4
1642918828.32	260000	12.448244	0.0	75220977	3502	152.4
1642918832.79	260000	13.137663	0.0	79740890	3894	260.0
