1643146598.72	8200	1.999999	0.363	546328	257	-94.38
1643146599.32	260000	3.405562	0.0	1757078	408	8.199999999999989
1643146600.6	260000	4.127005	0.0	1560847	1097	260.0
1643146601.87	260000	4.863767	0.0	1542805	1081	260.0
1643146603.6	8200	5.12918	0.0	2973194	1540	-243.60000000000002
1643146604.78	11700	5.949741	0.0	4536725	969	8.2
1643146605.84	11700	6.894542	0.0	5378836	858	11.7
1643146606.49	11700	8.239135	0.0	4892753	459	11.7
1643146607.08	11700	9.64963	0.0	5587559	391	11.7
1643146607.52	8200	11.21253	0.0	2809333	249	4.699999999999999
1643146608.99	32800	11.792027	0.0	10179458	1220	8.199999999999996
1643146609.99	32800	12.842525	0.0	7987681	799	32.8
1643146613.67	152400	11.163261	0.0	44466772	3056	32.80000000000001
1643146618.18	152400	8.885502	0.0	45810515	4053	152.4
1643146622.08	152400	7.568163	0.0	42807747	3462	152.4
1643146625.88	152400	7.55247	0.0	40301174	3435	152.4
1643146628.58	152400	8.653558	0.0	39676104	2352	152.4
1643146632.58	152400	9.645941	0.0	40793176	3616	152.4
1643146637.56	152400	10.060873	0.0	37608977	4588	152.4
1643146640.81	152400	11.16363	0.0	35738670	2839	152.4
1643146645.74	152400	11.349961	0.0	36020729	4559	152.4
1643146649.19	152400	12.34565	0.0	36493721	3083	152.4
1643146651.71	152400	13.463142	0.0	37585290	2128	152.4
1643146653.97	152400	14.848379	0.0	34459282	1905	152.4
1643146655.06	152400	16.433807	0.0	37576374	720	152.4
1643146657.94	260000	17.594972	0.0	74070687	1868	152.4
1643146663.61	260000	17.541706	0.0	73938718	3819	260.0
1643146668.14	260000	17.938684	0.0	73613985	3724	260.0
1643146672.17	260000	18.49189	0.0	69503182	3484	260.0
1643146674.65	260000	19.583419	0.0	72822670	1906	260.0
1643146676.37	260000	20.892975	0.0	70991563	1087	260.0
1643146678.11	260000	22.164601	0.0	66218671	1211	260.0
1643146680.14	260000	23.639946	0.0	71469145	1290	260.0
1643146681.84	260000	25.09241	0.0	64074874	1140	260.0
1643146683.66	260000	26.32544	0.0	65041967	1120	260.0
1643146685.66	260000	27.662718	0.0	65860507	1466	260.0
1643146687.88	260000	29.061275	0.0	60900183	1686	260.0
1643146690.13	260000	30.21645	0.0	65223805	1702	260.0
1643146692.14	260000	31.511908	0.0	61492275	1520	260.0
1643146694.0	260000	32.659817	0.0	57534179	1383	260.0
1643146696.22	260000	34.04649	0.0	64191273	1525	260.0
1643146697.99	260000	35.429244	0.0	57421190	1288	260.0
1643146700.39	260000	36.521302	0.0	60358582	1883	260.0
1643146704.91	260000	37.258707	0.0	60581734	3929	260.0
1643146707.5	260000	38.924462	0.0	55686462	2139	260.0
1643146710.28	260000	40.364165	0.0	61687104	2290	260.0
1643146712.75	260000	41.774304	0.0	56994559	1996	260.0
1643146715.36	260000	43.342026	0.0	55162012	2085	260.0
1643146718.6	260000	44.710158	0.0	63612323	2582	260.0
1643146722.07	260000	46.039618	0.0	53712380	2893	260.0
1643146725.13	260000	47.369551	0.0	59826276	2570	260.0
1643146731.06	260000	48.291693	0.0	58861434	5332	260.0
1643146736.21	260000	49.220432	0.0	53320981	1451	260.0
1643146738.32	260000	50.694228	0.0	62494429	1530	260.0
1643146739.97	260000	52.303936	0.0	53458888	1192	260.0
1643146741.61	260000	53.902108	0.0	53798130	1147	260.0
1643146743.24	260000	55.503449	0.0	61358299	1121	260.0
1643146744.55	260000	57.181269	0.0	50406269	863	260.0
1643146745.71	260000	59.040116	0.0	43226513	769	260.0
1643146750.64	260000	59.823174	0.0	35938085	612	260.0
1643146750.78	260000	59.856508	0.0	631698	7	260.0

1643146750.89	11700	59.856508	0.363	139786	2	-94.38
1643146750.95	260000	59.856508	0.0	631698	2	11.699999999999989
1643146751.71	8200	1.999999	0.103	2049018	349	-270.38
1643146751.81	260000	3.95365	0.0	1757078	7	8.199999999999989
1643146751.9	260000	5.865311	0.0	1560847	3	260.0
1643146751.98	260000	7.778461	0.0	1542805	4	260.0
1643146758.53	260000	3.23369	0.0	83554460	5214	260.0
1643146759.71	32800	4.053065	0.0	15664097	932	-194.39999999999998
1643146763.8	152400	5.22331	0.0	68626847	3494	32.80000000000001
1643146766.07	152400	6.852982	0.0	72320713	1573	152.4
1643146769.35	152400	8.212101	0.0	70827999	2700	152.4
1643146773.52	152400	8.734193	0.0	51846012	3721	152.4
1643146776.63	152400	9.623039	0.0	57184643	2616	152.4
1643146780.93	152400	10.58015	0.0	48821461	3789	152.4
1643146783.49	152400	12.158978	0.0	44466772	2146	152.4
1643146786.55	152400	13.57313	0.0	45810515	2629	152.4
1643146789.66	152400	14.962751	0.0	42807747	2737	152.4
1643146794.89	260000	15.91587	0.0	75220977	4586	152.4
