1643170611.93	8200	1.999999	0.354	546328	248	-92.04
1643170612.13	11700	3.804051	0.0	1102047	89	8.2
1643170612.25	11700	5.686826	0.0	1111083	14	11.7
1643170612.36	11700	7.575359	0.0	1066380	9	11.7
1643170612.59	11700	9.350413	0.0	3938957	94	11.7
1643170613.23	32800	10.709236	0.0	15664097	409	11.699999999999996
1643170615.69	260000	10.248455	0.0	84756689	1560	32.80000000000001
1643170617.73	260000	10.202847	0.0	85798884	1526	260.0
1643170620.1	260000	9.840779	0.0	86059829	1763	260.0
1643170622.42	260000	9.883268	0.0	83431241	1713	260.0
1643170624.56	260000	10.600164	0.0	82198417	1604	260.0
1643170626.56	260000	11.875308	0.0	79299299	1517	260.0
1643170628.35	260000	13.586124	0.0	75092129	1382	260.0
1643170630.22	260000	15.18202	0.0	78844622	1443	260.0
1643170632.03	260000	16.915203	0.0	77654479	1420	260.0
1643170633.97	260000	18.600971	0.0	75220977	1540	260.0
1643170636.25	260000	20.215834	0.0	79740890	1797	260.0
1643170638.38	260000	21.842852	0.0	78574581	1622	260.0
1643170640.45	260000	23.446778	0.0	78901633	1678	260.0
1643170642.59	260000	25.058897	0.0	79414941	1557	260.0
1643170644.37	260000	26.74655	0.0	73704781	1376	260.0
1643170646.27	260000	28.356241	0.0	80783826	1438	260.0
1643170647.97	260000	30.120124	0.0	77638812	1298	260.0
1643170649.47	260000	31.801199	0.0	74749470	1120	260.0
1643170651.16	260000	33.4486	0.0	75910911	1258	260.0
1643170652.75	260000	35.144612	0.0	74070687	1157	260.0
1643170654.26	260000	37.002008	0.0	73938718	1072	260.0
1643170655.74	260000	38.796438	0.0	73613985	1053	260.0
1643170657.06	260000	40.575351	0.0	69503182	932	260.0
1643170658.93	260000	42.212002	0.0	72822670	1367	260.0
1643170660.81	260000	43.792005	0.0	70991563	1448	260.0
1643170662.8	260000	45.457559	0.0	66218671	1530	260.0
1643170665.1	260000	47.140109	0.0	71469145	1859	260.0
1643170667.03	260000	48.644063	0.0	64074874	1542	260.0
1643170668.96	260000	50.452083	0.0	65041967	1538	260.0
1643170671.07	260000	51.991679	0.0	65860507	1539	260.0
1643170672.96	260000	53.710287	0.0	60900183	1529	260.0
1643170675.03	260000	55.313663	0.0	65223805	1530	260.0
1643170677.02	260000	56.992668	0.0	61492275	1610	260.0
1643170678.76	260000	58.668012	0.0	57534179	1353	260.0
1643170683.54	260000	59.888222	0.0	64191273	1357	260.0
1643170694.49	260000	59.886135	0.0	57421190	1108	260.0
1643170704.39	260000	59.918593	0.0	60358582	1445	260.0
1643170715.09	260000	59.987574	0.0	60581734	1741	260.0
1643170725.51	260000	59.824507	0.0	55686462	1473	260.0
1643170735.5	260000	59.994728	0.0	61687104	1545	260.0
1643170747.95	260000	59.965517	0.0	56994559	1455	260.0
1643170758.87	260000	59.886679	0.0	55162012	1428	260.0
1643170770.01	260000	59.784372	0.0	63612323	1599	260.0
1643170780.98	260000	59.804416	0.0	53712380	1464	260.0
1643170791.03	260000	59.78413	0.0	59826276	1577	260.0
1643170801.48	260000	59.829944	0.0	58861434	1522	260.0
