1642840161.05	8200	1.999999	0.388	546328	283	-100.88
1642840161.54	11700	3.50908	0.0	1102047	384	8.2
1642840161.85	11700	5.198017	0.0	1111083	215	11.7
1642840162.1	11700	6.952334	0.0	1066380	149	11.7
1642840162.78	11700	8.272162	0.0	3938957	555	11.7
1642840166.27	32800	6.786555	0.0	15664097	3278	11.699999999999996
1642840169.65	32800	5.487034	0.0	15560661	3223	32.8
1642840170.94	32800	6.199819	0.0	15851372	1123	32.8
1642840172.46	32800	7.34273	0.0	14688721	1367	32.8
1642840173.65	32800	8.751602	0.0	12381646	1021	32.8
1642840174.29	32800	10.467894	0.0	10179458	508	32.8
1642840174.83	32800	12.028181	0.0	7987681	410	32.8
1642840175.32	32800	13.883575	0.0	6249975	364	32.8
1642840175.81	32800	15.543852	0.0	6462926	369	32.8
1642840176.28	32800	17.349941	0.0	6930236	347	32.8
1642840176.81	32800	18.98322	0.0	7176786	397	32.8
1642840177.26	32800	20.675302	0.0	6963959	325	32.8
1642840177.73	32800	22.355621	0.0	7320305	341	32.8
1642840178.18	32800	23.96118	0.0	7420242	326	32.8
1642840179.82	152400	24.997012	0.0	35738670	1296	32.80000000000001
1642840181.17	152400	26.073899	0.0	36020729	1099	152.4
1642840182.68	152400	27.301234	0.0	36493721	1111	152.4
1642840184.34	152400	28.423093	0.0	37585290	1368	152.4
1642840185.65	152400	29.529035	0.0	34459282	1034	152.4
1642840187.07	152400	30.410014	0.0	37576374	1131	152.4
1642840188.34	152400	31.701655	0.0	34095545	998	152.4
1642840189.63	152400	32.722955	0.0	34314045	945	152.4
1642840190.94	152400	33.988915	0.0	34563011	1048	152.4
1642840192.17	152400	34.864176	0.0	31292175	1002	152.4
1642840193.48	152400	35.681067	0.0	32834126	1044	152.4
1642840194.8	152400	36.355422	0.0	33877878	1072	152.4
1642840196.06	152400	37.219254	0.0	31988631	1004	152.4
1642840197.69	152400	37.757385	0.0	34031025	1390	152.4
1642840198.98	152400	38.640694	0.0	30869167	1038	152.4
1642840200.26	152400	39.749967	0.0	31753337	1067	152.4
1642840201.61	152400	40.487397	0.0	34013525	1104	152.4
1642840203.2	152400	41.254993	0.0	30739933	1342	152.4
1642840204.68	152400	41.84531	0.0	34919429	1247	152.4
1642840206.1	152400	42.540891	0.0	34638995	1123	152.4
1642840207.63	152400	43.433277	0.0	30969970	1266	152.4
1642840210.28	152400	43.787223	0.0	35313058	2373	152.4
1642840211.32	152400	45.397399	0.0	32767078	781	152.4
1642840214.23	152400	46.481034	0.0	34143965	2679	152.4
1642840217.51	152400	47.159336	0.0	35599566	2992	152.4
1642840221.99	152400	47.390109	0.0	31880015	4210	152.4
1642840221.99	32800	47.390109	0.0	31880015	4210	-86.8
1642840223.29	32800	49.038269	0.0	7418057	1166	32.8
1642840224.66	32800	50.480248	0.0	7580084	1241	32.8
1642840227.86	32800	51.234133	0.0	7306910	3059	32.8
1642840229.84	32800	52.600101	0.0	7790808	1855	32.8
1642840230.06	32800	54.600101	0.0	7160738	100	32.8
1642840230.29	32800	56.600101	0.0	7565820	106	32.8
1642840230.3	152400	56.600101	0.0	7565820	106	32.80000000000001
1642840232.35	260000	57.901921	0.0	58861434	1501	152.4
1642840233.54	260000	59.502277	0.0	53320981	795	260.0
1642840237.85	260000	59.893959	0.0	62494429	1393	260.0
1642840242.87	260000	59.979198	0.0	53458888	1525	260.0
1642840248.66	260000	59.918524	0.0	53798130	1437	260.0
1642840263.56	260000	59.856072	0.0	2998361	106	260.0
1642840263.57	152400	59.856072	0.0	2998361	106	44.80000000000001
1642840274.26	152400	57.573436	0.0	139786	0	152.4

1642840274.3	260000	57.573436	0.388	139786	0	-100.88
1642840275.25	8200	1.999999	0.186	2049018	447	-291.96000000000004
1642840275.56	32800	3.71431	0.0	1705511	198	8.199999999999996
1642840275.81	32800	5.466318	0.0	1560846	143	32.8
1642840276.04	32800	7.241366	0.0	1542804	120	32.8
1642840277.09	32800	8.191985	0.0	12166782	819	32.8
1642840278.08	32800	9.201788	0.0	15664097	823	32.8
1642840279.12	32800	10.154421	0.0	15560661	880	32.8
1642840280.18	32800	11.096728	0.0	15851372	882	32.8
1642840281.19	32800	12.085882	0.0	14688721	856	32.8
1642840281.98	32800	13.297932	0.0	12381646	639	32.8
1642840282.54	32800	14.737189	0.0	10179458	419	32.8
1642840283.21	32800	16.07241	0.0	7987681	540	32.8
1642840283.26	32800	18.020251	0.0	6249975	14	32.8
1642840295.14	260000	54.365232	0.0	7072104	312	32.80000000000001
1642840295.14	152400	54.365232	0.0	7072104	312	44.80000000000001
1642840297.41	152400	55.096128	0.0	34013525	1986	152.4
1642840299.67	152400	55.568313	0.0	30739933	2016	152.4
1642840299.68	32800	55.559355	0.0	30739933	2016	-86.8
1642840300.1	32800	57.238019	0.0	7307337	300	32.8
1642840300.53	32800	58.927532	0.0	7344127	305	32.8
1642840302.46	32800	59.732022	0.0	7064203	301	32.8
1642840305.18	32800	59.979503	0.0	7516082	591	32.8
1642840307.67	32800	59.964291	0.0	7278398	363	32.8
1642840310.57	32800	59.734459	0.0	7481760	260	32.8
1642840310.58	152400	59.734459	0.0	7481760	260	32.80000000000001
1642840313.14	152400	59.869496	0.0	35599566	1308	152.4
1642840315.4	152400	59.989525	0.0	31880015	1533	152.4
1642840317.73	152400	59.954141	0.0	35467287	1089	152.4
1642840320.71	152400	59.763573	0.0	35220717	1249	152.4
1642840322.96	152400	59.827316	0.0	32694645	1488	152.4
1642840325.74	152400	59.458251	0.0	39805936	2470	152.4
1642840328.25	152400	59.335943	0.0	33801477	2257	152.4
1642840331.53	152400	58.214114	0.0	36845834	2980	152.4
1642840331.54	32800	58.201134	0.0	36845834	2980	-86.8
1642840332.01	32800	59.921443	0.0	8064139	320	32.8
1642840334.95	32800	59.844358	0.0	7308924	300	32.8
1642840336.87	32800	59.892418	0.0	7936123	291	32.8
1642840339.8	32800	59.464356	0.0	7845705	289	32.8
1642840339.81	152400	59.361833	0.0	7845705	289	32.80000000000001
1642840341.4	152400	59.772534	0.0	34872720	1344	152.4
1642840343.31	152400	59.922328	0.0	41004729	1636	152.4
1642840346.39	152400	59.123993	0.0	37213320	2818	152.4
1642840347.99	152400	59.524739	0.0	34267546	1338	152.4
1642840349.64	152400	59.91762	0.0	32823233	1376	152.4
1642840349.77	152400	59.827383	0.0	629903	25	152.4
