1642942051.71	8200	1.999999	0.283	546328	177	-73.58
1642942052.23	260000	3.492857	0.0	1757078	250	8.199999999999989
1642942052.63	260000	5.094087	0.0	1560847	216	260.0
1642942053.02	260000	6.695148	0.0	1542805	215	260.0
1642942055.36	32800	6.359154	0.0	12166782	2039	-194.39999999999998
1642942056.15	8200	7.571617	0.0	3361033	587	-16.400000000000002
1642942057.29	11700	8.426977	0.0	5378836	942	8.2
1642942059.62	32800	8.096721	0.0	15851372	2045	11.699999999999996
1642942062.07	32800	8.364894	0.0	14688721	2211	32.8
1642942062.89	11700	9.615773	0.0	4371099	613	-9.400000000000002
1642942063.55	11700	10.954945	0.0	3375218	471	11.7
1642942064.56	32800	11.938845	0.0	7987681	799	11.699999999999996
1642942065.02	11700	13.646977	0.0	2255191	262	-9.400000000000002
1642942065.98	32800	14.688739	0.0	6462926	754	11.699999999999996
1642942067.06	32800	15.787833	0.0	6930236	887	32.8
1642942067.77	11700	17.570639	0.0	2629283	358	-9.400000000000002
1642942068.69	32800	18.926267	0.0	6963959	708	11.699999999999996
1642942073.27	152400	17.973073	0.0	40793176	3997	32.80000000000001
1642942077.17	152400	16.066857	0.0	37608977	3541	152.4
1642942080.79	152400	14.571606	0.0	35738670	3257	152.4
1642942084.08	152400	13.280091	0.0	36020729	2935	152.4
1642942087.08	152400	12.280348	0.0	36493721	2653	152.4
1642942089.9	152400	11.883117	0.0	37585290	2391	152.4
1642942092.6	152400	13.124773	0.0	34459282	2361	152.4
1642942096.0	152400	13.82002	0.0	37576374	2946	152.4
1642942098.71	152400	15.010724	0.0	34095545	2366	152.4
1642942101.23	152400	15.925187	0.0	34314045	2188	152.4
1642942104.16	152400	17.020001	0.0	34563011	2586	152.4
1642942106.57	152400	17.901407	0.0	31292175	2091	152.4
1642942109.19	152400	19.168934	0.0	32834126	2282	152.4
1642942115.25	260000	19.247728	0.0	70991563	5041	152.4
1642942120.58	260000	19.289292	0.0	66218671	4726	260.0
1642942127.74	260000	18.741195	0.0	71469145	6617	260.0
1642942134.55	260000	18.197092	0.0	64074874	6148	260.0
1642942140.33	260000	18.172827	0.0	65041967	5206	260.0
1642942147.06	260000	17.79958	0.0	65860507	6038	260.0
1642942151.95	260000	17.949956	0.0	60900183	4289	260.0
1642942153.64	260000	19.173331	0.0	65223805	1187	260.0
1642942155.23	260000	20.58294	0.0	61492275	1122	260.0
1642942156.71	260000	21.82307	0.0	57534179	1015	260.0
1642942158.55	260000	23.12103	0.0	64191273	1097	260.0
1642942160.24	260000	24.413776	0.0	57421190	1221	260.0
1642942162.29	260000	25.802186	0.0	60358582	1531	260.0
1642942164.2	260000	27.380994	0.0	60581734	1415	260.0
1642942165.96	260000	29.058131	0.0	55686462	1256	260.0
1642942167.86	260000	30.650787	0.0	61687104	1363	260.0
1642942169.56	260000	32.319394	0.0	56994559	1245	260.0
1642942171.2	260000	34.028738	0.0	55162012	1186	260.0
1642942177.14	260000	34.611017	0.0	63612323	5341	260.0
1642942179.41	260000	36.162342	0.0	53712380	1727	260.0
1642942181.19	260000	37.778936	0.0	59826276	1271	260.0
1642942182.91	260000	39.452877	0.0	58861434	1185	260.0
1642942184.24	260000	41.065752	0.0	53320981	876	260.0
1642942185.75	260000	42.731944	0.0	62494429	955	260.0
1642942187.1	260000	44.484112	0.0	53458888	901	260.0
1642942188.7	260000	45.981487	0.0	53798130	1101	260.0
1642942190.16	260000	47.867226	0.0	61358299	923	260.0
1642942191.38	260000	49.613526	0.0	50406269	762	260.0
1642942192.41	260000	51.36507	0.0	43226513	583	260.0
1642942193.49	260000	53.118633	0.0	35938085	777	260.0
1642942193.63	260000	53.151967	0.0	631698	9	260.0

1642942193.75	11700	53.112326	0.283	139786	2	-73.58
1642942193.81	260000	53.049547	0.0	631698	1	11.699999999999989
1642942194.51	8200	1.999999	0.175	2049018	340	-289.1
1642942194.61	260000	3.929122	0.0	1757078	4	8.199999999999989
1642942194.71	260000	5.833266	0.0	1560847	4	260.0
1642942194.87	260000	7.676714	0.0	1542805	6	260.0
1642942195.09	32800	9.455737	0.0	12166782	24	-194.39999999999998
1642942195.91	32800	10.636394	0.0	15664097	555	32.8
1642942198.67	260000	9.880206	0.0	84756689	1500	32.80000000000001
1642942200.77	260000	9.773712	0.0	85798884	1297	260.0
1642942202.82	260000	9.85623	0.0	86059829	1407	260.0
1642942204.81	260000	10.242865	0.0	83431241	1192	260.0
1642942207.07	260000	10.880565	0.0	82198417	1631	260.0
1642942209.27	260000	11.755427	0.0	79299299	1610	260.0
1642942211.77	260000	13.455222	0.0	75092129	1758	260.0
1642942214.1	260000	14.922321	0.0	78844622	1764	260.0
1642942216.46	260000	16.488677	0.0	77654479	1699	260.0
1642942218.67	260000	18.081386	0.0	75220977	1640	260.0
1642942221.1	260000	19.778025	0.0	79740890	1712	260.0
1642942223.28	260000	21.428755	0.0	78574581	1614	260.0
1642942225.49	260000	22.904168	0.0	78901633	1527	260.0
1642942227.59	260000	24.516804	0.0	79414941	1500	260.0
1642942229.74	260000	26.269925	0.0	73704781	1389	260.0
1642942231.93	260000	27.796548	0.0	80783826	1521	260.0
1642942234.19	260000	29.460223	0.0	77638812	1707	260.0
1642942236.42	260000	31.072214	0.0	74749470	1583	260.0
1642942238.74	260000	32.672969	0.0	75910911	1541	260.0
1642942240.8	260000	34.283438	0.0	74070687	1516	260.0
1642942242.94	260000	35.998617	0.0	73938718	1610	260.0
1642942245.29	260000	37.655098	0.0	73613985	1794	260.0
1642942247.65	260000	39.28449	0.0	69503182	1842	260.0
1642942250.12	260000	40.753052	0.0	72822670	1760	260.0
