1642917292.73	8200	1.999999	0.349	546328	254	-90.74
1642917293.16	260000	3.580618	0.0	1757078	245	8.199999999999989
1642917293.56	260000	5.181913	0.0	1560847	217	260.0
1642917293.95	260000	6.790237	0.0	1542805	215	260.0
1642917296.26	32800	6.481299	0.0	12166782	2031	-194.39999999999998
1642917299.13	32800	5.607696	0.0	15664097	2610	32.8
1642917300.0	11700	6.742924	0.0	5378836	664	-9.400000000000002
1642917302.61	32800	6.998361	0.0	15851372	2347	11.699999999999996
1642917304.81	32800	7.418113	0.0	14688721	1968	32.8
1642917305.28	8200	9.190181	0.0	2809333	282	-16.400000000000002
1642917305.9	11700	10.918465	0.0	3375218	389	8.2
1642917306.28	8200	12.664236	0.0	1614484	187	4.699999999999999
1642917307.29	32800	13.965188	0.0	6249975	729	8.199999999999996
1642917308.38	32800	14.877575	0.0	6462926	893	32.8
1642917308.74	8200	16.519439	0.0	1775648	176	-16.400000000000002
1642917309.68	32800	17.822216	0.0	7176786	735	8.199999999999996
1642917314.15	152400	17.340744	0.0	39676104	3890	32.80000000000001
1642917318.36	152400	15.818107	0.0	40793176	3819	152.4
1642917322.14	152400	14.030604	0.0	37608977	3475	152.4
1642917325.35	152400	13.174581	0.0	35738670	2828	152.4
1642917328.25	152400	12.263622	0.0	36020729	2566	152.4
1642917331.09	152400	11.917635	0.0	36493721	2490	152.4
1642917334.01	152400	12.881509	0.0	37585290	2606	152.4
1642917337.14	152400	13.77503	0.0	34459282	2786	152.4
1642917339.99	152400	14.708056	0.0	37576374	2521	152.4
1642917342.32	152400	15.81784	0.0	34095545	2021	152.4
1642917345.35	152400	16.998207	0.0	34314045	2670	152.4
1642917348.05	152400	17.817481	0.0	34563011	2355	152.4
1642917350.5	152400	19.204565	0.0	31292175	2120	152.4
1642917353.3	152400	20.06955	0.0	32834126	2486	152.4
1642917359.18	260000	19.832819	0.0	70991563	4787	152.4
1642917366.71	260000	19.449838	0.0	66218671	6781	260.0
1642917373.91	260000	18.593759	0.0	71469145	6704	260.0
1642917378.87	260000	18.698267	0.0	64074874	4517	260.0
1642917385.12	260000	18.245912	0.0	65041967	5612	260.0
1642917392.08	260000	17.464494	0.0	65860507	6356	260.0
1642917393.02	152400	18.986076	0.0	30739933	577	44.80000000000001
1642917394.09	152400	20.594636	0.0	34919429	712	152.4
1642917395.05	152400	22.220341	0.0	34638995	610	152.4
1642917396.49	260000	23.581384	0.0	57534179	881	152.4
1642917398.32	260000	24.988764	0.0	64191273	1340	260.0
1642917400.15	260000	26.130731	0.0	57421190	1367	260.0
1642917401.92	260000	27.411241	0.0	60358582	1354	260.0
1642917404.18	260000	28.338874	0.0	60581734	1653	260.0
1642917405.87	260000	29.815664	0.0	55686462	1179	260.0
1642917407.66	260000	31.474064	0.0	61687104	1286	260.0
1642917409.26	260000	33.204051	0.0	56994559	1200	260.0
1642917410.8	260000	34.798217	0.0	55162012	1125	260.0
1642917412.75	260000	36.413884	0.0	63612323	1390	260.0
1642917418.27	260000	37.161658	0.0	53712380	5039	260.0
1642917420.64	260000	38.641416	0.0	59826276	1751	260.0
1642917422.24	260000	40.29545	0.0	58861434	1197	260.0
1642917423.71	260000	41.885294	0.0	53320981	1079	260.0
1642917425.18	260000	43.6113	0.0	62494429	1020	260.0
1642917426.07	152400	45.482849	0.0	36607491	559	44.80000000000001
1642917427.29	260000	47.218743	0.0	53798130	824	152.4
1642917428.99	260000	48.960831	0.0	61358299	1213	260.0
1642917430.41	260000	50.561913	0.0	50406269	897	260.0
1642917431.38	260000	52.263956	0.0	43226513	540	260.0
1642917432.28	260000	54.233138	0.0	35938085	584	260.0
1642917432.42	260000	54.212547	0.0	631698	11	260.0

1642917432.54	11700	54.101467	0.349	139786	1	-90.74
1642917432.61	260000	54.101467	0.0	631698	2	11.699999999999989
1642917433.29	8200	1.999999	0.11	2049018	347	-272.2
1642917433.41	260000	3.921859	0.0	1757078	9	8.199999999999989
1642917433.51	260000	5.8233	0.0	1560847	3	260.0
1642917433.61	260000	7.724825	0.0	1542805	6	260.0
1642917433.88	32800	9.456562	0.0	12166782	28	-194.39999999999998
1642917434.1	32800	11.239907	0.0	15664097	33	32.8
1642917436.95	260000	10.387719	0.0	84756689	1637	32.80000000000001
1642917439.38	260000	9.958641	0.0	85798884	1630	260.0
1642917441.18	152400	10.150326	0.0	70827999	1220	44.80000000000001
1642917442.52	152400	11.208033	0.0	51846012	835	152.4
1642917443.88	152400	12.089252	0.0	57184643	895	152.4
1642917445.14	152400	13.421844	0.0	48821461	721	152.4
1642917446.2	152400	14.693742	0.0	44466772	626	152.4
1642917447.92	260000	15.792844	0.0	78844622	1222	152.4
1642917449.72	260000	17.610006	0.0	77654479	1331	260.0
1642917451.68	260000	19.198958	0.0	75220977	1469	260.0
1642917454.18	260000	20.763771	0.0	79740890	1870	260.0
1642917456.69	260000	22.322309	0.0	78574581	1878	260.0
1642917459.12	260000	23.890438	0.0	78901633	1833	260.0
1642917461.61	260000	25.432369	0.0	79414941	1998	260.0
1642917464.82	260000	27.00189	0.0	73704781	2504	260.0
1642917467.77	260000	28.401288	0.0	80783826	2468	260.0
1642917470.68	260000	29.986471	0.0	77638812	2356	260.0
1642917473.4	260000	31.330681	0.0	74749470	2197	260.0
1642917476.14	260000	32.920319	0.0	75910911	2033	260.0
1642917478.68	260000	34.451602	0.0	74070687	1995	260.0
1642917480.87	260000	36.028034	0.0	73938718	1618	260.0
1642917483.18	260000	37.333907	0.0	73613985	1619	260.0
1642917485.14	260000	38.797571	0.0	69503182	1452	260.0
1642917487.15	260000	40.197556	0.0	72822670	1440	260.0
1642917489.11	260000	41.602721	0.0	70991563	1365	260.0
1642917491.0	260000	43.160495	0.0	66218671	1361	260.0
