1642848137.5	8200	1.999999	0.353	546328	249	-91.78
1642848137.7	8200	3.808581	0.0	790650	89	8.2
1642848137.84	8200	5.667361	0.0	911646	35	8.2
1642848137.97	8200	7.532759	0.0	844970	35	8.2
1642848138.3	11700	9.20698	0.0	3938957	187	8.2
1642848138.61	11700	10.895868	0.0	4536725	196	11.7
1642848138.94	11700	12.562542	0.0	5378836	210	11.7
1642848139.25	11700	14.257078	0.0	4892753	190	11.7
1642848139.57	11700	15.932835	0.0	5587559	207	11.7
1642848139.85	11700	17.65281	0.0	4371099	162	11.7
1642848140.41	32800	19.097878	0.0	10179458	396	11.699999999999996
1642848140.91	32800	20.597281	0.0	7987681	371	32.8
1642848141.32	32800	22.190191	0.0	6249975	285	32.8
1642848141.71	32800	23.800836	0.0	6462926	265	32.8
1642848142.12	32800	25.391224	0.0	6930236	284	32.8
1642848142.54	32800	26.970251	0.0	7176786	294	32.8
1642848144.59	152400	26.918237	0.0	39676104	1577	32.80000000000001
1642848146.88	152400	26.775132	0.0	40793176	1999	152.4
1642848148.66	152400	27.108726	0.0	37608977	1493	152.4
1642848150.37	152400	27.393528	0.0	35738670	1442	152.4
1642848152.52	152400	27.242681	0.0	36020729	1895	152.4
1642848152.9	32800	28.869144	0.0	6396912	247	-86.8
1642848153.31	32800	30.459274	0.0	7253832	281	32.8
1642848153.71	32800	32.054572	0.0	7034316	274	32.8
1642848154.11	32800	33.652236	0.0	7133512	277	32.8
1642848154.51	32800	35.255456	0.0	7041401	274	32.8
1642848154.91	32800	36.854769	0.0	7143328	278	32.8
1642848155.32	32800	38.447167	0.0	7338535	284	32.8
1642848155.71	32800	40.054385	0.0	6896645	268	32.8
1642848156.1	32800	41.66953	0.0	6714054	261	32.8
1642848156.56	32800	43.209731	0.0	7018701	334	32.8
1642848158.29	152400	43.723674	0.0	31988631	1473	32.80000000000001
1642848159.9	152400	44.368156	0.0	34031025	1349	152.4
1642848161.48	152400	45.007704	0.0	30869167	1324	152.4
1642848163.04	152400	45.571226	0.0	31753337	1268	152.4
1642848164.66	152400	45.951263	0.0	34013525	1344	152.4
1642848166.04	152400	46.84589	0.0	30739933	1114	152.4
1642848167.74	152400	47.453298	0.0	34919429	1431	152.4
1642848169.46	152400	48.012045	0.0	34638995	1467	152.4
1642848171.05	152400	48.966391	0.0	30969970	1352	152.4
1642848173.13	152400	49.842793	0.0	35313058	1802	152.4
1642848174.73	152400	51.360589	0.0	32767078	1350	152.4
1642848177.51	152400	52.394898	0.0	34143965	2493	152.4
1642848178.5	32800	53.889531	0.0	7871221	847	-86.8
1642848179.26	32800	55.815367	0.0	7236548	633	32.8
1642848180.25	32800	57.577985	0.0	7418057	866	32.8
1642848181.14	32800	59.327773	0.0	7580084	757	32.8
1642848185.61	32800	59.923699	0.0	7306910	850	32.8
1642848191.98	32800	59.905097	0.0	7790808	1735	32.8
1642848197.57	32800	59.800093	0.0	7160738	873	32.8
1642848202.02	32800	59.977874	0.0	7565820	737	32.8
1642848205.84	32800	59.605862	0.0	8064139	184	32.8
1642848207.59	32800	59.801852	0.0	7308924	132	32.8
1642848210.38	32800	59.789384	0.0	7936123	146	32.8
1642848212.65	32800	59.821397	0.0	7845705	140	32.8
1642848214.93	32800	59.810933	0.0	7682661	138	32.8
1642848217.21	32800	59.850819	0.0	8703604	149	32.8
1642848219.51	32800	59.743336	0.0	8166986	154	32.8
1642848221.81	32800	59.945861	0.0	8155312	161	32.8
1642848224.15	32800	59.726207	0.0	9057843	214	32.8
1642848224.26	32800	59.569292	0.0	296571	10	32.8

1642848224.28	32800	59.545375	0.353	296571	1	-91.78
1642848224.29	32800	59.533559	0.0	296571	1	32.8
1642848224.31	32800	59.52286	0.0	296571	1	32.8
1642848224.69	8200	1.999999	-0.24	385365	15	45.99999999999999
1642848224.71	8200	3.999999	0.0	790650	2	8.2
1642848224.73	8200	5.983036	0.0	911646	2	8.2
1642848224.75	8200	7.963587	0.0	844970	2	8.2
1642848224.8	11700	9.912455	0.0	3938957	8	8.2
1642848224.85	11700	11.867396	0.0	4536725	8	11.7
1642848224.89	11700	13.824054	0.0	5378836	10	11.7
1642848224.93	11700	15.787637	0.0	4892753	8	11.7
1642848224.98	11700	17.739071	0.0	5587559	11	11.7
1642848225.76	32800	18.956647	0.0	12381646	600	11.699999999999996
1642848226.69	32800	20.02396	0.0	10179458	792	32.8
1642848228.39	32800	20.32435	0.0	7987681	1569	32.8
1642848228.88	32800	21.834557	0.0	6249975	364	32.8
1642848229.42	32800	23.299237	0.0	6462926	412	32.8
1642848230.08	32800	24.634644	0.0	6930236	539	32.8
1642848231.01	32800	25.704369	0.0	7176786	800	32.8
1642848232.43	32800	26.289995	0.0	6963959	1287	32.8
1642848233.29	32800	27.425758	0.0	7320305	732	32.8
1642848234.29	32800	28.429593	0.0	7420242	866	32.8
1642848235.5	32800	29.388092	0.0	7455282	1087	32.8
1642848236.88	32800	30.011643	0.0	7960895	1246	32.8
1642848238.31	32800	30.892643	0.0	6396912	1309	32.8
1642848240.41	32800	30.935577	0.0	7253832	1980	32.8
1642848242.32	32800	31.025444	0.0	7034316	1789	32.8
1642848242.52	11700	32.828823	0.0	2518802	88	-9.400000000000002
1642848242.71	11700	34.638622	0.0	2410904	84	11.7
1642848242.9	11700	36.445369	0.0	2442104	84	11.7
1642848243.1	11700	38.253638	0.0	2472140	86	11.7
1642848243.28	11700	40.071419	0.0	2434805	74	11.7
1642848243.44	11700	41.907826	0.0	2397182	57	11.7
1642848243.61	11700	43.742675	0.0	2417206	58	11.7
1642848243.77	11700	45.577853	0.0	2399895	55	11.7
1642848243.94	11700	47.524965	0.0	2448718	59	11.7
1642848244.23	32800	49.321155	0.0	6926196	167	11.699999999999996
1642848244.54	32800	51.085588	0.0	7072104	184	32.8
1642848244.86	32800	52.977163	0.0	7515735	195	32.8
1642848245.17	32800	54.783263	0.0	7011028	181	32.8
1642848249.87	32800	53.44473	0.0	7307337	4565	32.8
1642848251.29	11700	54.111118	0.0	2594029	589	-9.400000000000002
1642848251.75	11700	55.819795	0.0	2522793	352	11.7
1642848252.21	11700	57.520782	0.0	2591593	362	11.7
1642848252.78	11700	58.954433	0.0	2642305	462	11.7
1642848254.32	11700	59.808533	0.0	2719235	432	11.7
1642848256.63	11700	59.698166	0.0	2765120	192	11.7
1642848259.33	11700	59.591575	0.0	2628469	82	11.7
1642848261.96	11700	59.609015	0.0	2728942	27	11.7
1642848263.6	11700	59.9977	0.0	2718244	22	11.7
1642848266.32	32800	59.831772	0.0	7306910	86	11.699999999999996
1642848268.53	32800	59.829905	0.0	7790808	85	32.8
1642848270.82	32800	59.83318	0.0	7160738	156	32.8
1642848273.06	32800	59.830543	0.0	7565820	110	32.8
1642848275.34	32800	59.580531	0.0	8064139	153	32.8
1642848277.12	32800	59.795099	0.0	7308924	145	32.8
1642848279.2	152400	59.795073	0.0	37188900	744	32.80000000000001
1642848281.18	152400	59.795015	0.0	36607491	640	152.4
1642848283.07	152400	59.795015	0.0	34872720	595	152.4
1642848285.09	152400	59.795023	0.0	41004729	681	152.4
1642848287.44	152400	59.545119	0.0	37213320	1087	152.4
1642848289.17	152400	59.795094	0.0	34267546	482	152.4
1642848291.26	152400	59.795044	0.0	32823233	851	152.4
1642848291.38	260000	59.459657	0.0	631698	17	152.4

1642848291.77	8200	1.999999	0.135	1048506	30	-35.1
1642848291.79	8200	3.999999	0.0	790650	2	8.2
1642848291.81	8200	5.999999	0.0	911646	3	8.2
1642848291.83	8200	7.983736	0.0	844970	2	8.2
1642848291.89	11700	9.92546	0.0	3938957	10	8.2
1642848291.93	11700	11.880191	0.0	4536725	15	11.7
1642848292.21	11700	13.600032	0.0	5378836	155	11.7
1642848292.25	11700	15.55795	0.0	4892753	13	11.7
1642848292.68	11700	17.13414	0.0	5587559	300	11.7
1642848293.96	32800	17.851435	0.0	12381646	1104	11.699999999999996
1642848295.34	32800	18.468451	0.0	10179458	1245	32.8
1642848296.28	32800	19.535946	0.0	7987681	799	32.8
1642848296.94	32800	20.868334	0.0	6249975	547	32.8
1642848297.63	32800	22.182078	0.0	6462926	565	32.8
1642848298.34	32800	23.47016	0.0	6930236	588	32.8
1642848298.97	32800	24.844482	0.0	7176786	501	32.8
1642848299.56	32800	26.25632	0.0	6963959	464	32.8
1642848300.15	32800	27.662488	0.0	7320305	466	32.8
1642848300.65	32800	29.170859	0.0	7420242	371	32.8
1642848301.14	32800	30.67111	0.0	7455282	372	32.8
1642848301.58	32800	32.230079	0.0	7960895	314	32.8
1642848301.95	32800	33.968456	0.0	6396912	249	32.8
1642848302.35	32800	35.56703	0.0	7253832	278	32.8
1642848302.74	32800	37.180339	0.0	7034316	268	32.8
1642848303.12	32800	38.793925	0.0	7133512	261	32.8
1642848303.55	32800	40.367427	0.0	7041401	302	32.8
1642848303.99	32800	41.930329	0.0	7143328	311	32.8
1642848304.48	32800	43.434483	0.0	7338535	358	32.8
1642848306.74	152400	43.17943	0.0	31292175	1871	32.80000000000001
1642848307.3	32800	44.620941	0.0	6714054	420	-86.8
1642848307.86	32800	46.052756	0.0	7018701	445	32.8
1642848308.42	32800	47.493202	0.0	6838204	434	32.8
1642848308.99	32800	48.927269	0.0	6922846	439	32.8
1642848309.58	32800	50.334753	0.0	6926196	468	32.8
1642848310.2	32800	51.860875	0.0	7072104	494	32.8
1642848310.82	32800	53.432426	0.0	7515735	478	32.8
1642848311.39	32800	55.015688	0.0	7011028	446	32.8
1642848311.98	32800	56.685399	0.0	7307337	460	32.8
1642848312.62	32800	58.368012	0.0	7344127	498	32.8
1642848313.24	32800	59.98862	0.0	7064203	495	32.8
1642848316.4	32800	59.975782	0.0	7516082	526	32.8
1642848319.57	32800	59.831223	0.0	7278398	1538	32.8
1642848322.31	32800	59.476282	0.0	7481760	2604	32.8
1642848324.07	11700	59.845748	0.0	2765120	645	-9.400000000000002
1642848326.76	11700	59.57516	0.0	2628469	583	11.7
1642848328.37	11700	59.996666	0.0	2728942	496	11.7
1642848331.11	11700	59.598911	0.0	2718244	633	11.7
1642848333.4	11700	59.828699	0.0	2695178	629	11.7
1642848335.5	11700	59.8322	0.0	2782060	486	11.7
1642848337.71	11700	59.839779	0.0	2573837	598	11.7
1642848339.78	11700	59.826606	0.0	2659966	457	11.7
1642848341.78	11700	59.896734	0.0	2747985	380	11.7
1642848344.01	11700	59.789678	0.0	2644475	1616	11.7
1642848346.93	11700	59.874146	0.0	2864046	301	11.7
1642848348.72	11700	59.874304	0.0	2785470	181	11.7
1642848351.0	11700	59.624236	0.0	2752189	164	11.7
1642848352.79	11700	59.821983	0.0	2884569	176	11.7
1642848355.08	11700	59.999226	0.0	2854371	175	11.7
1642848359.37	11700	59.835208	0.0	2998361	173	11.7
1642848361.68	11700	59.893736	0.0	3147034	189	11.7
1642848361.79	11700	59.678158	0.0	139786	12	11.7

1642848361.82	11700	59.678158	0.135	139786	0	-35.1
1642848361.83	11700	59.678158	0.0	139786	0	11.7
1642848361.84	11700	59.678158	0.0	139786	1	11.7
1642848361.86	11700	59.678158	0.0	139786	1	11.7
1642848362.06	8200	1.999999	-0.115	546328	1	34.599999999999994
1642848362.09	8200	3.983539	0.0	790650	1	8.2
1642848362.11	8200	5.966851	0.0	911646	1	8.2
1642848362.12	8200	7.953553	0.0	844970	2	8.2
1642848362.17	11700	9.90493	0.0	3938957	6	8.2
1642848362.2	11700	11.869842	0.0	4536725	8	11.7
1642848363.08	11700	12.991429	0.0	5378836	746	11.7
1642848363.12	11700	14.948722	0.0	4892753	13	11.7
1642848363.74	11700	16.331899	0.0	5587559	500	11.7
1642848364.83	32800	17.248807	0.0	12381646	898	11.699999999999996
1642848366.18	32800	17.898787	0.0	10179458	1209	32.8
1642848366.78	32800	19.299239	0.0	7987681	466	32.8
1642848367.26	32800	20.810038	0.0	6249975	363	32.8
1642848367.67	32800	22.402595	0.0	6462926	282	32.8
1642848368.11	32800	23.96574	0.0	6930236	303	32.8
1642848368.61	32800	25.464767	0.0	7176786	374	32.8
1642848369.11	32800	26.963335	0.0	6963959	374	32.8
1642848369.63	32800	28.444386	0.0	7320305	394	32.8
1642848370.17	32800	29.914367	0.0	7420242	399	32.8
1642848370.6	32800	31.472219	0.0	7455282	306	32.8
1642848371.06	32800	33.014026	0.0	7960895	327	32.8
1642848371.45	32800	34.625825	0.0	6396912	263	32.8
1642848371.88	32800	36.21015	0.0	7253832	298	32.8
1642848372.29	32800	37.894815	0.0	7034316	288	32.8
1642848372.7	32800	39.491459	0.0	7133512	277	32.8
1642848373.1	32800	41.093144	0.0	7041401	273	32.8
1642848373.51	32800	42.675764	0.0	7143328	290	32.8
1642848373.95	32800	44.24344	0.0	7338535	303	32.8
1642848375.61	152400	44.674252	0.0	31292175	1230	32.80000000000001
1642848377.18	152400	45.437573	0.0	32834126	1307	152.4
1642848378.77	152400	45.982015	0.0	33877878	1321	152.4
1642848380.38	152400	46.959242	0.0	31988631	1363	152.4
1642848382.01	152400	47.599168	0.0	34031025	1367	152.4
1642848383.62	152400	48.609468	0.0	30869167	1311	152.4
1642848385.38	152400	49.478708	0.0	31753337	1522	152.4
1642848387.11	152400	50.102602	0.0	34013525	1389	152.4
1642848388.69	152400	50.956216	0.0	30739933	1333	152.4
1642848390.73	152400	51.322767	0.0	34919429	1763	152.4
1642848391.16	32800	53.033657	0.0	7344127	284	-86.8
1642848391.56	32800	54.632174	0.0	7064203	273	32.8
1642848391.98	32800	56.212967	0.0	7516082	292	32.8
1642848392.39	32800	57.803652	0.0	7278398	282	32.8
1642848392.81	32800	59.382352	0.0	7481760	290	32.8
1642848394.75	32800	59.842193	0.0	7871221	306	32.8
1642848397.24	32800	59.541819	0.0	7236548	361	32.8
1642848399.17	32800	59.986605	0.0	7418057	305	32.8
1642848401.59	32800	59.807467	0.0	7580084	293	32.8
1642848404.52	32800	59.596925	0.0	7306910	301	32.8
1642848406.55	152400	59.77318	0.0	39805936	1638	32.80000000000001
1642848408.72	152400	59.829891	0.0	33801477	1392	152.4
1642848411.38	152400	59.90968	0.0	36845834	1889	152.4
1642848413.41	152400	59.827633	0.0	38920703	1740	152.4
1642848415.58	32800	59.985918	0.0	7308924	511	-86.8
1642848418.05	32800	59.87528	0.0	7936123	838	32.8
1642848420.48	32800	59.738636	0.0	7845705	799	32.8
1642848422.79	32800	59.96546	0.0	7682661	674	32.8
1642848425.44	32800	59.983507	0.0	8703604	2006	32.8
1642848427.87	32800	59.912304	0.0	8166986	803	32.8
1642848432.28	32800	59.841332	0.0	8155312	271	32.8
