1642842986.17	8200	1.999999	0.354	546328	250	-92.04
1642842986.41	11700	3.773001	0.0	1102047	123	8.2
1642842986.65	32800	5.52471	0.0	1560846	135	11.699999999999996
1642842986.89	32800	7.293722	0.0	1542804	131	32.8
1642842988.03	32800	8.145025	0.0	12166782	937	32.8
1642842989.28	32800	8.902389	0.0	15664097	1061	32.8
1642842990.54	32800	9.640514	0.0	15560661	1104	32.8
1642842991.93	32800	10.246525	0.0	15851372	1235	32.8
1642842994.45	32800	9.866884	0.0	14688721	2363	32.8
1642842995.62	32800	11.221612	0.0	12381646	1022	32.8
1642842996.61	32800	12.497887	0.0	10179458	856	32.8
1642842997.33	32800	13.944624	0.0	7987681	587	32.8
1642842997.89	32800	15.591334	0.0	6249975	438	32.8
1642842998.46	32800	17.232712	0.0	6462926	453	32.8
1642842999.06	32800	19.045547	0.0	6930236	467	32.8
1642842999.64	32800	20.601624	0.0	7176786	457	32.8
1642843000.34	32800	22.31662	0.0	6963959	567	32.8
1642843001.08	32800	23.903182	0.0	7320305	617	32.8
1642843001.79	32800	25.447556	0.0	7420242	575	32.8
1642843003.0	32800	26.677064	0.0	7455282	1082	32.8
1642843003.59	32800	28.25538	0.0	7960895	465	32.8
1642843004.19	32800	29.917558	0.0	6396912	478	32.8
1642843004.97	32800	31.456622	0.0	7253832	657	32.8
1642843005.9	32800	32.829122	0.0	7034316	804	32.8
1642843006.44	32800	34.51297	0.0	7133512	417	32.8
1642843007.02	32800	36.07039	0.0	7041401	458	32.8
1642843007.77	32800	37.666784	0.0	7143328	625	32.8
1642843011.92	32800	37.142991	0.0	7338535	1041	32.8
1642843013.1	32800	38.455558	0.0	6896645	1050	32.8
1642843013.39	32800	40.266231	0.0	6714054	169	32.8
1642843013.63	32800	42.046941	0.0	7018701	117	32.8
1642843014.66	152400	43.312514	0.0	31988631	607	32.80000000000001
1642843015.45	152400	44.712736	0.0	34031025	517	152.4
1642843016.86	260000	45.705016	0.0	64074874	776	152.4
1642843018.47	260000	46.146243	0.0	65041967	1013	260.0
1642843019.93	260000	46.747759	0.0	65860507	1044	260.0
1642843021.53	260000	47.508545	0.0	60900183	1201	260.0
1642843023.9	260000	47.631241	0.0	65223805	1797	260.0
1642843025.51	260000	48.06928	0.0	61492275	1200	260.0
1642843028.4	260000	47.650864	0.0	57534179	2507	260.0
1642843039.57	260000	59.835199	0.0	7565820	583	260.0
1642843041.79	32800	59.826923	0.0	8064139	581	-194.39999999999998
1642843044.31	32800	59.604837	0.0	7308924	393	32.8
1642843046.41	32800	59.791135	0.0	7936123	462	32.8
1642843048.46	32800	59.791184	0.0	7845705	421	32.8
1642843050.52	32800	59.791183	0.0	7682661	423	32.8
1642843052.42	32800	59.791104	0.0	8703604	767	32.8
1642843055.0	32800	59.821433	0.0	8166986	430	32.8
1642843057.34	32800	59.972711	0.0	8155312	203	32.8
1642843064.54	32800	56.668254	0.0	9057843	7063	32.8
1642843064.98	32800	56.546234	0.0	296571	344	32.8
1642843065.0	32800	56.530734	0.0	296571	1	32.8
1642843065.01	260000	56.522056	0.0	296571	1	32.80000000000001
1642843065.55	260000	56.276578	0.0	631698	440	260.0
1642843065.56	32800	56.273645	0.0	631698	440	-194.39999999999998
1642843065.57	32800	56.273645	0.0	296571	1	32.8
1642843065.58	260000	56.273645	0.0	296571	1	32.80000000000001
1642843065.59	260000	56.273645	0.0	631698	2	260.0
