1642938306.88	8200	1.999999	0.513	546328	414	-133.38
1642938307.63	11700	3.25225	0.0	1102047	566	8.2
1642938308.2	11700	4.683715	0.0	1111083	389	11.7
1642938309.18	11700	5.708374	0.0	1066380	746	11.7
1642938311.29	11700	5.597228	0.0	3938957	1898	11.7
1642938314.04	11700	4.845764	0.0	4536725	2561	11.7
1642938316.11	8200	4.950138	0.0	3920262	1874	4.699999999999999
1642938318.16	8200	4.901731	0.0	3861716	1851	8.2
1642938319.65	8200	5.412929	0.0	3391749	1300	8.2
1642938321.61	8200	5.451938	0.0	2809333	1774	8.2
1642938322.51	8200	6.548437	0.0	2063908	721	8.2
1642938323.08	4900	7.983955	0.0	935051	362	1.6000000000000005
1642938324.69	11700	8.373962	0.0	2255191	1424	4.8999999999999995
1642938326.0	11700	9.059161	0.0	2392223	1093	11.7
1642938328.71	11700	8.353376	0.0	2491394	2515	11.7
1642938331.79	11700	7.270666	0.0	2629283	2839	11.7
1642938334.85	11700	6.210625	0.0	2662617	2864	11.7
1642938337.87	11700	5.191369	0.0	2614451	2830	11.7
1642938339.83	4900	5.233581	0.0	1119258	1782	-1.8999999999999995
1642938342.6	4900	4.458309	0.0	1126165	2595	4.9
1642938343.19	4900	5.874186	0.0	1166756	408	4.9
1642938344.0	4900	7.060041	0.0	988609	641	4.9
1642938345.88	4900	7.180763	0.0	1009447	1706	4.9
1642938346.53	4900	8.532883	0.0	1002081	467	4.9
1642938346.95	4900	10.113051	0.0	1052991	245	4.9
1642938347.84	11700	11.219525	0.0	2410904	704	4.8999999999999995
1642938348.88	11700	12.178652	0.0	2442104	854	11.7
1642938349.93	11700	13.129813	0.0	2472140	864	11.7
1642938351.16	32800	13.904502	0.0	6896645	1000	11.699999999999996
1642938352.47	32800	14.587431	0.0	6714054	1116	32.8
1642938353.51	32800	15.553654	0.0	7018701	830	32.8
1642938354.61	32800	16.460881	0.0	6838204	892	32.8
1642938355.04	11700	18.021321	0.0	2448718	244	-9.400000000000002
1642938355.83	32800	19.235895	0.0	6926196	580	11.699999999999996
1642938356.21	11700	20.855049	0.0	2529063	196	-9.400000000000002
1642938358.94	152400	20.124971	0.0	34013525	2051	11.700000000000017
1642938361.01	152400	20.052585	0.0	30739933	1729	152.4
1642938364.58	152400	18.5684	0.0	34919429	3252	152.4
1642938368.67	152400	17.007608	0.0	34638995	3765	152.4
1642938372.42	152400	15.581628	0.0	30969970	3395	152.4
1642938374.74	152400	15.260791	0.0	35313058	2008	152.4
1642938377.07	152400	14.96825	0.0	32767078	1988	152.4
1642938378.99	152400	15.666924	0.0	34143965	1566	152.4
1642938381.02	152400	16.839215	0.0	35599566	1682	152.4
1642938382.93	152400	18.015492	0.0	31880015	1590	152.4
1642938385.33	152400	19.032892	0.0	35467287	2044	152.4
1642938389.33	260000	19.310669	0.0	56994559	3105	152.4
1642938392.06	260000	20.446149	0.0	55162012	2280	260.0
1642938394.99	260000	21.310074	0.0	63612323	2424	260.0
1642938397.73	260000	22.194898	0.0	53712380	2274	260.0
1642938400.99	260000	22.842119	0.0	59826276	2774	260.0
1642938404.13	260000	23.625319	0.0	58861434	2701	260.0
1642938407.33	260000	24.192111	0.0	53320981	2704	260.0
1642938412.12	260000	24.454848	0.0	62494429	4285	260.0
1642938417.5	260000	24.431828	0.0	53458888	4826	260.0
1642938421.9	152400	24.8473	0.0	34872720	3875	44.80000000000001
1642938425.37	152400	25.547016	0.0	41004729	3003	152.4
1642938429.26	260000	25.906146	0.0	50406269	3454	152.4
1642938433.01	260000	26.465366	0.0	43226513	3363	260.0
1642938435.7	260000	27.624459	0.0	35938085	2353	260.0
1642938435.87	260000	27.657793	0.0	631698	49	260.0

1642938436.0	11700	27.657793	0.513	139786	10	-133.38
1642938436.06	260000	27.657793	0.0	631698	2	11.699999999999989
1642938436.84	8200	1.999999	0.018	2049018	418	-248.28
1642938437.18	260000	3.704201	0.0	1757078	152	8.199999999999989
1642938437.47	260000	5.410064	0.0	1560847	120	260.0
1642938437.75	260000	7.131052	0.0	1542805	107	260.0
1642938438.92	32800	7.958691	0.0	12166782	894	-194.39999999999998
1642938439.06	11700	9.824983	0.0	4536725	22	-9.400000000000002
1642938439.7	11700	11.177507	0.0	5378836	447	11.7
1642938439.87	8200	13.005915	0.0	3861716	11	4.699999999999999
1642938441.22	32800	13.664728	0.0	14688721	1098	8.199999999999996
1642938445.62	152400	11.693611	0.0	51846012	3590	32.80000000000001
1642938451.2	152400	8.781571	0.0	57184643	4879	152.4
1642938456.15	152400	6.567618	0.0	48821461	4523	152.4
1642938456.25	11700	8.466012	0.0	2255191	4	-129.0
1642938457.11	32800	10.097835	0.0	6462926	645	11.699999999999996
1642938457.93	32800	11.912054	0.0	6930236	621	32.8
1642938458.78	32800	13.667717	0.0	7176786	628	32.8
1642938458.89	11700	15.620006	0.0	2662617	8	-9.400000000000002
1642938463.55	152400	16.366392	0.0	40793176	4166	11.700000000000017
1642938467.41	152400	17.509778	0.0	37608977	3441	152.4
1642938472.04	152400	18.452603	0.0	35738670	4135	152.4
1642938475.2	152400	19.667793	0.0	36020729	2780	152.4
1642938477.59	152400	20.995644	0.0	36493721	1964	152.4
1642938480.04	152400	22.170287	0.0	37585290	2043	152.4
1642938482.15	152400	22.474912	0.0	34459282	1764	152.4
1642938484.15	152400	22.47346	0.0	37576374	1633	152.4
1642938488.1	260000	20.747118	0.0	74070687	3271	152.4
1642938492.09	260000	19.718682	0.0	73938718	3272	260.0
1642938496.53	260000	20.120209	0.0	73613985	3863	260.0
1642938501.57	260000	20.460757	0.0	69503182	4507	260.0
