1642915081.67	8200	1.999999	0.355	546328	248	-92.3
1642915081.95	260000	3.717769	0.0	1757078	97	8.199999999999989
1642915082.15	260000	5.523907	0.0	1560847	17	260.0
1642915082.39	260000	7.282193	0.0	1542805	58	260.0
1642915082.72	11700	8.9569	0.0	3938957	110	-236.60000000000002
1642915083.02	11700	10.652758	0.0	4536725	114	11.7
1642915084.94	32800	10.729575	0.0	15560661	1559	11.699999999999996
1642915085.85	32800	11.827091	0.0	15851372	652	32.8
1642915086.09	4900	13.584572	0.0	1894210	66	-23.0
1642915086.75	32800	14.925057	0.0	12381646	433	4.899999999999999
1642915087.35	32800	16.319518	0.0	10179458	356	32.8
1642915088.02	32800	17.652107	0.0	7987681	466	32.8
1642915092.84	260000	15.213848	0.0	75092129	4011	32.80000000000001
1642915097.77	260000	13.817115	0.0	78844622	4170	260.0
1642915101.67	260000	13.205926	0.0	77654479	3363	260.0
1642915103.9	260000	13.405774	0.0	75220977	1644	260.0
1642915105.83	260000	13.967174	0.0	79740890	1361	260.0
1642915107.7	260000	14.440095	0.0	78574581	1330	260.0
1642915109.57	260000	14.718567	0.0	78901633	1299	260.0
1642915115.84	260000	14.90511	0.0	79414941	5677	260.0
1642915117.92	260000	16.510019	0.0	73704781	1525	260.0
1642915120.53	260000	18.001925	0.0	80783826	1980	260.0
1642915123.29	260000	19.417951	0.0	77638812	2157	260.0
1642915124.68	152400	21.178064	0.0	34459282	1050	44.80000000000001
1642915125.63	152400	23.030315	0.0	37576374	607	152.4
1642915127.57	260000	24.663995	0.0	74070687	1343	152.4
1642915129.09	260000	26.280431	0.0	73938718	987	260.0
1642915130.71	260000	28.03748	0.0	73613985	1091	260.0
1642915132.27	260000	29.725366	0.0	69503182	1075	260.0
1642915133.83	260000	31.353977	0.0	72822670	972	260.0
1642915135.77	260000	32.993695	0.0	70991563	1429	260.0
1642915142.36	260000	33.837705	0.0	66218671	6069	260.0
1642915144.94	260000	35.422744	0.0	71469145	1894	260.0
1642915146.32	260000	37.16904	0.0	64074874	896	260.0
1642915148.38	260000	38.676366	0.0	65041967	1496	260.0
1642915150.1	260000	40.518079	0.0	65860507	1088	260.0
1642915151.67	260000	42.068554	0.0	60900183	1126	260.0
1642915153.28	260000	43.873347	0.0	65223805	1124	260.0
1642915154.76	260000	45.580886	0.0	61492275	1036	260.0
1642915156.39	260000	47.19908	0.0	57534179	1100	260.0
1642915158.1	260000	48.86672	0.0	64191273	1270	260.0
1642915163.82	260000	49.826951	0.0	57421190	5343	260.0
1642915172.67	260000	50.135787	0.0	60358582	8304	260.0
1642915176.76	152400	51.305721	0.0	35599566	3636	44.80000000000001
1642915181.83	152400	52.239734	0.0	31880015	4689	152.4
1642915183.09	152400	54.08727	0.0	35467287	949	152.4
1642915183.88	152400	55.887735	0.0	35220717	416	152.4
1642915184.65	152400	57.878153	0.0	32694645	414	152.4
1642915186.32	260000	59.47364	0.0	63612323	955	152.4
1642915195.05	260000	59.799344	0.0	53712380	1281	260.0
1642915204.93	260000	59.820685	0.0	59826276	1730	260.0
1642915216.51	260000	59.871057	0.0	58861434	1534	260.0
1642915226.7	260000	59.890292	0.0	53320981	1521	260.0
1642915232.01	260000	59.819028	0.0	62494429	1776	260.0
1642915237.48	260000	59.900625	0.0	53458888	952	260.0
1642915247.12	260000	59.948456	0.0	53798130	717	260.0
1642915258.17	260000	59.891952	0.0	61358299	1527	260.0
1642915268.12	260000	59.600974	0.0	50406269	1345	260.0
1642915278.18	260000	59.890862	0.0	43226513	1459	260.0
