1643138021.06	8200	1.999999	0.27	546328	167	-70.2
1643138021.36	260000	3.707875	0.0	1757078	108	8.199999999999989
1643138021.58	260000	5.49217	0.0	1560847	38	260.0
1643138021.79	260000	7.278412	0.0	1542805	37	260.0
1643138022.65	32800	8.412706	0.0	12166782	607	-194.39999999999998
1643138023.69	32800	9.380776	0.0	15664097	783	32.8
1643138025.2	32800	9.869557	0.0	15560661	1261	32.8
1643138026.46	32800	10.602737	0.0	15851372	1008	32.8
1643138027.57	32800	11.502896	0.0	14688721	878	32.8
1643138028.8	32800	12.269329	0.0	12381646	1012	32.8
1643138031.78	32800	12.046745	0.0	10179458	1853	32.8
1643138033.0	32800	13.555494	0.0	7987681	1019	32.8
1643138033.28	8200	15.349563	0.0	1563332	100	-16.400000000000002
1643138033.53	4900	17.180794	0.0	1007353	77	1.6000000000000005
1643138033.87	11700	18.976706	0.0	2491394	158	4.8999999999999995
1643138034.41	32800	20.610528	0.0	7176786	336	11.699999999999996
1643138036.64	152400	21.391313	0.0	39676104	1753	32.80000000000001
1643138039.08	152400	21.805944	0.0	40793176	2102	152.4
1643138041.65	152400	22.300797	0.0	37608977	2240	152.4
1643138043.57	152400	23.139717	0.0	35738670	1595	152.4
1643138047.1	260000	22.905816	0.0	73704781	2930	152.4
1643138051.6	260000	21.686998	0.0	80783826	3924	260.0
1643138055.82	260000	19.642762	0.0	77638812	3659	260.0
1643138060.64	260000	17.176229	0.0	74749470	4310	260.0
1643138063.99	260000	17.5522	0.0	75910911	2796	260.0
1643138065.67	260000	18.987066	0.0	74070687	1020	260.0
1643138066.98	260000	20.447762	0.0	73938718	828	260.0
1643138068.75	260000	21.83063	0.0	73613985	1275	260.0
1643138071.82	260000	22.713889	0.0	69503182	2534	260.0
1643138074.14	260000	24.09456	0.0	72822670	1837	260.0
1643138078.53	260000	24.578005	0.0	70991563	3892	260.0
1643138082.01	260000	25.324521	0.0	66218671	3012	260.0
1643138085.68	260000	25.890507	0.0	71469145	3167	260.0
1643138089.47	260000	27.154706	0.0	64074874	3237	260.0
1643138092.28	260000	28.686995	0.0	65041967	2386	260.0
1643138095.19	260000	30.036271	0.0	65860507	2421	260.0
1643138098.16	260000	31.463776	0.0	60900183	2506	260.0
1643138101.6	260000	32.793521	0.0	65223805	2950	260.0
1643138104.68	260000	34.272141	0.0	61492275	2639	260.0
1643138107.62	260000	35.769387	0.0	57534179	2490	260.0
1643138110.38	260000	37.080691	0.0	64191273	2314	260.0
1643138113.37	260000	38.564799	0.0	57421190	2512	260.0
1643138116.21	260000	39.999168	0.0	60358582	2378	260.0
1643138119.59	260000	41.298373	0.0	60581734	2956	260.0
1643138122.06	260000	42.806588	0.0	55686462	2033	260.0
1643138126.63	260000	44.03648	0.0	61687104	3993	260.0
1643138129.99	260000	45.371681	0.0	56994559	2919	260.0
1643138133.09	260000	46.911634	0.0	55162012	2675	260.0
1643138136.54	260000	48.302028	0.0	63612323	2969	260.0
1643138140.04	260000	49.630966	0.0	53712380	2971	260.0
1643138144.08	260000	50.920774	0.0	59826276	3592	260.0
1643138148.21	260000	52.020098	0.0	58861434	3688	260.0
1643138149.34	260000	53.889457	0.0	53320981	683	260.0
1643138150.8	260000	55.592973	0.0	62494429	1036	260.0
1643138151.79	260000	57.334521	0.0	53458888	588	260.0
1643138152.8	260000	59.184603	0.0	53798130	542	260.0
1643138159.47	260000	59.99142	0.0	61358299	1125	260.0
1643138169.38	260000	59.796114	0.0	50406269	1429	260.0
1643138178.62	260000	59.903672	0.0	43226513	1287	260.0
1643138188.86	260000	59.898683	0.0	35938085	1366	260.0
1643138189.41	260000	59.80007	0.0	631698	336	260.0

1643138189.54	11700	59.80007	0.27	139786	1	-70.2
1643138189.6	260000	59.80007	0.0	631698	3	11.699999999999989
1643138190.31	8200	1.999999	0.189	2049018	343	-292.74
1643138190.5	11700	3.835103	0.0	1102047	6	8.2
1643138190.68	11700	5.654185	0.0	1111083	11	11.7
1643138190.89	11700	7.447773	0.0	1066380	14	11.7
1643138191.18	11700	9.158577	0.0	3938957	89	11.7
1643138191.46	8200	10.874169	0.0	3361033	75	4.699999999999999
1643138194.04	260000	10.290485	0.0	84756689	1519	8.199999999999989
1643138196.25	260000	10.08864	0.0	85798884	1687	260.0
1643138198.64	260000	9.77412	0.0	86059829	1770	260.0
1643138200.81	260000	9.628814	0.0	83431241	1626	260.0
1643138203.19	260000	9.738023	0.0	82198417	1860	260.0
1643138205.55	260000	11.584268	0.0	79299299	1706	260.0
1643138208.14	260000	13.021066	0.0	75092129	2085	260.0
1643138210.66	260000	14.620237	0.0	78844622	2004	260.0
1643138213.07	260000	16.208242	0.0	77654479	1782	260.0
1643138215.63	260000	17.827999	0.0	75220977	1917	260.0
1643138218.07	260000	19.407377	0.0	79740890	1943	260.0
