1642849118.27	8200	1.999999	0.354	546328	249	-92.04
1642849118.47	8200	3.811608	0.0	790650	87	8.2
1642849118.59	8200	5.694366	0.0	911646	13	8.2
1642849118.7	8200	7.581341	0.0	844970	8	8.2
1642849118.93	11700	9.353079	0.0	3938957	94	8.2
1642849119.1	11700	11.19148	0.0	4536725	37	11.7
1642849119.27	11700	13.013375	0.0	5378836	49	11.7
1642849119.44	11700	14.847665	0.0	4892753	44	11.7
1642849119.61	11700	16.675302	0.0	5587559	51	11.7
1642849119.77	11700	18.517406	0.0	4371099	40	11.7
1642849120.05	32800	20.2342	0.0	10179458	114	11.699999999999996
1642849120.25	32800	22.033561	0.0	7987681	67	32.8
1642849120.44	32800	23.845274	0.0	6249975	53	32.8
1642849120.62	32800	25.660364	0.0	6462926	57	32.8
1642849120.81	32800	27.476912	0.0	6930236	57	32.8
1642849121.0	32800	29.28201	0.0	7176786	64	32.8
1642849122.45	152400	29.848018	0.0	39676104	732	32.80000000000001
1642849123.32	152400	30.971999	0.0	40793176	555	152.4
1642849124.2	152400	32.089728	0.0	37608977	495	152.4
1642849125.17	152400	33.114935	0.0	35738670	685	152.4
1642849126.13	152400	34.153551	0.0	36020729	611	152.4
1642849127.08	152400	35.200874	0.0	36493721	610	152.4
1642849128.0	152400	36.280691	0.0	37585290	618	152.4
1642849130.24	260000	36.042285	0.0	74749470	1281	152.4
1642849132.34	260000	35.982199	0.0	75910911	1565	260.0
1642849134.28	260000	36.056251	0.0	74070687	1446	260.0
1642849136.36	260000	36.160226	0.0	73938718	1426	260.0
1642849138.62	260000	35.991227	0.0	73613985	1695	260.0
1642849140.86	260000	36.174421	0.0	69503182	1765	260.0
1642849143.08	260000	36.530729	0.0	72822670	1701	260.0
1642849145.42	260000	36.734181	0.0	70991563	1876	260.0
1642849148.66	260000	36.280938	0.0	66218671	2705	260.0
1642849152.13	152400	35.679129	0.0	34031025	3122	44.80000000000001
1642849153.42	32800	36.665884	0.0	6926196	1156	-86.8
1642849154.0	32800	38.334561	0.0	7072104	449	32.8
1642849154.26	32800	40.076727	0.0	7515735	132	32.8
1642849154.52	32800	41.868178	0.0	7011028	129	32.8
1642849154.78	32800	43.868178	0.0	7307337	129	32.8
1642849155.04	32800	45.868178	0.0	7344127	128	32.8
1642849155.28	32800	47.798925	0.0	7064203	119	32.8
1642849155.54	32800	49.677302	0.0	7516082	124	32.8
1642849155.8	32800	51.673892	0.0	7278398	122	32.8
1642849156.05	32800	53.462581	0.0	7481760	125	32.8
1642849156.31	32800	55.44285	0.0	7871221	129	32.8
1642849157.17	152400	57.30421	0.0	31880015	614	32.80000000000001
1642849158.18	152400	58.850278	0.0	35467287	640	152.4
1642849161.13	152400	59.831088	0.0	35220717	678	152.4
1642849166.69	152400	59.997392	0.0	32694645	705	152.4
1642849172.88	152400	59.944609	0.0	39805936	1306	152.4
1642849178.0	152400	59.956292	0.0	33801477	1185	152.4
1642849182.96	152400	59.936967	0.0	36845834	669	152.4
1642849189.61	152400	59.922131	0.0	38920703	856	152.4
1642849195.65	152400	59.88723	0.0	33588969	1172	152.4
1642849206.26	152400	59.854157	0.0	37188900	1214	152.4
1642849215.58	152400	59.939996	0.0	36607491	3405	152.4
1642849227.38	32800	59.88917	0.0	7682661	1069	-86.8
1642849238.92	32800	59.785667	0.0	8703604	816	32.8
1642849248.91	32800	59.868876	0.0	8166986	770	32.8
1642849259.4	32800	59.922879	0.0	8155312	766	32.8
1642849269.47	32800	59.930249	0.0	9057843	840	32.8
1642849269.9	32800	59.963583	0.0	296571	253	32.8

1642849269.92	32800	59.963583	0.354	296571	1	-92.04
1642849269.93	32800	59.963583	0.0	296571	1	32.8
1642849270.37	8200	1.999999	-0.168	385365	86	27.279999999999994
1642849270.39	8200	3.999999	0.0	790650	2	8.2
1642849270.41	8200	5.982282	0.0	911646	2	8.2
1642849270.43	8200	7.966508	0.0	844970	3	8.2
1642849270.49	11700	9.906268	0.0	3938957	12	8.2
1642849270.54	11700	11.861274	0.0	4536725	12	11.7
1642849270.58	11700	13.814639	0.0	5378836	14	11.7
1642849270.63	11700	15.767868	0.0	4892753	14	11.7
1642849270.68	11700	17.719832	0.0	5587559	14	11.7
1642849271.56	32800	18.840983	0.0	12381646	687	11.699999999999996
1642849272.14	32800	20.263044	0.0	10179458	435	32.8
1642849272.58	32800	21.819232	0.0	7987681	309	32.8
1642849272.63	32800	23.766176	0.0	6249975	15	32.8
1642849272.68	32800	25.713803	0.0	6462926	15	32.8
1642849273.08	32800	27.314691	0.0	6930236	271	32.8
1642849275.33	152400	27.074306	0.0	40301174	1613	32.80000000000001
1642849277.22	152400	27.179051	0.0	39676104	1598	152.4
1642849279.15	152400	27.38139	0.0	40793176	1639	152.4
1642849280.95	152400	27.589575	0.0	37608977	1505	152.4
1642849282.73	152400	27.908298	0.0	35738670	1498	152.4
1642849284.63	152400	28.041494	0.0	36020729	1591	152.4
1642849286.42	152400	28.513916	0.0	36493721	1516	152.4
1642849288.46	152400	28.471321	0.0	37585290	1753	152.4
1642849290.43	152400	29.192054	0.0	34459282	1685	152.4
1642849290.92	32800	30.992606	0.0	7133512	356	-86.8
1642849291.4	32800	32.669185	0.0	7041401	352	32.8
1642849291.88	32800	34.324062	0.0	7143328	356	32.8
1642849292.38	32800	36.030593	0.0	7338535	366	32.8
1642849292.85	32800	37.741481	0.0	6896645	345	32.8
1642849293.33	32800	39.330129	0.0	6714054	354	32.8
1642849293.84	32800	41.024497	0.0	7018701	377	32.8
1642849294.28	32800	42.753252	0.0	6838204	315	32.8
1642849294.72	32800	44.393519	0.0	6922846	303	32.8
1642849294.77	32800	46.387115	0.0	6926196	15	32.8
1642849295.2	32800	47.966846	0.0	7072104	309	32.8
1642849295.66	32800	49.676959	0.0	7515735	327	32.8
1642849296.1	32800	51.481156	0.0	7011028	306	32.8
1642849296.55	32800	53.148295	0.0	7307337	319	32.8
1642849297.0	32800	54.753468	0.0	7344127	321	32.8
1642849297.42	32800	56.325564	0.0	7064203	291	32.8
1642849297.86	32800	57.951302	0.0	7516082	310	32.8
1642849299.63	152400	58.188168	0.0	32767078	1493	32.80000000000001
1642849301.42	152400	58.641832	0.0	34143965	1521	152.4
1642849303.39	152400	58.93856	0.0	35599566	1695	152.4
1642849304.88	32800	59.887428	0.0	7236548	336	-86.8
1642849312.32	32800	59.874841	0.0	7418057	304	32.8
1642849318.25	32800	59.835859	0.0	7580084	714	32.8
1642849324.67	32800	59.80685	0.0	7306910	704	32.8
1642849329.73	32800	59.763595	0.0	7790808	1506	32.8
1642849335.62	32800	59.924823	0.0	7160738	752	32.8
1642849342.51	32800	59.89109	0.0	7565820	669	32.8
1642849346.91	32800	59.972456	0.0	8064139	680	32.8
1642849353.18	32800	59.804784	0.0	7308924	139	32.8
1642849358.57	32800	59.875302	0.0	7936123	679	32.8
1642849360.97	32800	59.625156	0.0	7845705	673	32.8
1642849363.25	32800	59.602275	0.0	7682661	147	32.8
1642849365.06	32800	59.602433	0.0	8703604	167	32.8
1642849366.83	32800	59.991921	0.0	8166986	138	32.8
1642849369.17	32800	59.841072	0.0	8155312	198	32.8
1642849371.17	32800	59.841087	0.0	9057843	369	32.8
1642849371.19	32800	59.724623	0.0	296571	1	32.8

1642849371.55	8200	1.999999	0.105	427088	7	-27.3
1642849371.58	8200	3.999999	0.0	790650	1	8.2
1642849371.59	8200	5.999999	0.0	911646	3	8.2
1642849371.61	8200	7.982327	0.0	844970	2	8.2
1642849371.66	11700	9.93266	0.0	3938957	7	8.2
1642849371.7	11700	11.896759	0.0	4536725	7	11.7
1642849371.93	11700	13.667692	0.0	5378836	105	11.7
1642849371.97	11700	15.62064	0.0	4892753	12	11.7
1642849372.2	11700	17.392667	0.0	5587559	107	11.7
1642849372.67	32800	18.929112	0.0	12381646	272	11.699999999999996
1642849373.01	32800	20.588993	0.0	10179458	195	32.8
1642849373.31	32800	22.281986	0.0	7987681	172	32.8
1642849373.56	32800	24.039478	0.0	6249975	106	32.8
1642849373.79	32800	25.808521	0.0	6462926	107	32.8
1642849374.02	32800	27.570839	0.0	6930236	108	32.8
1642849375.33	152400	28.262135	0.0	40301174	716	32.80000000000001
1642849376.32	152400	29.270098	0.0	39676104	700	152.4
1642849377.23	152400	30.361359	0.0	40793176	613	152.4
1642849378.12	152400	31.475325	0.0	37608977	595	152.4
1642849378.94	152400	32.650732	0.0	35738670	538	152.4
1642849379.78	152400	33.868458	0.0	36020729	518	152.4
1642849380.68	152400	35.078589	0.0	36493721	525	152.4
1642849382.7	260000	35.057764	0.0	77638812	1038	152.4
1642849386.17	260000	33.589367	0.0	74749470	2892	260.0
1642849389.37	152400	32.535165	0.0	37576374	2891	44.80000000000001
1642849391.11	32800	33.512406	0.0	7041401	1604	-86.8
1642849391.7	32800	35.039371	0.0	7143328	454	32.8
1642849392.1	32800	36.776495	0.0	7338535	275	32.8
1642849392.32	32800	38.560603	0.0	6896645	91	32.8
1642849392.53	32800	40.420549	0.0	6714054	88	32.8
1642849392.75	32800	42.34669	0.0	7018701	93	32.8
1642849392.98	32800	44.206843	0.0	6838204	90	32.8
1642849393.19	32800	46.074405	0.0	6922846	81	32.8
1642849393.4	32800	47.982969	0.0	6926196	79	32.8
1642849393.61	32800	49.799233	0.0	7072104	82	32.8
1642849393.82	32800	51.738092	0.0	7515735	87	32.8
1642849394.43	152400	53.29555	0.0	30739933	354	32.80000000000001
1642849395.22	152400	54.634636	0.0	34919429	400	152.4
1642849395.97	152400	56.101467	0.0	34638995	469	152.4
1642849396.68	152400	57.582955	0.0	30969970	358	152.4
1642849397.36	152400	58.961152	0.0	35313058	402	152.4
1642849399.06	152400	59.572079	0.0	32767078	379	152.4
1642849400.72	152400	59.745061	0.0	34143965	391	152.4
1642849403.03	260000	59.6038	0.0	60581734	865	152.4
1642849404.56	260000	59.994477	0.0	55686462	1133	260.0
1642849411.74	260000	59.899732	0.0	61687104	1206	260.0
1642849417.63	260000	59.838974	0.0	56994559	1394	260.0
