1642913065.05	8200	1.999999	0.354	546328	250	-92.04
1642913065.67	260000	3.383712	0.0	1757078	421	8.199999999999989
1642913066.12	260000	4.938121	0.0	1560847	261	260.0
1642913066.56	260000	6.501595	0.0	1542805	255	260.0
1642913068.11	32800	6.945924	0.0	12166782	1274	-194.39999999999998
1642913068.59	11700	8.469806	0.0	4536725	270	-9.400000000000002
1642913069.05	11700	10.004162	0.0	5378836	266	11.7
1642913069.99	32800	11.072665	0.0	15851372	677	11.699999999999996
1642913070.65	32800	12.402753	0.0	14688721	434	32.8
1642913071.15	32800	13.905359	0.0	12381646	273	32.8
1642913072.96	152400	14.099893	0.0	57184643	956	32.80000000000001
1642913074.32	152400	15.117737	0.0	48821461	977	152.4
1642913076.41	260000	15.236756	0.0	75092129	1284	152.4
1642913078.4	260000	15.248879	0.0	78844622	1447	260.0
1642913081.02	260000	15.068394	0.0	77654479	1676	260.0
1642913083.22	260000	15.590374	0.0	75220977	1623	260.0
1642913086.0	260000	15.604796	0.0	79740890	2103	260.0
1642913089.14	260000	15.681369	0.0	78574581	2468	260.0
1642913092.28	260000	17.129505	0.0	78901633	2540	260.0
1642913095.35	260000	18.270735	0.0	79414941	2424	260.0
1642913098.09	260000	19.507995	0.0	73704781	2048	260.0
1642913100.83	260000	21.003448	0.0	80783826	1956	260.0
1642913103.0	260000	22.310092	0.0	77638812	1602	260.0
1642913104.91	260000	23.886216	0.0	74749470	1290	260.0
1642913107.13	260000	25.456876	0.0	75910911	1463	260.0
1642913109.12	260000	27.066942	0.0	74070687	1359	260.0
1642913110.95	260000	28.701858	0.0	73938718	1203	260.0
1642913117.0	260000	29.633534	0.0	73613985	5389	260.0
1642913118.55	260000	31.398107	0.0	69503182	1046	260.0
1642913120.54	260000	32.942287	0.0	72822670	1287	260.0
1642913122.17	260000	34.648559	0.0	70991563	1119	260.0
1642913123.79	260000	36.353107	0.0	66218671	1097	260.0
1642913125.76	260000	37.998477	0.0	71469145	1381	260.0
1642913127.71	260000	39.561315	0.0	64074874	1342	260.0
1642913129.51	260000	41.19612	0.0	65041967	1322	260.0
1642913131.34	260000	42.895233	0.0	65860507	1284	260.0
1642913133.29	260000	44.541645	0.0	60900183	1518	260.0
1642913135.51	260000	46.093666	0.0	65223805	1772	260.0
1642913137.52	260000	47.736332	0.0	61492275	1540	260.0
1642913139.4	260000	49.319028	0.0	57534179	1362	260.0
1642913141.69	260000	50.962741	0.0	64191273	1751	260.0
1642913143.83	260000	52.529988	0.0	57421190	1686	260.0
1642913146.24	260000	53.815692	0.0	60358582	1864	260.0
1642913148.67	260000	55.500615	0.0	60581734	1764	260.0
1642913150.67	260000	57.168055	0.0	55686462	1528	260.0
1642913152.81	260000	58.743571	0.0	61687104	1603	260.0
1642913156.64	260000	59.817618	0.0	56994559	1362	260.0
1642913167.34	260000	59.998473	0.0	55162012	1205	260.0
1642913179.34	260000	59.854682	0.0	63612323	1864	260.0
1642913190.43	260000	59.909885	0.0	53712380	1544	260.0
1642913200.22	260000	59.843337	0.0	59826276	1709	260.0
1642913209.8	260000	59.917501	0.0	58861434	1595	260.0
1642913221.83	260000	59.860524	0.0	53320981	1492	260.0
1642913231.57	260000	59.775893	0.0	62494429	1650	260.0
1642913241.01	260000	59.992443	0.0	53458888	1408	260.0
1642913251.65	260000	59.781862	0.0	53798130	1446	260.0
1642913262.84	260000	59.883277	0.0	61358299	1603	260.0
