1643137387.46	8200	1.999999	0.357	546328	252	-92.82
1643137387.85	260000	3.615912	0.0	1757078	198	8.199999999999989
1643137388.23	260000	5.229568	0.0	1560847	207	260.0
1643137388.95	260000	6.50924	0.0	1542805	541	260.0
1643137391.1	32800	6.366444	0.0	12166782	1878	-194.39999999999998
1643137394.55	32800	4.911884	0.0	15664097	3210	32.8
1643137396.46	11700	5.308875	0.0	5378836	1694	-9.400000000000002
1643137397.08	11700	6.81368	0.0	4892753	428	11.7
1643137397.51	8200	8.385155	0.0	3391749	237	4.699999999999999
1643137398.65	32800	9.715021	0.0	12381646	919	8.199999999999996
1643137399.89	32800	10.924481	0.0	10179458	1029	32.8
1643137400.31	11700	12.655069	0.0	2615238	224	-9.400000000000002
1643137401.0	32800	14.330685	0.0	6249975	487	11.699999999999996
1643137401.51	32800	15.965944	0.0	6462926	323	32.8
1643137404.29	152400	15.199087	0.0	42807747	2284	32.80000000000001
1643137406.4	152400	15.087515	0.0	40301174	1775	152.4
1643137407.97	152400	15.785344	0.0	39676104	1226	152.4
1643137409.69	152400	16.538174	0.0	40793176	1343	152.4
1643137413.17	260000	15.943294	0.0	78901633	2624	152.4
1643137416.24	260000	14.972447	0.0	79414941	2349	260.0
1643137418.92	260000	14.582479	0.0	73704781	2132	260.0
1643137422.02	260000	15.395182	0.0	80783826	2566	260.0
1643137425.29	260000	16.310683	0.0	77638812	2748	260.0
1643137428.21	260000	17.529016	0.0	74749470	2412	260.0
1643137431.62	260000	18.316888	0.0	75910911	2836	260.0
1643137434.65	260000	19.26254	0.0	74070687	2543	260.0
1643137438.46	260000	20.013209	0.0	73938718	3208	260.0
1643137444.68	260000	20.136845	0.0	73613985	5555	260.0
1643137457.65	260000	19.71039	0.0	69503182	12406	260.0
1643137459.38	152400	21.565505	0.0	32834126	1312	44.80000000000001
1643137460.4	152400	23.319697	0.0	33877878	709	152.4
1643137461.22	152400	25.160929	0.0	31988631	504	152.4
1643137462.11	152400	26.933679	0.0	34031025	555	152.4
1643137462.9	152400	28.932106	0.0	30869167	451	152.4
1643137464.19	260000	30.626403	0.0	65041967	787	152.4
1643137465.55	260000	32.404585	0.0	65860507	823	260.0
1643137467.08	260000	34.107135	0.0	60900183	1072	260.0
1643137469.16	260000	35.777023	0.0	65223805	1590	260.0
1643137471.0	260000	37.314205	0.0	61492275	1372	260.0
1643137472.72	260000	39.026531	0.0	57534179	1276	260.0
1643137475.05	260000	40.382309	0.0	64191273	1650	260.0
1643137477.03	260000	42.071855	0.0	57421190	1540	260.0
1643137479.1	260000	43.633903	0.0	60358582	1599	260.0
1643137481.06	260000	45.332506	0.0	60581734	1540	260.0
1643137482.9	260000	46.991821	0.0	55686462	1375	260.0
1643137484.85	260000	48.551579	0.0	61687104	1448	260.0
1643137486.59	260000	50.249727	0.0	56994559	1286	260.0
1643137488.22	260000	51.703411	0.0	55162012	1189	260.0
1643137490.31	260000	53.669948	0.0	63612323	1622	260.0
1643137491.98	260000	55.461184	0.0	53712380	1198	260.0
1643137493.88	260000	56.977225	0.0	59826276	1364	260.0
1643137496.06	260000	58.665192	0.0	58861434	1608	260.0
1643137499.82	260000	59.780635	0.0	53320981	1367	260.0
1643137509.75	260000	59.869084	0.0	62494429	2487	260.0
1643137519.31	260000	59.890759	0.0	53458888	5027	260.0
1643137529.63	260000	59.876643	0.0	53798130	2792	260.0
1643137540.19	260000	59.878466	0.0	61358299	4035	260.0
1643137549.64	260000	59.792862	0.0	50406269	2444	260.0
1643137559.14	260000	59.933984	0.0	43226513	3045	260.0
1643137564.69	260000	59.878212	0.0	35938085	1692	260.0
1643137564.84	260000	59.84246	0.0	631698	22	260.0

1643137564.95	11700	59.836664	0.357	139786	4	-92.82
1643137565.01	260000	59.777941	0.0	631698	2	11.699999999999989
1643137565.76	8200	1.999999	0.139	2049018	375	-279.74
1643137565.87	260000	3.924907	0.0	1757078	5	8.199999999999989
1643137565.97	260000	5.824888	0.0	1560847	5	260.0
1643137566.07	260000	7.725617	0.0	1542805	6	260.0
1643137566.3	32800	9.499938	0.0	12166782	30	-194.39999999999998
1643137566.51	32800	11.288229	0.0	15664097	41	32.8
1643137570.84	260000	8.955892	0.0	84756689	3390	32.80000000000001
1643137571.14	4900	10.653055	0.0	2245725	107	-250.2
1643137572.56	32800	11.235956	0.0	14688721	1172	4.899999999999999
1643137572.72	32800	13.073927	0.0	12381646	24	32.8
1643137572.87	32800	14.925	0.0	10179458	21	32.8
1643137573.4	32800	16.395328	0.0	7987681	325	32.8
1643137573.53	32800	18.269785	0.0	6249975	12	32.8
1643137575.73	152400	18.73181	0.0	45810515	1802	32.80000000000001
1643137579.4	260000	18.56879	0.0	77654479	3080	152.4
1643137582.8	260000	19.612033	0.0	75220977	2872	260.0
1643137586.4	260000	20.911658	0.0	79740890	3001	260.0
