1642923018.27	8200	1.999999	0.358	546328	254	-93.08
1642923018.64	260000	3.637533	0.0	1757078	182	8.199999999999989
1642923018.94	260000	5.338824	0.0	1560847	122	260.0
1642923019.24	260000	7.046009	0.0	1542805	119	260.0
1642923020.55	32800	7.730416	0.0	12166782	998	-194.39999999999998
1642923023.38	32800	6.907494	0.0	15664097	2564	32.8
1642923023.95	11700	8.328176	0.0	5378836	374	-9.400000000000002
1642923024.57	11700	9.713725	0.0	4892753	429	11.7
1642923025.88	32800	10.402215	0.0	14688721	1077	11.699999999999996
1642923026.97	32800	11.70795	0.0	12381646	866	32.8
1642923032.48	152400	10.269415	0.0	57184643	4657	32.80000000000001
1642923040.33	152400	6.007394	0.0	48821461	7388	152.4
1642923042.13	152400	6.772277	0.0	44466772	1299	152.4
1642923043.11	152400	8.001891	0.0	45810515	554	152.4
1642923044.01	152400	9.779606	0.0	42807747	534	152.4
1642923045.05	152400	11.643727	0.0	40301174	675	152.4
1642923047.24	260000	13.191686	0.0	79740890	1362	152.4
1642923050.35	260000	14.322129	0.0	78574581	2362	260.0
1642923052.71	260000	15.7926	0.0	78901633	1851	260.0
1642923056.62	260000	16.715844	0.0	79414941	3291	260.0
1642923062.74	260000	17.042999	0.0	73704781	5541	260.0
1642923069.27	260000	16.98048	0.0	80783826	5957	260.0
1642923074.54	260000	17.454435	0.0	77638812	4609	260.0
1642923079.55	260000	17.933698	0.0	74749470	4389	260.0
1642923082.03	260000	19.1129	0.0	75910911	1877	260.0
1642923083.93	260000	20.368517	0.0	74070687	1344	260.0
1642923110.5	260000	17.418746	0.0	73938718	25979	260.0
1642923123.33	260000	16.922275	0.0	73613985	12202	260.0
1642923126.57	260000	18.425678	0.0	69503182	2776	260.0
1642923128.09	260000	20.130175	0.0	72822670	1029	260.0
1642923130.3	260000	21.602739	0.0	70991563	1453	260.0
1642923132.2	260000	23.385038	0.0	66218671	1469	260.0
1642923134.96	260000	24.779672	0.0	71469145	2123	260.0
1642923137.29	260000	26.151215	0.0	64074874	1793	260.0
1642923139.62	260000	27.708629	0.0	65041967	1684	260.0
1642923141.74	260000	29.176157	0.0	65860507	1671	260.0
1642923143.86	260000	30.786852	0.0	60900183	1525	260.0
1642923146.17	260000	32.476086	0.0	65223805	1782	260.0
1642923148.74	260000	33.769095	0.0	61492275	2105	260.0
1642923151.09	260000	35.451948	0.0	57534179	1854	260.0
1642923153.62	260000	36.977079	0.0	64191273	2027	260.0
1642923155.94	260000	38.511976	0.0	57421190	1770	260.0
1642923158.2	260000	40.143043	0.0	60358582	1771	260.0
1642923160.65	260000	41.632712	0.0	60581734	1844	260.0
1642923162.63	260000	43.171828	0.0	55686462	1533	260.0
1642923164.91	260000	44.716835	0.0	61687104	1865	260.0
1642923166.96	260000	46.230758	0.0	56994559	1539	260.0
1642923169.11	260000	47.865736	0.0	55162012	1699	260.0
1642923171.46	260000	49.426626	0.0	63612323	1855	260.0
1642923173.49	260000	51.062663	0.0	53712380	1541	260.0
1642923175.69	260000	52.7618	0.0	59826276	1714	260.0
1642923178.24	260000	54.2123	0.0	58861434	2126	260.0
1642923181.69	260000	55.619024	0.0	53320981	3003	260.0
1642923184.88	260000	56.846634	0.0	62494429	2625	260.0
1642923189.01	260000	57.988294	0.0	53458888	3757	260.0
1642923193.52	260000	59.17523	0.0	53798130	3999	260.0
1642923200.67	260000	59.904279	0.0	61358299	2511	260.0
1642923210.67	260000	59.754738	0.0	50406269	4440	260.0
