1643169901.01	8200	1.999999	0.355	546328	249	-92.3
1643169901.21	11700	3.80469	0.0	1102047	91	8.2
1643169901.32	11700	5.690853	0.0	1111083	12	11.7
1643169901.44	11700	7.57526	0.0	1066380	10	11.7
1643169901.65	11700	9.359472	0.0	3938957	87	11.7
1643169902.19	32800	10.825015	0.0	15664097	315	11.699999999999996
1643169904.2	260000	10.815174	0.0	84756689	1118	32.80000000000001
1643169905.87	260000	11.148512	0.0	85798884	1188	260.0
1643169908.24	260000	10.776681	0.0	86059829	1839	260.0
1643169910.73	260000	10.279786	0.0	83431241	2026	260.0
1643169913.04	260000	10.876318	0.0	82198417	1868	260.0
1643169915.27	260000	11.799825	0.0	79299299	1774	260.0
1643169917.95	260000	13.453009	0.0	75092129	2250	260.0
1643169920.62	260000	14.918423	0.0	78844622	2195	260.0
1643169923.0	260000	16.537414	0.0	77654479	1952	260.0
1643169925.42	260000	18.229501	0.0	75220977	1947	260.0
1643169927.67	260000	19.699056	0.0	79740890	1836	260.0
1643169930.11	260000	21.457099	0.0	78574581	1815	260.0
1643169932.13	260000	23.063512	0.0	78901633	1536	260.0
1643169934.19	260000	24.76649	0.0	79414941	1439	260.0
1643169935.73	260000	26.495377	0.0	73704781	1151	260.0
1643169937.57	260000	28.084757	0.0	80783826	1366	260.0
1643169939.7	260000	29.841094	0.0	77638812	1717	260.0
1643169941.66	260000	31.341947	0.0	74749470	1521	260.0
1643169943.51	260000	33.029166	0.0	75910911	1437	260.0
1643169945.43	260000	34.78593	0.0	74070687	1505	260.0
1643169947.54	260000	36.25317	0.0	73938718	1704	260.0
1643169949.53	260000	38.017449	0.0	73613985	1606	260.0
1643169951.79	260000	39.716148	0.0	69503182	1840	260.0
1643169957.99	260000	40.597104	0.0	72822670	5708	260.0
1643169959.33	260000	42.262991	0.0	70991563	860	260.0
1643169960.58	260000	44.097132	0.0	66218671	883	260.0
1643169962.77	260000	45.743882	0.0	71469145	1720	260.0
1643169964.33	260000	47.446771	0.0	64074874	1200	260.0
1643169965.84	260000	49.161871	0.0	65041967	1126	260.0
1643169967.66	260000	50.897949	0.0	65860507	1434	260.0
1643169969.3	260000	52.622512	0.0	60900183	1271	260.0
1643169970.96	260000	54.223205	0.0	65223805	1302	260.0
1643169972.52	260000	56.000186	0.0	61492275	1203	260.0
1643169974.31	260000	57.719939	0.0	57534179	1366	260.0
1643169976.5	260000	59.320156	0.0	64191273	1784	260.0
1643169983.95	260000	59.815852	0.0	57421190	1616	260.0
1643169994.92	260000	59.874995	0.0	60358582	1528	260.0
1643170005.42	260000	59.822882	0.0	60581734	1475	260.0
1643170016.22	260000	59.842901	0.0	55686462	1357	260.0
1643170026.27	260000	59.837493	0.0	61687104	1563	260.0
1643170039.05	260000	59.862715	0.0	56994559	1354	260.0
1643170049.97	260000	59.825246	0.0	55162012	1496	260.0
1643170061.42	260000	59.939415	0.0	63612323	1523	260.0
1643170071.89	260000	59.925533	0.0	53712380	1455	260.0
1643170082.15	260000	59.806456	0.0	59826276	1749	260.0
1643170093.52	260000	59.855666	0.0	58861434	1881	260.0
