1643136512.99	8200	1.999999	0.382	546328	281	-99.32
1643136513.74	260000	3.249793	0.0	1757078	567	8.199999999999989
1643136514.2	260000	4.799255	0.0	1560847	274	260.0
1643136514.69	260000	6.308427	0.0	1542805	269	260.0
1643136519.13	32800	3.86926	0.0	12166782	4135	-194.39999999999998
1643136521.15	11700	3.887933	0.0	4536725	1824	-9.400000000000002
1643136522.76	11700	4.70286	0.0	5378836	1407	11.7
1643136523.34	8200	6.20721	0.0	3861716	385	4.699999999999999
1643136523.98	11700	7.660369	0.0	5587559	443	8.2
1643136524.46	11700	9.171644	0.0	4371099	305	11.7
1643136525.98	32800	9.660294	0.0	10179458	1295	11.699999999999996
1643136526.31	8200	11.323812	0.0	1614484	161	-16.400000000000002
1643136526.73	11700	12.911963	0.0	2255191	225	8.2
1643136527.89	32800	13.796083	0.0	6462926	964	11.699999999999996
1643136528.33	11700	15.357254	0.0	2491394	249	-9.400000000000002
1643136529.06	32800	16.629378	0.0	7176786	525	11.699999999999996
1643136529.41	11700	18.274448	0.0	2662617	169	-9.400000000000002
1643136530.0	32800	19.686753	0.0	7320305	387	11.699999999999996
1643136533.73	152400	18.107962	0.0	37608977	3308	32.80000000000001
1643136536.47	152400	17.908766	0.0	35738670	2409	152.4
1643136539.47	152400	16.907314	0.0	36020729	2661	152.4
1643136542.96	152400	15.415475	0.0	36493721	3162	152.4
1643136545.63	152400	14.915119	0.0	37585290	2334	152.4
1643136548.5	152400	14.428807	0.0	34459282	2566	152.4
1643136553.05	152400	13.415991	0.0	37576374	4225	152.4
1643136556.14	152400	14.463074	0.0	34095545	2775	152.4
1643136560.07	152400	15.12241	0.0	34314045	3619	152.4
1643136564.57	152400	15.421113	0.0	34563011	4182	152.4
1643136566.8	152400	16.547483	0.0	31292175	1913	152.4
1643136569.12	152400	17.823053	0.0	32834126	1905	152.4
1643136571.27	152400	18.98504	0.0	33877878	1804	152.4
1643136572.23	152400	20.456845	0.0	31988631	622	152.4
1643136573.4	152400	21.898927	0.0	34031025	791	152.4
1643136578.88	260000	21.769208	0.0	64074874	4916	152.4
1643136582.51	260000	22.542723	0.0	65041967	2805	260.0
1643136586.06	260000	23.25097	0.0	65860507	3081	260.0
1643136589.58	260000	23.752821	0.0	60900183	3002	260.0
1643136591.9	260000	25.123802	0.0	65223805	1843	260.0
1643136593.6	260000	26.338029	0.0	61492275	1231	260.0
1643136594.84	260000	27.808319	0.0	57534179	763	260.0
1643136596.43	260000	29.14072	0.0	64191273	1049	260.0
1643136597.82	260000	30.792145	0.0	57421190	920	260.0
1643136599.58	260000	32.001682	0.0	60358582	1158	260.0
1643136601.54	260000	33.31374	0.0	60581734	1517	260.0
1643136603.26	260000	34.971784	0.0	55686462	1287	260.0
1643136605.13	260000	36.106779	0.0	61687104	1423	260.0
1643136607.02	260000	37.400774	0.0	56994559	1453	260.0
1643136608.69	260000	38.634155	0.0	55162012	1247	260.0
1643136610.57	260000	39.898309	0.0	63612323	1422	260.0
1643136612.17	260000	41.173829	0.0	53712380	1198	260.0
1643136614.02	260000	42.34732	0.0	59826276	1276	260.0
1643136615.62	260000	43.766754	0.0	58861434	1168	260.0
1643136617.73	260000	45.128243	0.0	53320981	1705	260.0
1643136622.17	260000	45.250466	0.0	62494429	3994	260.0
1643136624.64	260000	46.392882	0.0	53458888	2060	260.0
1643136627.12	260000	47.687201	0.0	53798130	2084	260.0
1643136629.65	260000	48.55163	0.0	61358299	2089	260.0
1643136631.96	260000	49.91494	0.0	50406269	1909	260.0
1643136633.95	260000	51.550435	0.0	43226513	1592	260.0
1643136636.08	260000	53.110084	0.0	35938085	1795	260.0
1643136636.43	260000	52.946334	0.0	631698	220	260.0

1643136636.59	11700	52.854461	0.382	139786	47	-99.32
1643136637.36	8200	1.999999	0.152	2049018	416	-34.82000000000001
1643136637.61	11700	3.783107	0.0	1102047	66	8.2
1643136637.84	11700	5.546428	0.0	1111083	59	11.7
1643136638.06	11700	7.32819	0.0	1066380	42	11.7
1643136638.42	11700	8.967509	0.0	3938957	160	11.7
1643136639.35	32800	10.037704	0.0	15664097	644	11.699999999999996
1643136640.27	32800	11.123567	0.0	15560661	670	32.8
1643136641.19	32800	12.20555	0.0	15851372	671	32.8
1643136645.94	152400	9.587922	0.0	70827999	3959	32.80000000000001
1643136648.99	152400	9.188197	0.0	51846012	1958	152.4
1643136650.45	152400	10.13809	0.0	57184643	967	152.4
1643136651.62	152400	11.429809	0.0	48821461	793	152.4
1643136652.92	152400	12.559271	0.0	44466772	860	152.4
1643136655.48	260000	12.93048	0.0	78844622	1854	152.4
1643136657.71	260000	13.778083	0.0	77654479	1691	260.0
1643136660.05	260000	15.49417	0.0	75220977	1617	260.0
1643136662.32	260000	17.014372	0.0	79740890	1674	260.0
1643136664.62	260000	18.507861	0.0	78574581	1782	260.0
1643136667.12	260000	20.075073	0.0	78901633	1954	260.0
1643136669.57	260000	21.32126	0.0	79414941	1852	260.0
1643136675.01	260000	21.744782	0.0	73704781	4820	260.0
1643136680.95	260000	22.322557	0.0	80783826	5220	260.0
1643136683.57	260000	23.562914	0.0	77638812	1934	260.0
1643136687.96	260000	24.319028	0.0	74749470	3850	260.0
1643136692.48	260000	25.113018	0.0	75910911	3888	260.0
1643136698.14	260000	25.587121	0.0	74070687	5171	260.0
1643136701.82	260000	26.934956	0.0	73938718	3147	260.0
1643136707.65	260000	27.907981	0.0	73613985	5178	260.0
