1642837223.02	8200	1.999999	0.346	546328	249	-89.96
1642837223.22	11700	3.806568	0.0	1102047	91	8.2
1642837223.36	32800	5.659481	0.0	1560846	26	11.699999999999996
1642837223.49	260000	7.53362	0.0	1542805	20	32.80000000000001
1642837226.58	260000	6.445852	0.0	83554460	1867	260.0
1642837226.59	32800	6.435512	0.0	83554460	1867	-194.39999999999998
1642837240.91	152400	52.200878	0.0	2417206	422	32.80000000000001
1642837240.91	32800	52.200878	0.0	2417206	422	-86.8
1642837242.04	32800	54.038106	0.0	6838204	1000	32.8
1642837242.97	32800	55.467008	0.0	6922846	808	32.8
1642837244.03	32800	56.932877	0.0	6926196	938	32.8
1642837245.78	32800	57.693352	0.0	7072104	1622	32.8
1642837246.16	32800	59.497544	0.0	7515735	239	32.8
1642837248.01	32800	59.937758	0.0	7011028	223	32.8
1642837250.34	32800	59.719143	0.0	7307337	198	32.8
1642837250.35	152400	59.621211	0.0	7307337	198	32.80000000000001
1642837263.07	152400	59.57556	0.0	1884811	263	152.4
1642837263.08	32800	59.433593	0.0	1884811	263	-86.8
1642837265.13	32800	59.575611	0.0	7236548	427	32.8
1642837267.16	32800	59.575679	0.0	7418057	394	32.8
1642837268.71	32800	59.825724	0.0	7580084	413	32.8
1642837270.79	32800	59.825712	0.0	7306910	452	32.8
1642837272.71	32800	59.825654	0.0	7790808	788	32.8
1642837274.75	32800	59.825664	0.0	7160738	1401	32.8
1642837276.76	32800	59.825738	0.0	7565820	882	32.8
1642837278.96	32800	59.575724	0.0	8064139	565	32.8
1642837280.76	32800	59.75161	0.0	7308924	1670	32.8
1642837283.08	32800	59.575641	0.0	7936123	692	32.8
1642837284.98	32800	59.575674	0.0	7845705	1265	32.8
1642837287.02	32800	59.575686	0.0	7682661	411	32.8
1642837288.54	32800	59.969846	0.0	8703604	1397	32.8
1642837291.11	32800	59.575647	0.0	8166986	440	32.8
1642837292.91	32800	59.825658	0.0	8155312	657	32.8
1642837295.17	32800	59.575539	0.0	9057843	1124	32.8
1642837295.37	32800	59.176848	0.0	296571	102	32.8
