1642944735.93	8200	1.999999	0.273	546328	170	-70.98
1642944736.22	260000	3.724886	0.0	1757078	96	8.199999999999989
1642944736.42	260000	5.527229	0.0	1560847	15	260.0
1642944736.6	260000	7.339551	0.0	1542805	12	260.0
1642944738.97	152400	6.975399	0.0	68504102	1271	44.80000000000001
1642944740.32	152400	7.622724	0.0	56494032	871	152.4
1642944742.35	260000	7.596996	0.0	84756689	1115	152.4
1642944744.74	260000	7.771961	0.0	85798884	1771	260.0
1642944747.27	260000	9.209036	0.0	86059829	1728	260.0
1642944750.01	260000	10.667392	0.0	83431241	2046	260.0
1642944752.57	260000	12.081231	0.0	82198417	1924	260.0
1642944755.26	260000	13.34322	0.0	79299299	2116	260.0
1642944765.5	260000	13.222558	0.0	75092129	9568	260.0
1642944777.24	260000	13.381848	0.0	78844622	11014	260.0
1642944802.49	260000	11.060502	0.0	77654479	24632	260.0
1642944810.11	152400	11.787425	0.0	40301174	7170	44.80000000000001
1642944815.65	152400	12.72591	0.0	39676104	5176	152.4
1642944819.96	152400	13.79572	0.0	40793176	3938	152.4
1642944823.6	152400	15.32187	0.0	37608977	3294	152.4
1642944825.65	152400	16.934362	0.0	35738670	1714	152.4
1642944826.52	152400	18.782892	0.0	36020729	539	152.4
1642944830.58	152400	19.808372	0.0	36493721	3709	152.4
1642944831.95	260000	21.584425	0.0	77638812	788	152.4
1642944833.74	260000	23.298804	0.0	74749470	997	260.0
1642944835.88	260000	24.954865	0.0	75910911	1516	260.0
1642944838.32	260000	26.467568	0.0	74070687	1881	260.0
1642944840.98	260000	27.824727	0.0	73938718	2116	260.0
1642944843.55	260000	29.375295	0.0	73613985	2003	260.0
1642944846.04	260000	30.887198	0.0	69503182	1854	260.0
1642944848.63	260000	32.395444	0.0	72822670	2029	260.0
1642944851.22	260000	33.812488	0.0	70991563	1866	260.0
1642944853.68	260000	35.425741	0.0	66218671	1929	260.0
1642944856.26	260000	36.935131	0.0	71469145	1847	260.0
1642944858.54	260000	38.500205	0.0	64074874	1779	260.0
1642944861.05	260000	40.007091	0.0	65041967	2010	260.0
1642944863.7	260000	41.287722	0.0	65860507	1919	260.0
1642944866.11	260000	42.469133	0.0	60900183	1760	260.0
1642944868.31	260000	43.77147	0.0	65223805	1689	260.0
1642944870.21	260000	45.245148	0.0	61492275	1377	260.0
1642944872.02	260000	46.589936	0.0	57534179	1283	260.0
1642944873.87	260000	48.099584	0.0	64191273	1272	260.0
1642944875.42	260000	49.619029	0.0	57421190	1012	260.0
1642944876.98	260000	51.152693	0.0	60358582	947	260.0
1642944878.67	260000	52.464271	0.0	60581734	1205	260.0
1642944880.42	260000	53.92108	0.0	55686462	1197	260.0
1642944882.71	260000	55.121246	0.0	61687104	1778	260.0
1642944884.8	260000	56.326388	0.0	56994559	1603	260.0
1642944886.76	260000	57.537407	0.0	55162012	1501	260.0
1642944889.57	260000	58.451886	0.0	63612323	2279	260.0
1642944891.73	260000	59.717108	0.0	53712380	1707	260.0
1642944896.6	260000	59.909369	0.0	59826276	1863	260.0
1642944901.99	260000	59.903941	0.0	58861434	1783	260.0
1642944913.05	260000	59.722704	0.0	53320981	1608	260.0
1642944922.17	260000	59.799286	0.0	62494429	1551	260.0
1642944932.64	260000	59.905646	0.0	53458888	1469	260.0
