1643136719.19	8200	1.999999	0.353	546328	249	-91.78
1643136719.58	260000	3.617062	0.0	1757078	167	8.199999999999989
1643136719.77	260000	5.422069	0.0	1560847	15	260.0
1643136719.97	260000	7.229511	0.0	1542805	16	260.0
1643136720.2	11700	8.991753	0.0	3938957	30	-236.60000000000002
1643136720.85	32800	10.348977	0.0	15664097	299	11.699999999999996
1643136722.84	152400	10.352941	0.0	68626847	968	32.80000000000001
1643136724.99	260000	10.208413	0.0	85798884	1345	152.4
1643136727.04	260000	10.153568	0.0	86059829	1329	260.0
1643136728.81	260000	10.385129	0.0	83431241	1197	260.0
1643136730.56	260000	11.159793	0.0	82198417	1144	260.0
1643136732.48	260000	11.811309	0.0	79299299	1314	260.0
1643136734.49	260000	13.646273	0.0	75092129	1446	260.0
1643136736.66	260000	15.108098	0.0	78844622	1455	260.0
1643136738.8	260000	16.592943	0.0	77654479	1373	260.0
1643136740.69	260000	18.177654	0.0	75220977	1367	260.0
1643136742.85	260000	19.720882	0.0	79740890	1533	260.0
1643136745.2	260000	21.309079	0.0	78574581	1810	260.0
1643136755.63	260000	21.586669	0.0	78901633	9835	260.0
1643136760.44	152400	22.766372	0.0	35738670	4464	44.80000000000001
1643136765.97	152400	24.016431	0.0	36020729	5185	152.4
1643136772.24	152400	24.888312	0.0	36493721	5832	152.4
1643136773.72	32800	26.644575	0.0	7253832	1268	-86.8
1643136775.55	32800	28.441734	0.0	7034316	1641	32.8
1643136779.36	32800	29.73295	0.0	7133512	3606	32.8
1643136782.49	32800	31.16611	0.0	7041401	2932	32.8
1643136784.63	32800	32.892539	0.0	7143328	1945	32.8
1643136786.79	32800	34.406339	0.0	7338535	1959	32.8
1643136791.38	32800	35.599708	0.0	6896645	4395	32.8
1643136793.34	32800	37.213043	0.0	6714054	1763	32.8
1643136794.67	32800	38.821948	0.0	7018701	1127	32.8
1643136795.84	32800	40.821948	0.0	6838204	972	32.8
1643136796.45	11700	42.684557	0.0	2448718	430	-9.400000000000002
1643136797.86	32800	44.402555	0.0	6926196	1213	11.699999999999996
1643136803.56	152400	45.325735	0.0	31753337	5402	32.80000000000001
1643136808.0	152400	46.406232	0.0	34013525	3995	152.4
1643136810.79	152400	47.821039	0.0	30739933	2475	152.4
1643136814.48	152400	49.32554	0.0	34919429	3334	152.4
1643136815.89	152400	50.999585	0.0	34638995	1094	152.4
1643136816.69	152400	52.999585	0.0	30969970	468	152.4
1643136821.15	260000	54.129047	0.0	64191273	3843	152.4
1643136822.5	260000	55.840365	0.0	57421190	790	260.0
1643136824.09	260000	57.492783	0.0	60358582	1013	260.0
1643136825.66	260000	59.313746	0.0	60581734	1095	260.0
1643136832.94	260000	59.829173	0.0	55686462	1276	260.0
1643136842.68	260000	59.809623	0.0	61687104	1516	260.0
1643136853.74	260000	59.868028	0.0	56994559	1492	260.0
1643136863.29	260000	59.958498	0.0	55162012	1490	260.0
1643136875.23	260000	59.914986	0.0	63612323	1662	260.0
1643136880.8	260000	59.767432	0.0	53712380	1511	260.0
1643136886.63	260000	59.904891	0.0	59826276	1214	260.0
1643136891.63	260000	59.885423	0.0	58861434	1433	260.0
1643136893.88	260000	59.786628	0.0	53320981	756	260.0
1643136895.93	260000	59.796306	0.0	62494429	972	260.0
1643136898.12	260000	59.790804	0.0	53458888	1261	260.0
1643136899.79	260000	59.934685	0.0	53798130	1181	260.0
1643136902.55	260000	59.566444	0.0	61358299	1269	260.0
1643136904.18	260000	59.757541	0.0	50406269	1205	260.0
1643136906.57	260000	59.587114	0.0	43226513	1017	260.0
1643136908.33	260000	59.837084	0.0	35938085	942	260.0
1643136908.47	260000	59.707659	0.0	631698	8	260.0

1643136908.58	11700	59.592755	0.353	139786	3	-91.78
1643136908.64	260000	59.532407	0.0	631698	2	11.699999999999989
1643136909.42	8200	1.999999	0.106	2049018	343	-271.16
1643136909.53	260000	3.927347	0.0	1757078	3	8.199999999999989
1643136909.62	260000	5.834597	0.0	1560847	4	260.0
1643136909.72	260000	7.733438	0.0	1542805	4	260.0
1643136910.36	32800	9.094597	0.0	12166782	354	-194.39999999999998
1643136910.56	32800	10.893978	0.0	15664097	28	32.8
1643136913.09	260000	10.363779	0.0	84756689	1250	32.80000000000001
1643136915.35	260000	10.1087	0.0	85798884	1472	260.0
1643136917.35	260000	10.110205	0.0	86059829	1364	260.0
