1643171667.74	8200	1.999999	0.351	546328	247	-91.26
1643171667.94	11700	3.797886	0.0	1102047	89	8.2
1643171668.05	11700	5.684066	0.0	1111083	10	11.7
1643171668.17	11700	7.567551	0.0	1066380	11	11.7
1643171668.39	11700	9.352713	0.0	3938957	92	11.7
1643171668.89	32800	10.85225	0.0	15664097	293	11.699999999999996
1643171671.27	260000	10.467962	0.0	84756689	1370	32.80000000000001
1643171673.08	260000	10.662059	0.0	85798884	1310	260.0
1643171674.97	260000	10.77032	0.0	86059829	1329	260.0
1643171676.54	260000	11.268268	0.0	83431241	1099	260.0
1643171681.25	260000	10.071746	0.0	82198417	4248	260.0
1643171685.98	260000	11.148089	0.0	79299299	4286	260.0
1643171690.42	260000	12.404463	0.0	75092129	4039	260.0
1643171693.51	260000	14.018871	0.0	78844622	2582	260.0
1643171696.28	260000	15.436369	0.0	77654479	2289	260.0
1643171697.76	260000	17.294688	0.0	75220977	982	260.0
1643171699.75	260000	18.90157	0.0	79740890	1422	260.0
1643171701.61	260000	20.531169	0.0	78574581	1326	260.0
1643171703.75	260000	22.220622	0.0	78901633	1619	260.0
1643171709.21	260000	23.356977	0.0	79414941	1304	260.0
1643171712.11	260000	24.767482	0.0	73704781	2386	260.0
1643171714.91	260000	26.398518	0.0	80783826	2353	260.0
1643171717.36	260000	27.79736	0.0	77638812	1923	260.0
1643171719.0	260000	29.605694	0.0	74749470	1250	260.0
1643171720.77	260000	31.289539	0.0	75910911	1307	260.0
1643171722.19	260000	33.055088	0.0	74070687	976	260.0
1643171723.52	260000	34.799456	0.0	73938718	940	260.0
1643171725.26	260000	36.654114	0.0	73613985	1338	260.0
1643171726.49	260000	38.340376	0.0	69503182	842	260.0
1643171728.09	260000	40.107619	0.0	72822670	1216	260.0
1643171729.63	260000	41.795706	0.0	70991563	1160	260.0
1643171735.97	260000	42.636811	0.0	66218671	5966	260.0
1643171736.19	32800	44.636811	0.0	6922846	96	-194.39999999999998
1643171736.4	32800	46.488022	0.0	6926196	98	32.8
1643171736.62	32800	48.488022	0.0	7072104	94	32.8
1643171736.84	32800	50.488022	0.0	7515735	100	32.8
1643171737.05	32800	52.488022	0.0	7011028	92	32.8
1643171738.43	260000	54.218546	0.0	65223805	1032	32.80000000000001
1643171739.79	260000	55.786158	0.0	61492275	1018	260.0
1643171741.0	260000	57.762899	0.0	57534179	886	260.0
1643171742.41	260000	59.456457	0.0	64191273	1035	260.0
1643171750.47	260000	59.824304	0.0	57421190	1121	260.0
1643171761.85	260000	59.842258	0.0	60358582	3826	260.0
1643171772.42	260000	59.867461	0.0	60581734	6113	260.0
1643171783.18	32800	59.859804	0.0	7236548	1533	-194.39999999999998
1643171792.78	32800	59.948775	0.0	7418057	1384	32.8
1643171804.68	32800	59.792168	0.0	7580084	679	32.8
1643171815.57	32800	59.960036	0.0	7306910	672	32.8
1643171828.47	32800	59.70425	0.0	7790808	678	32.8
1643171838.81	32800	59.779869	0.0	7160738	622	32.8
1643171848.19	32800	59.797954	0.0	7565820	669	32.8
1643171859.58	32800	59.890574	0.0	8064139	673	32.8
