1642917547.08	8200	1.999999	0.356	546328	250	-92.56
1642917547.44	260000	3.642509	0.0	1757078	171	8.199999999999989
1642917547.7	260000	5.387224	0.0	1560847	79	260.0
1642917547.96	260000	7.126965	0.0	1542805	76	260.0
1642917548.86	32800	8.219117	0.0	12166782	608	-194.39999999999998
1642917549.47	11700	9.618329	0.0	4536725	397	-9.400000000000002
1642917550.05	11700	11.036436	0.0	5378836	388	11.7
1642917550.37	4900	12.714354	0.0	2245725	142	-1.8999999999999995
1642917551.53	32800	13.549724	0.0	14688721	933	4.899999999999999
1642917552.49	32800	14.595154	0.0	12381646	731	32.8
1642917560.21	152400	9.495527	0.0	57184643	6784	32.80000000000001
1642917562.84	152400	8.85831	0.0	48821461	2182	152.4
1642917565.99	152400	8.451008	0.0	44466772	2749	152.4
1642917568.63	152400	8.516618	0.0	45810515	2081	152.4
1642917570.78	152400	9.680876	0.0	42807747	1703	152.4
1642917573.02	152400	11.285403	0.0	40301174	1766	152.4
1642917575.36	152400	12.670288	0.0	39676104	2005	152.4
1642917577.52	152400	14.131528	0.0	40793176	1785	152.4
1642917579.7	152400	15.422803	0.0	37608977	1813	152.4
1642917582.08	152400	16.966858	0.0	35738670	1923	152.4
1642917587.41	260000	17.292975	0.0	73704781	4448	152.4
1642917590.22	260000	18.487865	0.0	80783826	1889	260.0
1642917591.85	260000	19.583255	0.0	77638812	1068	260.0
1642917594.12	260000	21.320419	0.0	74749470	1657	260.0
1642917597.31	260000	22.309335	0.0	75910911	2610	260.0
1642917600.33	260000	23.289668	0.0	74070687	2259	260.0
1642917604.68	260000	23.85822	0.0	73938718	3646	260.0
1642917608.24	260000	24.816946	0.0	73613985	3050	260.0
1642917611.83	260000	25.510771	0.0	69503182	3009	260.0
1642917615.68	260000	26.329467	0.0	72822670	3336	260.0
1642917619.04	260000	27.371357	0.0	70991563	2671	260.0
1642917622.21	260000	28.442958	0.0	66218671	2514	260.0
1642917626.1	260000	29.253859	0.0	71469145	3185	260.0
1642917629.3	260000	29.773221	0.0	64074874	2689	260.0
1642917632.53	260000	30.769556	0.0	65041967	2784	260.0
1642917635.43	260000	31.759088	0.0	65860507	2374	260.0
1642917638.8	260000	33.31173	0.0	60900183	2687	260.0
1642917641.68	260000	34.792884	0.0	65223805	2449	260.0
1642917645.22	260000	36.02601	0.0	61492275	3137	260.0
1642917648.25	260000	37.450806	0.0	57534179	2379	260.0
1642917653.23	260000	38.563699	0.0	64191273	4447	260.0
1642917656.41	260000	39.897887	0.0	57421190	2627	260.0
1642917659.67	260000	41.273616	0.0	60358582	2719	260.0
1642917663.15	260000	42.643376	0.0	60581734	2957	260.0
1642917667.24	260000	43.789497	0.0	55686462	3615	260.0
1642917671.16	260000	44.944297	0.0	61687104	3484	260.0
1642917674.05	260000	46.497119	0.0	56994559	2409	260.0
1642917675.11	260000	48.299176	0.0	55162012	488	260.0
1642917676.29	260000	50.017929	0.0	63612323	641	260.0
1642917677.44	260000	51.861562	0.0	53712380	603	260.0
1642917678.95	260000	53.457711	0.0	59826276	905	260.0
1642917680.4	260000	55.326203	0.0	58861434	923	260.0
1642917681.63	260000	57.057832	0.0	53320981	777	260.0
1642917683.19	260000	58.638981	0.0	62494429	883	260.0
1642917686.65	260000	59.879801	0.0	53458888	1038	260.0
1642917696.08	260000	59.780441	0.0	53798130	955	260.0
1642917706.18	260000	59.87249	0.0	61358299	1507	260.0
1642917715.7	260000	59.798587	0.0	50406269	5971	260.0
1642917725.65	260000	59.928892	0.0	43226513	1077	260.0
1642917734.77	260000	59.812118	0.0	35938085	1206	260.0
1642917735.32	260000	59.845452	0.0	631698	334	260.0

1642917735.44	11700	59.845452	0.356	139786	2	-92.56
1642917735.51	260000	59.845452	0.0	631698	2	11.699999999999989
1642917736.2	8200	1.999999	0.104	2049018	346	-270.64
1642917736.31	260000	3.931046	0.0	1757078	8	8.199999999999989
1642917736.4	260000	5.838227	0.0	1560847	5	260.0
1642917736.5	260000	7.7418	0.0	1542805	4	260.0
1642917736.74	32800	9.504312	0.0	12166782	25	-194.39999999999998
1642917737.43	32800	10.814483	0.0	15664097	425	32.8
1642917740.62	260000	9.618909	0.0	84756689	1947	32.80000000000001
1642917742.99	260000	9.255441	0.0	85798884	1664	260.0
1642917745.42	260000	9.418257	0.0	86059829	1842	260.0
