1642922103.22	8200	1.999999	0.351	546328	246	-91.26
1642922103.52	260000	3.705432	0.0	1757078	97	8.199999999999989
1642922103.72	260000	5.506217	0.0	1560847	18	260.0
1642922103.94	260000	7.294852	0.0	1542805	22	260.0
1642922104.61	32800	8.62181	0.0	12166782	375	-194.39999999999998
1642922105.27	32800	9.956758	0.0	15664097	390	32.8
1642922108.33	260000	8.897098	0.0	84756689	1787	32.80000000000001
1642922110.33	260000	8.90177	0.0	85798884	1341	260.0
1642922112.6	260000	9.259319	0.0	86059829	1583	260.0
1642922114.97	260000	9.570209	0.0	83431241	1761	260.0
1642922117.12	260000	10.240624	0.0	82198417	1621	260.0
1642922119.14	260000	11.795012	0.0	79299299	1536	260.0
1642922121.09	260000	13.359412	0.0	75092129	1450	260.0
1642922123.31	260000	14.94151	0.0	78844622	1628	260.0
1642922125.51	260000	16.492718	0.0	77654479	1535	260.0
1642922127.48	260000	18.145109	0.0	75220977	1444	260.0
1642922129.88	260000	19.714462	0.0	79740890	1767	260.0
1642922132.18	260000	21.307682	0.0	78574581	1539	260.0
1642922134.28	260000	22.92573	0.0	78901633	1548	260.0
1642922136.7	260000	24.592602	0.0	79414941	1672	260.0
1642922139.22	260000	26.086233	0.0	73704781	1976	260.0
1642922143.46	260000	27.329794	0.0	80783826	3577	260.0
1642922148.2	260000	28.525805	0.0	77638812	4173	260.0
1642922149.86	260000	30.283428	0.0	74749470	1096	260.0
1642922151.48	260000	31.960309	0.0	75910911	1012	260.0
1642922152.94	260000	33.711893	0.0	74070687	889	260.0
1642922154.29	260000	35.543681	0.0	73938718	820	260.0
1642922155.75	260000	37.305078	0.0	73613985	900	260.0
1642922157.49	260000	38.898642	0.0	69503182	1127	260.0
1642922159.63	260000	40.665993	0.0	72822670	1582	260.0
1642922161.64	260000	42.359406	0.0	70991563	1526	260.0
1642922163.59	260000	43.826767	0.0	66218671	1378	260.0
1642922165.76	260000	45.504152	0.0	71469145	1655	260.0
1642922168.02	260000	47.111541	0.0	64074874	1768	260.0
1642922170.21	260000	48.772844	0.0	65041967	1714	260.0
1642922172.51	260000	50.256863	0.0	65860507	1700	260.0
1642922174.56	260000	51.791429	0.0	60900183	1643	260.0
1642922176.76	260000	53.595036	0.0	65223805	1774	260.0
1642922179.11	260000	55.248313	0.0	61492275	1767	260.0
1642922181.11	260000	56.912708	0.0	57534179	1611	260.0
1642922183.82	260000	58.341156	0.0	64191273	2166	260.0
1642922186.04	260000	59.717075	0.0	57421190	1781	260.0
1642922195.92	260000	59.842413	0.0	60358582	1852	260.0
1642922207.15	260000	59.82896	0.0	60581734	6036	260.0
1642922217.54	260000	59.828499	0.0	55686462	6351	260.0
1642922228.96	260000	59.943887	0.0	61687104	4260	260.0
1642922239.23	260000	59.866948	0.0	56994559	2789	260.0
1642922249.92	260000	59.904454	0.0	55162012	2588	260.0
1642922261.49	260000	59.866224	0.0	63612323	2930	260.0
1642922272.53	260000	59.869427	0.0	53712380	2566	260.0
1642922282.57	260000	59.844701	0.0	59826276	2884	260.0
1642922293.57	260000	59.755517	0.0	58861434	3377	260.0
