1643137596.38	8200	1.999999	0.355	546328	249	-92.3
1643137596.74	260000	3.654582	0.0	1757078	168	8.199999999999989
1643137596.98	260000	5.40807	0.0	1560847	63	260.0
1643137597.22	260000	7.174291	0.0	1542805	60	260.0
1643137598.0	32800	8.391147	0.0	12166782	497	-194.39999999999998
1643137598.39	11700	10.002618	0.0	4536725	186	-9.400000000000002
1643137598.8	11700	11.588702	0.0	5378836	221	11.7
1643137599.68	32800	12.710268	0.0	15851372	622	11.699999999999996
1643137603.27	152400	11.116329	0.0	70827999	2913	32.80000000000001
1643137605.76	152400	11.072042	0.0	51846012	2078	152.4
1643137608.85	152400	10.440085	0.0	57184643	2682	152.4
1643137611.19	152400	10.101281	0.0	48821461	1948	152.4
1643137613.81	152400	10.662323	0.0	44466772	2203	152.4
1643137615.97	152400	11.750077	0.0	45810515	1783	152.4
1643137618.2	152400	13.475405	0.0	42807747	1870	152.4
1643137621.9	260000	14.715305	0.0	75220977	3104	152.4
1643137625.59	260000	15.883802	0.0	79740890	3187	260.0
1643137629.2	260000	16.949017	0.0	78574581	3101	260.0
1643137633.35	260000	17.893551	0.0	78901633	3637	260.0
1643137638.0	260000	18.702136	0.0	79414941	4132	260.0
1643137646.28	260000	18.703672	0.0	73704781	7769	260.0
1643137650.65	152400	19.359301	0.0	36493721	3951	44.80000000000001
1643137652.61	152400	20.836272	0.0	37585290	1622	152.4
1643137655.46	152400	21.814771	0.0	34459282	2521	152.4
1643137657.4	152400	23.472815	0.0	37576374	1595	152.4
1643137658.6	152400	25.152094	0.0	34095545	864	152.4
1643137659.38	152400	26.876394	0.0	34314045	403	152.4
1643137661.28	260000	28.11898	0.0	73613985	1370	152.4
1643137662.84	260000	29.694094	0.0	69503182	1063	260.0
1643137664.47	260000	31.473464	0.0	72822670	1149	260.0
1643137666.64	260000	32.738852	0.0	70991563	1669	260.0
1643137668.6	260000	34.029182	0.0	66218671	1457	260.0
1643137670.88	260000	35.606619	0.0	71469145	1728	260.0
1643137672.88	260000	37.207501	0.0	64074874	1536	260.0
1643137674.93	260000	38.816916	0.0	65041967	1532	260.0
1643137677.08	260000	40.361649	0.0	65860507	1683	260.0
1643137679.0	260000	42.02183	0.0	60900183	1465	260.0
1643137681.06	260000	43.726142	0.0	65223805	1474	260.0
1643137683.09	260000	45.218407	0.0	61492275	1546	260.0
1643137686.37	260000	46.62226	0.0	57534179	2862	260.0
1643137693.49	260000	47.326851	0.0	64191273	6675	260.0
1643137703.56	260000	47.584479	0.0	57421190	9634	260.0
1643137705.34	152400	49.15152	0.0	34143965	1321	44.80000000000001
1643137713.03	152400	49.812104	0.0	35599566	7371	152.4
1643137716.86	152400	51.086706	0.0	31880015	3448	152.4
1643137718.3	152400	52.932514	0.0	35467287	1132	152.4
1643137719.22	152400	54.781735	0.0	35220717	595	152.4
1643137720.07	152400	56.626585	0.0	32694645	555	152.4
1643137721.12	152400	58.406619	0.0	39805936	706	152.4
1643137723.86	260000	59.674157	0.0	53712380	778	152.4
1643137732.69	260000	59.938167	0.0	59826276	849	260.0
1643137740.62	260000	59.849077	0.0	58861434	1751	260.0
1643137746.71	260000	59.937585	0.0	53320981	1582	260.0
1643137751.94	260000	59.583744	0.0	62494429	1170	260.0
1643137757.69	260000	59.985249	0.0	53458888	2293	260.0
1643137762.37	260000	59.958444	0.0	53798130	3713	260.0
1643137767.34	260000	59.96879	0.0	61358299	2430	260.0
1643137778.0	260000	59.998488	0.0	50406269	3269	260.0
1643137788.52	260000	59.833048	0.0	43226513	9989	260.0
