1642918214.67	8200	1.999999	1.522	546328	1413	-395.72
1642918215.15	4900	3.530604	0.0	425156	296	1.6000000000000005
1642918215.76	4900	4.929059	0.0	613681	428	4.9
1642918216.41	4900	6.277866	0.0	607418	425	4.9
1642918217.99	4900	6.689464	0.0	2009327	468	4.9
1642918218.61	4900	8.072204	0.0	2133335	435	4.9
1642918219.74	11700	8.939733	0.0	5378836	912	4.8999999999999995
1642918222.65	8200	8.034477	0.0	3861716	2706	4.699999999999999
1642918225.22	8200	7.466024	0.0	3391749	2375	8.2
1642918229.48	11700	5.432406	0.0	4371099	4060	8.2
1642918231.11	8200	5.798506	0.0	2063908	1445	4.699999999999999
1642918231.84	11700	7.070467	0.0	2615238	541	8.2
1642918232.33	11700	8.574867	0.0	2255191	315	11.7
1642918233.55	11700	9.418506	0.0	2392223	1036	11.7
1642918233.83	11700	11.27914	0.0	2491394	86	11.7
1642918234.1	11700	13.005976	0.0	2629283	90	11.7
1642918234.56	32800	14.551794	0.0	6963959	243	11.699999999999996
1642918234.83	11700	16.280419	0.0	2614451	87	-9.400000000000002
1642918235.04	4900	18.065641	0.0	1119258	37	-1.8999999999999995
1642918241.1	260000	14.004276	0.0	79414941	4736	4.900000000000006
1642918292.02	260000	2.2521	30.346	73704781	50267	-7629.96
1642918294.26	4900	3.732046	0.0	988609	1976	-250.2
1642918296.22	4900	5.307474	0.0	1009447	1712	4.9
1642918299.2	4900	6.627217	0.0	1002081	2809	4.9
1642918301.11	4900	8.143354	0.0	1052991	1739	4.9
1642918302.99	4900	8.849465	0.0	1019357	1715	4.9
1642918304.9	4900	8.940591	0.0	1039341	1728	4.9
1642918305.82	4900	10.015949	0.0	1056656	740	4.9
1642918307.75	4900	10.091971	0.0	1061067	1742	4.9
1642918309.7	4900	10.139441	0.0	1042935	1729	4.9
1642918310.62	4900	11.223695	0.0	1051931	736	4.9
1642918313.0	8200	10.835745	0.0	1716793	2201	4.8999999999999995
1642918315.42	8200	10.424201	0.0	1759635	2233	8.2
1642918317.87	8200	9.966378	0.0	1750652	1224	8.2
1642918320.29	8200	9.550733	0.0	1772983	2239	8.2
1642918321.74	8200	10.099393	0.0	1812602	1268	8.2
1642918323.15	8200	10.692762	0.0	1754228	1226	8.2
1642918327.2	11700	8.641069	0.0	2654985	3859	8.2
1642918328.86	11700	8.979177	0.0	2594029	1476	11.7
1642918329.72	11700	10.117986	0.0	2522793	681	11.7
1642918330.38	11700	11.463693	0.0	2591593	452	11.7
1642918331.18	11700	12.658126	0.0	2642305	616	11.7
1642918331.81	8200	14.026165	0.0	1863991	434	4.699999999999999
1642918333.78	32800	14.060255	0.0	7871221	1758	8.199999999999996
1642918335.25	32800	14.588959	0.0	7236548	1265	32.8
1642918336.81	32800	15.034764	0.0	7418057	1298	32.8
1642918338.34	32800	15.503404	0.0	7580084	1326	32.8
1642918339.81	32800	16.02406	0.0	7306910	1278	32.8
1642918341.21	32800	16.629859	0.0	7790808	1197	32.8
1642918341.82	11700	18.02324	0.0	2573837	418	-9.400000000000002
1642918343.18	32800	18.657834	0.0	7565820	1164	11.699999999999996
1642918344.52	32800	19.324069	0.0	8064139	1129	32.8
1642918346.01	32800	19.841704	0.0	7308924	1279	32.8
1642918346.59	8200	21.485049	0.0	2075792	361	-16.400000000000002
1642918348.16	32800	21.907478	0.0	7845705	1373	8.199999999999996
1642918349.72	32800	22.609585	0.0	7682661	1344	32.8
1642918350.12	4900	24.206006	0.0	1257680	220	-23.0
1642918356.75	152400	19.76435	0.0	37213320	6264	4.900000000000006
1642918382.66	260000	2.342889	2.072	43226513	25436	-386.32000000000005
1642918383.5	4900	3.877717	0.0	1162569	604	-250.2
1642918383.77	152400	3.815764	0.0	629903	146	4.900000000000006

1642918384.24	8200	1.999999	0.188	385365	91	-48.88000000000001
1642918384.64	8200	3.630876	0.0	790650	184	8.2
1642918385.03	8200	5.240212	0.0	911646	211	8.2
1642918385.41	8200	6.863146	0.0	844970	195	8.2
1642918386.16	11700	8.107009	0.0	3938957	550	8.2
1642918386.9	8200	9.366681	0.0	3361033	546	4.699999999999999
1642918387.94	11700	10.324918	0.0	5378836	836	8.2
1642918390.48	32800	9.790519	0.0	15851372	2220	11.699999999999996
1642918392.87	32800	9.545229	0.0	14688721	2145	32.8
1642918394.87	32800	9.55229	0.0	12381646	1766	32.8
1642918395.45	11700	10.969965	0.0	3375218	392	-9.400000000000002
1642918396.6	32800	11.865424	0.0	7987681	944	11.699999999999996
1642918396.71	11700	13.772912	0.0	2255191	8	-9.400000000000002
1642918397.77	32800	14.717505	0.0	6462926	857	11.699999999999996
1642918398.78	32800	15.936004	0.0	6930236	808	32.8
1642918399.75	32800	17.417305	0.0	7176786	768	32.8
1642918400.56	32800	18.916454	0.0	6963959	614	32.8
1642918401.64	32800	20.316908	0.0	7320305	871	32.8
1642918411.74	152400	14.828433	0.0	37608977	9579	32.80000000000001
