1642843623.38	8200	1.999999	1.506	546328	414	-391.56
1642843624.04	8200	3.34688	0.0	790650	552	8.2
1642843624.78	8200	4.60392	0.0	911646	637	8.2
1642843625.47	8200	5.908782	0.0	844970	591	8.2
1642843629.76	8200	3.625472	0.0	2973194	4165	8.2
1642843632.39	8200	2.988792	0.0	3361033	2509	8.2
1642843633.25	8200	4.129264	0.0	3920262	728	8.2
1642843634.42	11700	4.965636	0.0	4892753	1037	8.2
1642843645.99	11700	4.061543	0.463	1563332	964	-108.67999999999999
1642843646.01	11700	4.043269	0.0	1563332	964	11.7
1642843646.02	8200	4.0362	0.0	1563332	964	4.699999999999999
1642843646.02	11700	4.03	0.0	1563332	964	8.2
1642843646.46	11700	5.588898	0.0	2392223	336	11.7
1642843646.92	11700	7.128614	0.0	2491394	348	11.7
1642843648.01	11700	8.044976	0.0	2629283	976	11.7
1642843648.25	11700	9.808029	0.0	2662617	124	11.7
1642843648.74	32800	11.31814	0.0	7320305	353	11.699999999999996
1642843649.16	32800	12.891807	0.0	7420242	296	32.8
1642843649.55	32800	14.507216	0.0	7455282	257	32.8
1642843651.38	152400	14.678712	0.0	36020729	1425	32.80000000000001
1642843654.72	152400	13.333678	0.0	36493721	3025	152.4
1642843667.63	152400	4.931989	0.0	7253832	7481	152.4
1642843678.49	32800	17.67944	0.0	1030869	723	-86.8
1642843678.5	8200	17.66908	0.0	1030869	723	-16.400000000000002
1642843680.84	8200	17.333741	0.0	1759635	2235	8.2
1642843692.54	8200	47.629184	0.0	1218020	426	8.2
1642843692.55	11700	47.619454	0.0	1218020	426	8.2
1642843693.63	11700	48.537064	0.0	2785470	974	11.7
1642843694.71	11700	49.459041	0.0	2752189	963	11.7
1642843695.83	11700	50.336999	0.0	2884569	1009	11.7
1642843698.92	11700	49.246962	0.0	2854371	2979	11.7
1642843702.55	11700	47.618814	0.0	2998361	3099	11.7
