1642943819.84	8200	1.999999	0.268	546328	168	-69.68
1642943820.13	260000	3.721745	0.0	1757078	96	8.199999999999989
1642943820.32	260000	5.527358	0.0	1560847	18	260.0
1642943820.52	260000	7.329774	0.0	1542805	17	260.0
1642943823.06	152400	6.792179	0.0	68504102	1380	44.80000000000001
1642943824.55	152400	7.307505	0.0	56494032	1033	152.4
1642943827.25	260000	6.603438	0.0	84756689	1944	152.4
1642943829.86	260000	7.538317	0.0	85798884	1798	260.0
1642943832.23	260000	8.917401	0.0	86059829	1771	260.0
1642943834.61	260000	10.530737	0.0	83431241	1758	260.0
1642943837.13	260000	12.054746	0.0	82198417	1776	260.0
1642943839.66	260000	13.382836	0.0	79299299	1731	260.0
1642943842.17	260000	14.581744	0.0	75092129	1758	260.0
1642943844.44	260000	16.034145	0.0	78844622	1668	260.0
1642943846.71	260000	17.647941	0.0	77654479	1532	260.0
1642943848.64	260000	19.319392	0.0	75220977	1381	260.0
1642943850.78	260000	20.922338	0.0	79740890	1364	260.0
1642943853.21	260000	22.380983	0.0	78574581	1851	260.0
1642943855.39	260000	23.995704	0.0	78901633	1497	260.0
1642943857.37	260000	25.684047	0.0	79414941	1322	260.0
1642943859.27	260000	27.431438	0.0	73704781	1158	260.0
1642943861.28	260000	29.044218	0.0	80783826	1190	260.0
1642943863.11	260000	30.811344	0.0	77638812	1109	260.0
1642943864.68	260000	32.476454	0.0	74749470	1031	260.0
1642943866.61	260000	34.231351	0.0	75910911	1353	260.0
1642943868.65	260000	35.818254	0.0	74070687	1505	260.0
1642943870.92	260000	37.488092	0.0	73938718	1646	260.0
1642943873.18	260000	38.940546	0.0	73613985	1695	260.0
1642943875.26	260000	40.560098	0.0	69503182	1534	260.0
1642943877.52	260000	42.250259	0.0	72822670	1712	260.0
1642943879.92	260000	43.872766	0.0	70991563	1782	260.0
1642943882.13	260000	45.412587	0.0	66218671	1680	260.0
1642943884.89	260000	46.885489	0.0	71469145	2210	260.0
1642943887.5	260000	48.430261	0.0	64074874	2025	260.0
1642943890.2	260000	50.083383	0.0	65041967	2177	260.0
1642943892.64	260000	51.664896	0.0	65860507	1927	260.0
1642943894.88	260000	52.966505	0.0	60900183	1683	260.0
1642943897.2	260000	54.820608	0.0	65223805	1784	260.0
1642943899.22	260000	56.521202	0.0	61492275	1536	260.0
1642943901.21	260000	58.115155	0.0	57534179	1452	260.0
1642943903.24	260000	59.712388	0.0	64191273	1440	260.0
1642943912.58	260000	59.820767	0.0	57421190	1379	260.0
1642943924.16	260000	59.867363	0.0	60358582	1518	260.0
1642943934.15	260000	59.909605	0.0	60581734	1426	260.0
1642943945.26	260000	59.887373	0.0	55686462	1558	260.0
1642943956.87	260000	59.86226	0.0	61687104	1475	260.0
1642943967.92	260000	59.859287	0.0	56994559	1508	260.0
1642943977.96	260000	59.539535	0.0	55162012	1449	260.0
1642943988.95	260000	59.905707	0.0	63612323	1827	260.0
1642943999.37	260000	59.795425	0.0	53712380	1381	260.0
1642944008.88	260000	59.839084	0.0	59826276	1849	260.0
