1643764262.35	8200	1.999999	0.517	546328	412	-134.42
1643764263.01	8200	3.340229	0.0	790650	552	8.2
1643764263.77	8200	4.586134	0.0	911646	638	8.2
1643764264.19	8200	6.161974	0.0	844970	312	8.2
1643764266.2	11700	6.147512	0.0	3938957	1879	8.2
1643764268.91	11700	5.437954	0.0	4536725	2579	11.7
1643764271.93	11700	4.421494	0.0	5378836	2879	11.7
1643764274.6	11700	3.78083	0.0	4892753	2547	11.7
1643764277.27	11700	3.100036	0.0	5587559	2562	11.7
1643764279.42	11700	2.953566	0.0	4371099	2030	11.7
1643764280.71	11700	3.662651	0.0	3375218	1179	11.7
1643764282.57	11700	3.805537	0.0	2615238	1739	11.7
1643764283.6	11700	4.779822	0.0	2255191	904	11.7
1643764284.54	11700	5.834953	0.0	2392223	836	11.7
1643764286.13	11700	6.247823	0.0	2491394	1474	11.7
1643764287.5	11700	6.874935	0.0	2629283	1263	11.7
1643764290.17	11700	6.209934	0.0	2662617	2552	11.7
1643764293.11	11700	5.267383	0.0	2614451	2830	11.7
1643764295.54	8200	4.839149	2.354	1872134	2310	4.699999999999999
1643764298.02	8200	4.360514	0.0	1934696	2354	8.2
1643764298.94	4900	5.436597	0.0	1166756	816	1.6000000000000005
1643764299.74	4900	6.639708	0.0	988609	691	4.9
1643764301.55	4900	6.823758	0.0	1009447	1712	4.9
1643764304.14	4900	6.230281	0.0	1002081	2469	4.9
1643764304.62	4900	7.760023	0.0	1052991	368	4.9
1643764305.24	4900	9.138088	0.0	1019357	519	4.9
1643764307.07	4900	9.306849	0.0	1039341	1728	4.9
1643764307.91	4900	10.461331	0.0	1056656	739	4.9
1643764308.27	4900	12.101059	0.0	1061067	248	4.9
1643764308.62	4900	13.753123	0.0	1042935	243	4.9
1643764309.0	4900	15.377119	0.0	1051931	274	4.9
1643764309.46	4900	16.912895	0.0	1030869	360	4.9
1643764311.59	11700	16.785997	0.0	2448718	1037	4.8999999999999995
1643764312.13	11700	18.242394	0.0	2478629	435	11.7
1643764312.53	11700	19.84155	0.0	2529063	294	11.7
1643764312.96	11700	21.416605	0.0	2621613	319	11.7
1643764313.51	11700	22.865203	0.0	2518225	440	11.7
1643764314.03	11700	24.345501	0.0	2654985	409	11.7
1643764315.04	32800	25.337613	0.0	7344127	875	11.699999999999996
1643764316.1	32800	26.272919	0.0	7064203	923	32.8
1643764316.97	32800	27.402364	0.0	7516082	740	32.8
1643764317.67	32800	28.709159	0.0	7278398	566	32.8
1643764318.34	32800	30.032712	0.0	7481760	537	32.8
1643764319.01	32800	31.367926	0.0	7871221	530	32.8
1643764319.53	32800	32.848519	0.0	7236548	390	32.8
1643764320.05	32800	34.326318	0.0	7418057	390	32.8
1643764320.58	32800	35.799762	0.0	7580084	378	32.8
1643764321.09	32800	37.291052	0.0	7306910	376	32.8
1643764321.64	32800	38.731296	0.0	7790808	420	32.8
1643764326.83	260000	35.548268	0.0	53712380	4667	32.80000000000001
1643764327.72	32800	36.659481	0.0	7565820	756	-194.39999999999998
1643764328.77	32800	37.603717	0.0	8064139	925	32.8
1643764329.75	32800	38.624881	0.0	7308924	853	32.8
1643764330.81	32800	39.56757	0.0	7936123	927	32.8
1643764332.03	32800	40.340311	0.0	7845705	1097	32.8
1643764333.09	32800	41.286582	0.0	7682661	925	32.8
1643764333.83	32800	42.544076	0.0	8703604	609	32.8
1643764334.4	32800	43.972293	0.0	8166986	439	32.8
1643764334.98	32800	45.397601	0.0	8155312	442	32.8
1643764335.64	32800	46.735446	0.0	9057843	528	32.8
1643764335.75	32800	46.653748	0.0	296571	15	32.8

1643764336.15	8200	1.999999	0.121	427088	24	-31.46
1643764336.36	32800	3.825376	0.0	1705511	92	8.199999999999996
1643764336.55	32800	5.630424	0.0	1560846	87	32.8
1643764336.74	32800	7.442328	0.0	1542804	82	32.8
1643764337.63	32800	8.555982	0.0	12166782	703	32.8
1643764338.57	32800	9.61146	0.0	15664097	767	32.8
1643764339.48	32800	10.704099	0.0	15560661	739	32.8
1643764344.21	260000	7.976087	0.0	85798884	3981	32.80000000000001
1643764349.79	260000	6.403023	0.0	86059829	4963	260.0
1643764354.22	260000	5.607621	0.0	83431241	3892	260.0
1643764357.97	260000	7.351022	0.0	82198417	3258	260.0
1643764362.06	260000	8.60972	0.0	79299299	3647	260.0
1643764365.92	260000	10.15912	0.0	75092129	3412	260.0
1643764370.78	260000	11.232096	0.0	78844622	4290	260.0
1643764377.29	260000	12.281172	0.0	77654479	6036	260.0
1643764378.67	32800	14.039985	0.0	7176786	1155	-194.39999999999998
1643764379.44	32800	15.793072	0.0	6963959	643	32.8
1643764380.29	32800	17.793072	0.0	7320305	729	32.8
1643764381.28	32800	19.610191	0.0	7420242	866	32.8
1643764382.19	32800	21.423756	0.0	7455282	783	32.8
1643764383.02	32800	23.205603	0.0	7960895	687	32.8
1643764383.64	32800	25.205603	0.0	6396912	497	32.8
1643764384.29	32800	27.06747	0.0	7253832	525	32.8
1643764384.91	32800	28.796996	0.0	7034316	492	32.8
1643764385.59	32800	30.796996	0.0	7133512	555	32.8
1643764386.23	32800	32.796996	0.0	7041401	516	32.8
1643764386.87	32800	34.656137	0.0	7143328	503	32.8
1643764387.42	32800	36.50739	0.0	7338535	431	32.8
1643764387.96	32800	38.358851	0.0	6896645	417	32.8
1643764388.61	32800	40.358851	0.0	6714054	523	32.8
1643764389.26	32800	41.976408	0.0	7018701	509	32.8
1643764389.87	32800	43.976408	0.0	6838204	479	32.8
1643764390.49	32800	45.976408	0.0	6922846	495	32.8
1643764391.11	32800	47.976408	0.0	6926196	501	32.8
1643764391.78	32800	49.830595	0.0	7072104	550	32.8
1643764392.49	32800	51.652408	0.0	7515735	583	32.8
1643764393.16	32800	53.604672	0.0	7011028	545	32.8
1643764393.85	32800	55.464143	0.0	7307337	568	32.8
1643764394.55	32800	57.316004	0.0	7344127	572	32.8
1643764395.16	32800	59.171356	0.0	7064203	478	32.8
1643764403.22	32800	59.884034	0.0	7516082	439	32.8
1643764413.32	32800	59.831382	0.0	7278398	881	32.8
1643764424.54	32800	59.871769	0.0	7481760	997	32.8
1643764434.87	32800	59.905267	0.0	7871221	1113	32.8
1643764444.9	32800	59.992755	0.0	7236548	814	32.8
1643764447.39	32800	59.872102	0.0	7418057	777	32.8
1643764449.89	32800	59.730046	0.0	7580084	367	32.8
1643764451.86	32800	59.839449	0.0	7306910	336	32.8
1643764453.83	32800	59.865955	0.0	7790808	340	32.8
1643764456.85	32800	59.91375	0.0	7160738	387	32.8
1643764459.32	32800	59.841053	0.0	7565820	332	32.8
