1642946102.94	8200	1.999999	0.355	546328	251	-92.3
1642946103.26	260000	3.695181	0.0	1757078	125	8.199999999999989
1642946103.5	260000	5.458266	0.0	1560847	59	260.0
1642946103.73	260000	7.221472	0.0	1542805	59	260.0
1642946104.5	32800	8.451489	0.0	12166782	493	-194.39999999999998
1642946105.4	32800	9.557346	0.0	15664097	631	32.8
1642946109.2	152400	7.75858	0.0	68626847	2713	32.80000000000001
1642946113.0	152400	6.339293	0.0	72320713	3037	152.4
1642946116.8	152400	5.790684	0.0	70827999	3249	152.4
1642946119.38	152400	7.440622	0.0	51846012	2071	152.4
1642946122.68	152400	8.846141	0.0	57184643	2647	152.4
1642946125.04	152400	10.295742	0.0	48821461	1899	152.4
1642946128.91	260000	11.613351	0.0	75092129	3246	152.4
1642946132.74	260000	12.796982	0.0	78844622	3247	260.0
1642946136.22	260000	14.17664	0.0	77654479	2906	260.0
1642946139.94	260000	15.474855	0.0	75220977	3157	260.0
1642946144.22	260000	16.623883	0.0	79740890	3677	260.0
1642946152.43	260000	16.871115	0.0	78574581	7584	260.0
1642946160.12	260000	16.880567	0.0	78901633	6844	260.0
1642946165.35	260000	17.492094	0.0	79414941	4635	260.0
1642946167.16	260000	18.951371	0.0	73704781	1276	260.0
1642946168.71	260000	20.645396	0.0	80783826	952	260.0
1642946170.2	260000	22.237708	0.0	77638812	932	260.0
1642946171.54	260000	23.990797	0.0	74749470	659	260.0
1642946173.22	260000	25.566607	0.0	75910911	1122	260.0
1642946175.34	260000	27.105748	0.0	74070687	1556	260.0
1642946177.54	260000	28.801179	0.0	73938718	1628	260.0
1642946179.66	260000	30.379676	0.0	73613985	1546	260.0
1642946181.65	260000	31.798669	0.0	69503182	1449	260.0
1642946184.27	260000	33.476847	0.0	72822670	1881	260.0
1642946186.75	260000	35.029332	0.0	70991563	1967	260.0
1642946189.22	260000	36.504292	0.0	66218671	1961	260.0
1642946192.02	260000	37.982986	0.0	71469145	2125	260.0
1642946197.63	260000	39.069051	0.0	64074874	4939	260.0
1642946205.95	260000	39.555515	0.0	65041967	7726	260.0
1642946213.09	260000	40.140941	0.0	65860507	6541	260.0
1642946223.08	260000	40.500196	0.0	60900183	9492	260.0
1642946226.95	260000	41.82595	0.0	65223805	3146	260.0
1642946228.61	260000	43.593194	0.0	61492275	1048	260.0
1642946230.02	260000	45.306341	0.0	57534179	829	260.0
1642946231.37	260000	46.9326	0.0	64191273	799	260.0
1642946232.54	260000	48.783894	0.0	57421190	685	260.0
1642946233.87	260000	50.487471	0.0	60358582	785	260.0
1642946235.68	260000	52.275482	0.0	60581734	1140	260.0
1642946238.0	260000	53.815014	0.0	55686462	1756	260.0
1642946239.71	260000	55.480903	0.0	61687104	1030	260.0
1642946241.3	260000	57.079562	0.0	56994559	1099	260.0
1642946242.92	260000	58.93364	0.0	55162012	1094	260.0
1642946248.3	260000	59.87342	0.0	63612323	1364	260.0
1642946258.85	260000	59.88746	0.0	53712380	1049	260.0
1642946267.37	260000	59.932761	0.0	59826276	2418	260.0
1642946279.23	260000	59.873226	0.0	58861434	3310	260.0
1642946288.96	260000	59.823953	0.0	53320981	4103	260.0
