1642841721.98	8200	1.999999	0.354	546328	249	-92.04
1642841722.18	11700	3.802488	0.0	1102047	90	8.2
1642841722.31	32800	5.674733	0.0	1560846	18	11.699999999999996
1642841722.43	260000	7.548715	0.0	1542805	17	32.80000000000001
1642841724.94	260000	7.040029	0.0	83554460	1517	260.0
1642841726.3	152400	7.686276	0.0	56494032	864	44.80000000000001
1642841728.17	152400	7.811183	0.0	68626847	1362	152.4
1642841728.18	260000	7.796616	0.0	68626847	1362	152.4
1642841730.52	260000	7.885047	0.0	85798884	1638	260.0
1642841733.0	260000	9.422131	0.0	86059829	1767	260.0
1642841735.47	260000	10.892246	0.0	83431241	1813	260.0
1642841738.0	260000	12.526404	0.0	82198417	2027	260.0
1642841740.51	260000	14.047815	0.0	79299299	1839	260.0
1642841742.85	260000	15.563558	0.0	75092129	1708	260.0
1642841745.42	260000	16.839519	0.0	78844622	1868	260.0
1642841748.14	260000	18.171254	0.0	77654479	2257	260.0
1642841750.82	260000	19.781	0.0	75220977	2051	260.0
1642841753.55	260000	21.244588	0.0	79740890	2040	260.0
1642841755.9	260000	22.647046	0.0	78574581	1860	260.0
1642841771.09	260000	59.788846	0.0	7307337	86	260.0
1642841771.09	260000	59.788846	0.0	7307337	86	260.0
1642841783.62	260000	59.804487	0.0	61492275	1123	260.0
1642841795.55	260000	59.875172	0.0	2522793	510	260.0
1642841795.56	260000	59.875172	0.0	2522793	510	260.0
1642841807.01	260000	59.812936	0.0	2591593	505	260.0
1642841807.02	152400	59.812936	0.0	2591593	505	44.80000000000001
1642841807.03	32800	59.812936	0.0	2591593	505	-86.8
1642841817.9	32800	59.756833	0.0	7278398	665	32.8
1642841841.35	32800	59.727753	0.0	2765120	622	32.8
1642841841.35	32800	59.727753	0.0	2765120	622	32.8
1642841861.52	32800	59.824156	0.0	2728942	537	32.8
1642841861.53	32800	59.824156	0.0	2728942	537	32.8
1642841872.47	32800	59.876529	0.0	2718244	535	32.8
1642841872.47	32800	59.876529	0.0	2718244	535	32.8
1642841883.45	32800	59.479383	0.0	2695178	542	32.8
1642841883.46	32800	59.436116	0.0	2695178	542	32.8
1642841894.86	32800	59.596736	0.0	2644475	103	32.8
1642841894.87	152400	59.444162	0.0	2644475	103	32.80000000000001
1642841896.65	152400	59.726569	0.0	37188900	1530	152.4
1642841899.07	152400	59.604168	0.0	36607491	1652	152.4
1642841901.05	152400	59.691438	0.0	34872720	1710	152.4
1642841903.37	152400	59.459239	0.0	41004729	2050	152.4
1642841905.49	152400	59.390287	0.0	37213320	1845	152.4
1642841907.21	152400	59.670708	0.0	34267546	1500	152.4
1642841909.33	152400	59.584513	0.0	32823233	1376	152.4
1642841909.46	152400	59.45167	0.0	629903	30	152.4
