1643172856.39	8200	1.999999	0.295	546328	183	-76.7
1643172856.67	11700	3.733079	0.0	1102047	161	8.2
1643172856.93	11700	5.473419	0.0	1111083	154	11.7
1643172857.23	32800	7.171627	0.0	1542804	191	11.699999999999996
1643172858.49	32800	7.913437	0.0	12166782	1066	32.8
1643172859.94	32800	8.460216	0.0	15664097	1284	32.8
1643172861.23	32800	9.172691	0.0	15560661	1104	32.8
1643172862.44	32800	9.957619	0.0	15851372	1042	32.8
1643172863.74	32800	10.658671	0.0	14688721	1143	32.8
1643172864.94	32800	11.672095	0.0	12381646	1043	32.8
1643172867.27	32800	11.928058	0.0	10179458	2193	32.8
1643172867.95	32800	13.462236	0.0	7987681	559	32.8
1643172868.59	32800	15.094653	0.0	6249975	513	32.8
1643172869.26	32800	16.838703	0.0	6462926	551	32.8
1643172869.87	32800	18.407263	0.0	6930236	486	32.8
1643172870.5	32800	19.902734	0.0	7176786	503	32.8
1643172871.11	32800	21.715057	0.0	6963959	487	32.8
1643172871.71	32800	23.334947	0.0	7320305	466	32.8
1643172872.34	32800	24.904593	0.0	7420242	505	32.8
1643172873.12	32800	26.359962	0.0	7455282	652	32.8
1643172873.88	32800	27.911348	0.0	7960895	619	32.8
1643172874.86	32800	29.350345	0.0	6396912	862	32.8
1643172875.56	32800	30.923405	0.0	7253832	572	32.8
1643172876.1	32800	32.661525	0.0	7034316	411	32.8
1643172876.86	32800	34.257607	0.0	7133512	625	32.8
1643172877.74	32800	35.751919	0.0	7041401	747	32.8
1643172878.46	32800	37.273442	0.0	7143328	590	32.8
1643172879.01	32800	38.96136	0.0	7338535	428	32.8
1643172879.71	32800	40.450359	0.0	6896645	568	32.8
1643172883.78	32800	39.41047	0.0	6714054	3943	32.8
1643172884.24	11700	41.225472	0.0	2417206	33	-9.400000000000002
1643172884.38	11700	43.161137	0.0	2399895	33	11.7
1643172884.52	11700	45.022052	0.0	2448718	35	11.7
1643172884.66	11700	46.881742	0.0	2478629	34	11.7
1643172884.8	11700	48.79059	0.0	2529063	37	11.7
1643172886.32	260000	49.495147	0.0	65860507	879	11.699999999999989
1643172888.28	260000	49.772783	0.0	60900183	1554	260.0
1643172890.02	260000	50.241638	0.0	65223805	1215	260.0
1643172891.47	260000	50.91969	0.0	61492275	1031	260.0
1643172892.95	260000	51.500491	0.0	57534179	1085	260.0
1643172894.53	260000	51.957535	0.0	64191273	1191	260.0
1643172896.44	260000	52.227272	0.0	57421190	1524	260.0
1643172898.34	260000	52.474458	0.0	60358582	1415	260.0
1643172901.67	260000	51.44716	0.0	60581734	2977	260.0
1643172906.55	260000	49.122158	0.0	55686462	4476	260.0
1643172911.46	260000	46.609346	0.0	61687104	4513	260.0
1643172912.18	32800	47.967579	0.0	7580084	589	-194.39999999999998
1643172912.82	32800	49.328554	0.0	7306910	511	32.8
1643172913.44	32800	50.702591	0.0	7790808	498	32.8
1643172913.98	32800	52.163998	0.0	7160738	417	32.8
1643172914.52	32800	53.684114	0.0	7565820	415	32.8
1643172915.09	32800	55.120403	0.0	8064139	434	32.8
1643172915.72	32800	56.485621	0.0	7308924	511	32.8
1643172916.37	32800	57.913349	0.0	7936123	522	32.8
1643172916.96	32800	59.421588	0.0	7845705	457	32.8
1643172919.02	32800	59.544853	0.0	7682661	1930	32.8
1643172921.12	32800	59.607548	0.0	8703604	467	32.8
1643172922.73	32800	59.991745	0.0	8166986	477	32.8
1643172925.03	32800	59.79494	0.0	8155312	662	32.8
1643172927.33	32800	59.544914	0.0	9057843	168	32.8
1643172927.43	32800	59.291933	0.0	296571	4	32.8

1643172927.9	8200	1.999999	0.111	427088	7	-28.86
1643172928.05	32800	3.887903	0.0	1705511	31	8.199999999999996
1643172928.18	32800	5.756825	0.0	1560846	26	32.8
1643172928.2	32800	7.735095	0.0	1542804	3	32.8
1643172928.89	32800	9.05188	0.0	12166782	500	32.8
1643172934.56	32800	5.374358	0.0	15664097	5507	32.8
1643172936.52	11700	5.629593	0.0	5378836	1599	-9.400000000000002
1643172939.49	11700	5.635136	0.0	4892753	2859	11.7
1643172942.52	11700	5.520202	0.0	5587559	2914	11.7
1643172944.7	11700	5.343155	0.0	4371099	2061	11.7
1643172947.17	11700	4.868816	0.0	3375218	2362	11.7
1643172949.12	11700	5.152933	0.0	2615238	1831	11.7
1643172949.48	11700	6.787082	0.0	2255191	262	11.7
1643172949.87	11700	8.400894	0.0	2392223	278	11.7
1643172950.28	11700	10.014618	0.0	2491394	305	11.7
1643172952.02	11700	10.279213	0.0	2629283	1629	11.7
1643172952.5	11700	11.793186	0.0	2662617	372	11.7
1643172952.98	11700	13.313285	0.0	2614451	366	11.7
1643172953.47	11700	14.829689	0.0	2649932	372	11.7
1643172953.96	11700	16.340165	0.0	2700523	378	11.7
1643172954.51	11700	17.786388	0.0	2697360	440	11.7
1643172955.64	32800	18.652584	0.0	6396912	1009	11.699999999999996
1643172956.93	32800	19.36192	0.0	7253832	1159	32.8
1643172958.07	32800	20.223543	0.0	7034316	1014	32.8
1643172959.7	32800	20.599733	0.0	7133512	1496	32.8
1643172960.89	32800	21.410031	0.0	7041401	1063	32.8
1643172962.22	32800	22.081675	0.0	7143328	1200	32.8
1643172963.55	32800	22.745649	0.0	7338535	1204	32.8
1643172964.75	32800	23.547587	0.0	6896645	1073	32.8
1643172965.88	32800	24.412729	0.0	6714054	1007	32.8
1643172967.2	32800	25.107785	0.0	7018701	1179	32.8
1643172968.52	32800	25.777932	0.0	6838204	1197	32.8
1643172969.33	32800	26.970385	0.0	6922846	683	32.8
1643172969.67	32800	28.622463	0.0	6926196	220	32.8
1643172970.02	32800	30.271607	0.0	7072104	225	32.8
1643172970.28	32800	32.015518	0.0	7515735	127	32.8
1643172970.5	32800	33.794268	0.0	7011028	98	32.8
1643172970.72	32800	35.57466	0.0	7307337	92	32.8
1643172972.21	260000	36.082988	0.0	61492275	691	32.80000000000001
1643172973.45	260000	36.921403	0.0	57534179	877	260.0
1643172974.83	260000	37.813197	0.0	64191273	937	260.0
1643172975.99	260000	38.86724	0.0	57421190	786	260.0
1643172978.24	260000	38.790248	0.0	60358582	1850	260.0
1643172979.31	260000	39.924362	0.0	60581734	724	260.0
1643172980.56	260000	40.671981	0.0	55686462	934	260.0
1643172981.92	260000	41.442273	0.0	61687104	992	260.0
1643172983.21	260000	42.34087	0.0	56994559	936	260.0
1643172984.8	260000	42.74008	0.0	55162012	1199	260.0
1643172986.56	260000	43.026793	0.0	63612323	1356	260.0
1643172987.99	260000	43.659533	0.0	53712380	1107	260.0
1643172989.56	260000	44.238982	0.0	59826276	1185	260.0
1643172991.11	260000	44.733716	0.0	58861434	1186	260.0
1643172992.49	260000	45.551896	0.0	53320981	1039	260.0
1643172994.08	260000	45.958874	0.0	62494429	1199	260.0
1643172995.45	260000	46.827174	0.0	53458888	1040	260.0
1643172996.9	260000	47.597381	0.0	53798130	1019	260.0
1643172998.75	260000	47.750814	0.0	61358299	1462	260.0
1643173000.18	260000	48.323492	0.0	50406269	1114	260.0
1643173001.35	260000	49.175033	0.0	43226513	868	260.0
1643173002.33	260000	50.200093	0.0	35938085	696	260.0
1643173002.43	260000	50.126519	0.0	631698	8	260.0

1643173002.82	8200	1.999999	0.135	2049018	22	-35.1
1643173002.95	260000	3.899873	0.0	1757078	15	8.199999999999989
1643173002.98	32800	5.871937	0.0	1560846	4	-194.39999999999998
1643173003.0	32800	7.849797	0.0	1542804	5	32.8
1643173003.4	32800	9.455025	0.0	12166782	208	32.8
1643173005.92	260000	8.93117	0.0	88770741	1693	32.80000000000001
1643173008.1	260000	8.757459	0.0	84756689	1705	260.0
1643173010.22	260000	8.639016	0.0	85798884	1605	260.0
1643173012.58	260000	8.768487	0.0	86059829	1856	260.0
1643173015.2	260000	9.743459	0.0	83431241	2101	260.0
1643173017.54	260000	11.402709	0.0	82198417	1870	260.0
1643173020.06	260000	13.02897	0.0	79299299	2047	260.0
1643173023.28	260000	14.487713	0.0	75092129	2675	260.0
1643173027.56	260000	15.683123	0.0	78844622	3788	260.0
1643173032.11	260000	16.90956	0.0	77654479	4106	260.0
1643173038.05	260000	17.960646	0.0	75220977	5360	260.0
1643173044.8	260000	18.758637	0.0	79740890	6313	260.0
1643173046.24	32800	20.523685	0.0	7320305	1317	-194.39999999999998
1643173047.02	32800	22.364929	0.0	7420242	650	32.8
1643173047.68	32800	24.325915	0.0	7455282	535	32.8
1643173048.37	32800	26.118678	0.0	7960895	557	32.8
1643173048.42	32800	28.118678	0.0	6396912	12	32.8
1643173049.31	32800	30.031611	0.0	7253832	508	32.8
1643173049.87	32800	31.798572	0.0	7034316	447	32.8
1643173050.43	32800	33.798572	0.0	7133512	433	32.8
1643173050.98	32800	35.798572	0.0	7041401	411	32.8
1643173051.52	32800	37.620444	0.0	7143328	416	32.8
1643173052.07	32800	39.620444	0.0	7338535	428	32.8
1643173053.35	32800	41.380413	0.0	6896645	1167	32.8
1643173053.4	32800	43.329062	0.0	6714054	16	32.8
1643173054.39	32800	45.218148	0.0	7018701	864	32.8
1643173054.45	32800	47.218148	0.0	6838204	16	32.8
1643173054.51	32800	49.218148	0.0	6922846	17	32.8
1643173054.56	32800	51.218148	0.0	6926196	17	32.8
1643173054.61	32800	53.218148	0.0	7072104	18	32.8
1643173055.17	32800	55.054752	0.0	7515735	439	32.8
