1643147441.23	8200	1.999999	0.357	546328	257	-92.82
1643147441.83	260000	3.409672	0.0	1757078	410	8.199999999999989
1643147442.19	260000	5.052117	0.0	1560847	181	260.0
1643147442.59	260000	6.645614	0.0	1542805	180	260.0
1643147445.78	32800	5.461336	0.0	12166782	2888	-194.39999999999998
1643147446.31	11700	6.933553	0.0	4536725	323	-9.400000000000002
1643147447.72	32800	7.518934	0.0	15560661	1152	11.699999999999996
1643147448.45	11700	8.793295	0.0	4892753	523	-9.400000000000002
1643147449.02	8200	10.216331	0.0	3391749	387	4.699999999999999
1643147450.17	32800	11.562613	0.0	12381646	903	8.199999999999996
1643147454.15	152400	10.127456	0.0	57184643	2977	32.80000000000001
1643147456.35	152400	10.665488	0.0	48821461	1769	152.4
1643147458.22	152400	11.289256	0.0	44466772	1461	152.4
1643147460.21	152400	11.299523	0.0	45810515	1546	152.4
1643147463.27	260000	10.738615	0.0	77654479	2348	152.4
1643147466.18	260000	11.588273	0.0	75220977	2144	260.0
1643147469.24	260000	12.850979	0.0	79740890	2457	260.0
1643147472.27	260000	14.031961	0.0	78574581	2435	260.0
1643147475.66	260000	14.950624	0.0	78901633	2816	260.0
1643147478.98	260000	15.925063	0.0	79414941	2728	260.0
1643147482.06	260000	16.974816	0.0	73704781	2553	260.0
1643147486.75	260000	17.687728	0.0	80783826	4099	260.0
1643147492.08	260000	18.181354	0.0	77638812	4767	260.0
1643147504.78	260000	17.70361	0.0	74749470	12119	260.0
1643147508.2	260000	19.153397	0.0	75910911	1596	260.0
1643147510.17	260000	20.822068	0.0	74070687	1220	260.0
1643147512.68	260000	22.323973	0.0	73938718	1766	260.0
1643147515.04	260000	23.828531	0.0	73613985	1668	260.0
1643147517.09	260000	25.45817	0.0	69503182	1522	260.0
1643147519.68	260000	27.02752	0.0	72822670	1851	260.0
1643147522.08	260000	28.521957	0.0	70991563	1707	260.0
1643147524.17	260000	30.129203	0.0	66218671	1572	260.0
1643147526.49	260000	31.829151	0.0	71469145	1619	260.0
1643147528.57	260000	33.327517	0.0	64074874	1427	260.0
1643147530.44	260000	35.025093	0.0	65041967	1359	260.0
1643147532.4	260000	36.671736	0.0	65860507	1377	260.0
1643147534.48	260000	38.244122	0.0	60900183	1471	260.0
1643147536.6	260000	39.902697	0.0	65223805	1603	260.0
1643147538.81	260000	41.366102	0.0	61492275	1667	260.0
1643147540.74	260000	43.070259	0.0	57534179	1454	260.0
1643147542.79	260000	44.644218	0.0	64191273	1530	260.0
1643147544.6	260000	46.359594	0.0	57421190	1356	260.0
1643147546.61	260000	47.997066	0.0	60358582	1541	260.0
1643147548.57	260000	49.588055	0.0	60581734	1497	260.0
1643147550.88	260000	51.060135	0.0	55686462	1775	260.0
1643147555.63	260000	52.163779	0.0	61687104	4140	260.0
1643147559.09	260000	53.452221	0.0	56994559	2982	260.0
1643147564.64	260000	54.105694	0.0	55162012	4922	260.0
1643147567.44	260000	55.610562	0.0	63612323	2196	260.0
1643147570.21	260000	57.159167	0.0	53712380	2341	260.0
1643147573.89	260000	58.35344	0.0	59826276	3115	260.0
1643147577.42	260000	59.686188	0.0	58861434	2977	260.0
1643147586.21	260000	59.97293	0.0	53320981	3823	260.0
1643147597.67	260000	59.936198	0.0	62494429	2869	260.0
1643147607.64	260000	59.891811	0.0	53458888	3384	260.0
1643147617.54	260000	59.790772	0.0	53798130	2367	260.0
1643147627.76	260000	59.893736	0.0	61358299	3630	260.0
1643147636.67	260000	59.810154	0.0	50406269	2379	260.0
