1642948197.85	8200	1.999999	0.513	546328	412	-133.38
1642948199.27	260000	2.582896	0.0	1757078	1231	8.199999999999989
1642948202.82	260000	2.255517	1.236	1560847	3368	-61.360000000000014
1642948203.42	4900	3.659016	0.0	607418	425	-250.2
1642948205.81	4900	3.270154	0.0	2009327	2204	4.9
1642948206.49	4900	4.583649	0.0	2133335	497	4.9
1642948206.98	4900	6.094164	0.0	2134063	311	4.9
1642948207.47	4900	7.603361	0.0	2245725	313	4.9
1642948211.43	11700	5.644651	0.0	5587559	3746	4.8999999999999995
1642948214.68	11700	4.3974	0.0	4371099	3063	11.7
1642948218.27	11700	2.886814	0.0	3375218	3364	11.7
1642948219.67	8200	3.492103	0.0	1614484	1128	4.699999999999999
1642948220.17	11700	4.996923	0.0	2255191	314	8.2
1642948220.59	8200	6.572911	0.0	1704148	239	4.699999999999999
1642948221.75	11700	7.420819	0.0	2491394	962	8.2
1642948222.02	11700	9.145838	0.0	2629283	92	11.7
1642948222.48	32800	10.68455	0.0	6963959	243	11.699999999999996
1642948222.93	32800	12.234615	0.0	7320305	245	32.8
1642948223.38	32800	13.789409	0.0	7420242	247	32.8
1642948225.46	152400	13.711646	0.0	35738670	1479	32.80000000000001
1642948263.35	260000	2.017463	20.064	73704781	36848	-5064.240000000001
1642948264.39	8200	3.75179	0.0	1657573	774	-243.60000000000002
1642948267.14	32800	5.236041	0.0	7253832	2538	8.199999999999996
1642948269.89	32800	6.745143	0.0	7034316	2542	32.8
1642948278.57	32800	2.792395	0.0	7133512	8494	32.8
1642948280.58	8200	2.86335	0.0	1726085	799	-16.400000000000002
1642948284.23	8200	2.322119	0.931	1757517	2528	-233.86
1642948289.22	11700	2.321722	2.914	2472140	4796	-749.4399999999999
1642948291.61	8200	2.442611	0.31	1733219	2213	-75.89999999999999
1642948293.43	4900	2.629068	0.0	1042935	728	1.6000000000000005
1642948295.83	8200	2.252039	0.028	1734337	2213	-2.380000000000001
1642948297.74	4900	2.411771	0.0	1030869	1721	1.6000000000000005
1642948298.68	4900	3.468319	0.0	1101025	770	4.9
1642948299.64	4900	4.509564	0.0	1051211	734	4.9
1642948302.94	8200	3.208659	0.0	1772983	2240	4.8999999999999995
1642948305.39	8200	2.756123	0.0	1812602	2268	8.2
1642948307.8	8200	2.345252	0.0	1754228	2227	8.2
1642948309.29	8200	2.854571	0.0	1871666	1311	8.2
1642948310.74	8200	3.404712	0.0	1799999	1259	8.2
1642948313.16	8200	2.991139	0.0	1751990	2225	8.2
1642948315.63	8200	2.515112	0.0	1841735	2288	8.2
1642948316.88	8200	3.266813	0.0	1783207	1064	8.2
1642948317.71	8200	4.439762	0.0	1863991	643	8.2
1642948318.42	11700	5.732631	0.0	2765120	482	8.2
1642948319.18	11700	6.966737	0.0	2628469	578	11.7
1642948320.04	11700	8.111914	0.0	2728942	636	11.7
1642948321.94	32800	8.212075	0.0	7580084	1695	11.699999999999996
1642948323.41	32800	8.735684	0.0	7306910	1279	32.8
1642948324.11	11700	10.042539	0.0	2782060	494	-9.400000000000002
1642948324.75	11700	11.403803	0.0	2573837	450	11.7
1642948325.39	11700	12.755377	0.0	2659966	464	11.7
1642948325.78	4900	14.373894	0.0	1113857	195	-1.8999999999999995
1642948326.42	11700	15.731755	0.0	2644475	463	4.8999999999999995
1642948328.0	32800	16.145468	0.0	7936123	1388	11.699999999999996
1642948329.41	32800	17.015421	0.0	7845705	1202	32.8
1642948330.05	11700	18.373671	0.0	2752189	452	-9.400000000000002
1642948337.08	152400	13.340425	0.0	41004729	6678	11.700000000000017
1642948344.08	152400	8.406858	0.0	37213320	6529	152.4
1642948353.03	152400	4.634951	0.0	34267546	8637	152.4
1642948374.65	152400	2.411591	10.367	32823233	21231	-2543.02
1642948375.23	152400	1.911093	0.0	629903	373	152.4

1642948375.38	11700	1.911093	36.363	139786	22	-9454.38
1642948376.21	8200	1.999999	-35.776	2049018	473	9306.460000000001
1642948376.32	260000	3.938089	0.0	1757078	3	8.199999999999989
1642948376.42	260000	5.832892	0.0	1560847	4	260.0
1642948376.82	260000	7.43605	0.0	1542805	216	260.0
1642948387.22	152400	2.053594	2.93	68504102	9277	-717.0
1642948388.96	32800	3.589472	0.0	15664097	1493	-86.8
1642948391.38	32800	5.121783	0.0	15560661	2193	32.8
1642948392.67	11700	6.795302	0.0	4892753	1097	-9.400000000000002
1642948392.81	11700	8.795302	0.0	5587559	13	11.7
1642948395.68	32800	10.10593	0.0	12381646	2654	11.699999999999996
