1643159590.08	8200	1.999999	0.393	546328	251	-91.78
1643159590.29	11700	3.804681	0.0	1102047	88	8.2
1643159590.4	11700	5.691035	0.0	1111083	14	11.7
1643159590.51	11700	7.579981	0.0	1066380	11	11.7
1643159590.74	11700	9.354751	0.0	3938957	99	11.7
1643159591.29	32800	10.801692	0.0	15664097	273	11.699999999999996
1643159593.64	260000	10.453023	0.0	84756689	1015	32.80000000000001
1643159595.28	260000	10.809187	0.0	85798884	1118	260.0
1643159597.72	260000	10.371555	0.0	86059829	1677	260.0
1643159601.24	260000	9.429591	0.0	83431241	3020	260.0
1643159604.79	260000	7.876485	0.0	82198417	2826	260.0
1643159615.59	260000	9.820706	1.02	79299299	10204	260.0
1643159617.53	32800	11.566636	0.0	6249975	1722	-194.39999999999998
1643159617.86	32800	13.566636	0.0	6462926	203	32.8
1643159618.11	32800	15.510933	0.0	6930236	133	32.8
1643159618.38	32800	17.316969	0.0	7176786	140	32.8
1643159618.63	32800	19.316969	0.0	6963959	135	32.8
1643159618.92	32800	21.316969	0.0	7320305	159	32.8
1643159631.03	260000	21.203794	0.0	78901633	11455	32.80000000000001
1643159632.21	32800	23.034015	0.0	7455282	1045	-194.39999999999998
1643159633.24	32800	24.785177	0.0	7960895	892	32.8
1643159633.89	32800	26.623931	0.0	6396912	534	32.8
1643159634.4	32800	28.56294	0.0	7253832	391	32.8
1643159634.89	32800	30.56294	0.0	7034316	373	32.8
1643159635.34	32800	32.409109	0.0	7133512	334	32.8
1643159635.79	32800	34.35071	0.0	7041401	327	32.8
1643159636.2	32800	36.260782	0.0	7143328	294	32.8
1643159639.91	260000	37.54041	0.0	73613985	3284	32.80000000000001
1643159647.94	260000	38.209789	0.0	69503182	7630	260.0
1643159649.04	32800	40.011605	0.0	6714054	881	-194.39999999999998
1643159649.77	32800	41.877099	0.0	7018701	615	32.8
1643159651.35	32800	43.552096	0.0	6838204	1440	32.8
1643159652.36	32800	45.32001	0.0	6922846	892	32.8
1643159653.18	32800	47.32001	0.0	6926196	686	32.8
1643159654.19	32800	49.043435	0.0	7072104	881	32.8
1643159655.5	32800	50.893725	0.0	7515735	1180	32.8
1643159656.16	32800	52.552106	0.0	7011028	538	32.8
1643159656.68	32800	54.552106	0.0	7307337	394	32.8
1643159657.18	32800	56.552106	0.0	7344127	371	32.8
1643159657.66	32800	58.552106	0.0	7064203	354	32.8
1643159660.71	32800	59.942057	0.0	7516082	921	32.8
1643159671.23	32800	59.832801	0.0	7278398	390	32.8
1643159673.25	32800	59.846083	0.0	7481760	1800	32.8
1643159675.68	32800	59.738269	0.0	7871221	1295	32.8
1643159678.05	32800	59.538825	0.0	7236548	745	32.8
1643159679.86	32800	59.858677	0.0	7418057	678	32.8
1643159682.18	32800	59.600746	0.0	7580084	687	32.8
1643159684.39	32800	59.843146	0.0	7306910	573	32.8
1643159694.62	32800	59.602374	0.0	7790808	589	32.8
1643159696.65	32800	59.722694	0.0	7160738	808	32.8
1643159698.32	32800	59.973827	0.0	7565820	529	32.8
1643159700.69	32800	59.866604	0.0	8064139	736	32.8
1643159702.84	32800	59.752973	0.0	7308924	1519	32.8
1643159707.17	32800	58.023624	0.0	7936123	4177	32.8
1643159707.98	11700	59.262863	0.0	2785470	706	-9.400000000000002
1643159710.21	11700	59.59639	0.0	2752189	1039	11.7
1643159711.92	11700	59.908267	0.0	2884569	599	11.7
1643159722.71	11700	59.876209	0.0	2854371	665	11.7
1643159731.62	11700	59.610481	0.0	2998361	708	11.7
1643159733.41	11700	59.860406	0.0	3147034	587	11.7
1643159733.51	11700	59.729429	0.0	139786	8	11.7

1643159733.62	32800	59.615049	0.353	296571	17	-91.78
1643159733.63	11700	59.604069	0.0	139786	1	-9.400000000000002
1643159734.23	8200	1.999999	-0.155	385365	93	45.0
1643159734.25	11700	3.999999	0.0	1102047	2	8.2
1643159734.53	32800	5.722107	0.0	1560846	172	11.699999999999996
1643159734.73	32800	7.527024	0.0	1542804	92	32.8
1643159735.63	32800	8.624982	0.0	12166782	709	32.8
1643159736.57	32800	9.68569	0.0	15664097	750	32.8
1643159737.43	32800	10.823341	0.0	15560661	690	32.8
1643159738.3	32800	11.960954	0.0	15851372	671	32.8
1643159742.69	260000	9.768092	0.0	86059829	3268	32.80000000000001
1643159746.54	260000	8.980675	0.0	83431241	3141	260.0
1643159752.09	260000	7.859648	0.0	82198417	4875	260.0
1643159758.12	260000	7.644023	0.0	79299299	5594	260.0
1643159759.2	32800	9.335519	0.0	6249975	870	-194.39999999999998
1643159759.89	32800	11.335519	0.0	6462926	563	32.8
1643159760.62	32800	13.227707	0.0	6930236	606	32.8
1643159761.55	32800	15.046833	0.0	7176786	799	32.8
1643159762.8	32800	16.930896	0.0	6963959	1126	32.8
1643159764.01	32800	18.683799	0.0	7320305	1087	32.8
1643159764.72	32800	20.540245	0.0	7420242	575	32.8
1643159765.96	32800	22.393453	0.0	7455282	1108	32.8
1643159766.21	32800	24.212422	0.0	7960895	119	32.8
1643159766.44	32800	26.154534	0.0	6396912	114	32.8
1643159766.68	32800	28.154534	0.0	7253832	113	32.8
1643159766.92	32800	30.154534	0.0	7034316	113	32.8
1643159767.16	32800	32.154534	0.0	7133512	107	32.8
1643159768.99	260000	33.853575	0.0	74070687	1411	32.80000000000001
1643159772.48	260000	35.161591	0.0	73938718	3061	260.0
1643159774.06	260000	36.921086	0.0	73613985	925	260.0
1643159776.06	260000	38.545619	0.0	69503182	1373	260.0
1643159778.24	260000	40.164456	0.0	72822670	1697	260.0
1643159780.78	260000	41.711238	0.0	70991563	2044	260.0
1643159783.24	260000	43.336391	0.0	66218671	1778	260.0
1643159785.96	260000	44.799024	0.0	71469145	2120	260.0
1643159788.21	260000	46.486092	0.0	64074874	1856	260.0
