1642918850.11	8200	1.999999	0.35	546328	250	-91.0
1642918850.39	260000	3.726538	0.0	1757078	98	8.199999999999989
1642918850.58	260000	5.534571	0.0	1560847	19	260.0
1642918850.78	260000	7.337855	0.0	1542805	21	260.0
1642918851.29	32800	8.826734	0.0	12166782	226	-194.39999999999998
1642918851.88	32800	10.244785	0.0	15664097	290	32.8
1642918854.35	152400	9.770227	0.0	68626847	1601	32.80000000000001
1642918858.06	260000	8.057971	0.0	85798884	2847	152.4
1642918862.82	260000	7.236424	0.0	86059829	3980	260.0
1642918874.1	260000	6.082853	0.0	83431241	10565	260.0
1642918886.58	260000	6.034921	0.0	82198417	11774	260.0
1642918891.18	152400	7.283188	0.0	48821461	4168	44.80000000000001
1642918893.6	152400	8.935489	0.0	44466772	1905	152.4
1642918896.23	152400	10.558099	0.0	45810515	2202	152.4
1642918901.38	152400	11.550021	0.0	42807747	4785	152.4
1642918905.58	152400	12.792068	0.0	40301174	3870	152.4
1642918911.61	152400	13.842012	0.0	39676104	5695	152.4
1642918915.91	152400	15.04561	0.0	40793176	3836	152.4
1642918918.37	152400	16.621359	0.0	37608977	2101	152.4
1642918924.77	152400	17.097014	0.0	35738670	6033	152.4
1642918932.32	152400	17.017933	0.0	36020729	6989	152.4
1642918936.02	152400	17.833985	0.0	36493721	3342	152.4
1642918939.02	152400	18.942406	0.0	37585290	2679	152.4
1642918940.96	152400	20.19374	0.0	34459282	1536	152.4
1642918942.93	152400	21.638783	0.0	37576374	1620	152.4
1642918945.46	152400	22.844391	0.0	34095545	2154	152.4
1642918950.6	260000	23.258289	0.0	73938718	4433	152.4
1642918957.53	260000	22.794938	0.0	73613985	6312	260.0
1642918977.78	260000	17.80173	0.0	69503182	19643	260.0
1642918986.83	260000	16.478677	0.0	72822670	8219	260.0
1642918989.29	152400	17.545264	0.0	33877878	2091	44.80000000000001
1642918991.4	152400	18.730773	0.0	31988631	1782	152.4
1642918993.33	152400	19.855762	0.0	34031025	1582	152.4
1642918995.02	152400	21.328681	0.0	30869167	1284	152.4
1642918998.02	260000	22.072197	0.0	65041967	2398	152.4
1642919001.09	260000	23.117431	0.0	65860507	2452	260.0
1642919004.12	260000	23.798399	0.0	60900183	2583	260.0
1642919009.23	260000	23.791252	0.0	65223805	4624	260.0
1642919014.04	260000	24.940515	0.0	61492275	4387	260.0
1642919020.51	260000	25.762812	0.0	57534179	5983	260.0
1642919027.15	260000	26.523325	0.0	64191273	6048	260.0
1642919028.76	260000	28.252266	0.0	57421190	1160	260.0
1642919030.22	260000	29.799832	0.0	60358582	987	260.0
1642919031.51	260000	31.644347	0.0	60581734	879	260.0
1642919032.77	260000	33.337682	0.0	55686462	846	260.0
1642919034.61	260000	34.975444	0.0	61687104	1216	260.0
1642919036.5	260000	36.56166	0.0	56994559	1369	260.0
1642919038.2	260000	38.181005	0.0	55162012	1266	260.0
1642919040.26	260000	39.627821	0.0	63612323	1609	260.0
1642919041.94	260000	41.190612	0.0	53712380	1284	260.0
1642919044.15	260000	42.782652	0.0	59826276	1546	260.0
1642919046.37	260000	44.377496	0.0	58861434	1703	260.0
1642919048.36	260000	45.796313	0.0	53320981	1515	260.0
