1643170824.36	8200	1.999999	0.355	546328	249	-92.3
1643170824.56	11700	3.807384	0.0	1102047	91	8.2
1643170824.67	11700	5.691784	0.0	1111083	13	11.7
1643170824.79	11700	7.579078	0.0	1066380	11	11.7
1643170825.0	11700	9.37122	0.0	3938957	82	11.7
1643170825.48	32800	10.884783	0.0	15664097	278	11.699999999999996
1643170827.8	260000	10.565606	0.0	84756689	1422	32.80000000000001
1643170830.2	260000	10.16386	0.0	85798884	1741	260.0
1643170832.6	260000	9.76161	0.0	86059829	1906	260.0
1643170834.51	260000	9.949679	0.0	83431241	1441	260.0
1643170836.41	260000	10.763782	0.0	82198417	1468	260.0
1643170838.56	260000	11.757068	0.0	79299299	1543	260.0
1643170840.5	260000	13.457252	0.0	75092129	1441	260.0
1643170843.15	260000	14.902445	0.0	78844622	2034	260.0
1643170845.36	260000	16.507233	0.0	77654479	1657	260.0
1643170847.68	260000	18.277999	0.0	75220977	1880	260.0
1643170850.35	260000	19.853861	0.0	79740890	2110	260.0
1643170852.67	260000	21.610609	0.0	78574581	1864	260.0
1643170855.05	260000	23.153482	0.0	78901633	1789	260.0
1643170857.09	260000	24.758822	0.0	79414941	1600	260.0
1643170858.85	260000	26.348421	0.0	73704781	1325	260.0
1643170861.03	260000	28.108523	0.0	80783826	1694	260.0
1643170863.08	260000	29.786782	0.0	77638812	1600	260.0
1643170865.16	260000	31.44362	0.0	74749470	1626	260.0
1643170867.04	260000	33.167762	0.0	75910911	1454	260.0
1643170868.84	260000	34.762279	0.0	74070687	1272	260.0
1643170870.4	260000	36.569046	0.0	73938718	1131	260.0
1643170872.12	260000	38.345983	0.0	73613985	1118	260.0
1643170874.24	260000	40.051483	0.0	69503182	1726	260.0
1643170876.52	260000	41.554718	0.0	72822670	1872	260.0
1643170879.03	260000	43.16188	0.0	70991563	2129	260.0
1643170881.41	260000	44.767135	0.0	66218671	1919	260.0
1643170883.88	260000	46.318208	0.0	71469145	2025	260.0
1643170885.96	260000	47.824034	0.0	64074874	1744	260.0
1643170887.9	260000	49.601345	0.0	65041967	1599	260.0
1643170889.72	260000	51.286545	0.0	65860507	1453	260.0
1643170891.3	260000	52.904834	0.0	60900183	1193	260.0
1643170892.83	260000	54.619626	0.0	65223805	1115	260.0
1643170894.1	260000	56.380632	0.0	61492275	940	260.0
1643170895.21	260000	58.229062	0.0	57534179	773	260.0
1643170896.75	260000	59.910628	0.0	64191273	1090	260.0
1643170907.33	260000	59.826378	0.0	57421190	1218	260.0
1643170918.76	260000	59.841875	0.0	60358582	1494	260.0
1643170929.77	260000	59.816966	0.0	60581734	1533	260.0
1643170940.25	260000	59.912212	0.0	55686462	1501	260.0
1643170951.21	260000	59.856403	0.0	61687104	1534	260.0
1643170961.64	260000	59.903747	0.0	56994559	1522	260.0
1643170972.62	260000	59.822551	0.0	55162012	1502	260.0
1643170983.15	260000	59.786309	0.0	63612323	1497	260.0
1643170993.75	260000	59.793032	0.0	53712380	3656	260.0
1643171003.54	260000	59.793406	0.0	59826276	2773	260.0
1643171015.0	260000	59.887274	0.0	58861434	1521	260.0
