1642914657.06	8200	1.999999	0.35	546328	250	-91.0
1642914657.35	260000	3.718751	0.0	1757078	98	8.199999999999989
1642914657.54	260000	5.526682	0.0	1560847	18	260.0
1642914657.73	260000	7.332932	0.0	1542805	18	260.0
1642914658.32	32800	8.747967	0.0	12166782	270	-194.39999999999998
1642914658.93	32800	10.136515	0.0	15664097	335	32.8
1642914660.88	152400	10.191088	0.0	68626847	1025	32.80000000000001
1642914662.78	152400	10.286725	0.0	72320713	1375	152.4
1642914665.69	260000	9.628691	0.0	86059829	2031	152.4
1642914668.45	260000	9.649434	0.0	83431241	2109	260.0
1642914671.67	260000	9.722443	0.0	82198417	2635	260.0
1642914674.79	260000	11.226071	0.0	79299299	2372	260.0
1642914680.78	260000	12.043837	0.0	75092129	5234	260.0
1642914687.47	152400	12.834999	0.0	45810515	6231	44.80000000000001
1642914693.65	152400	13.620297	0.0	42807747	5765	152.4
1642914699.57	152400	14.691573	0.0	40301174	5444	152.4
1642914708.93	152400	15.056574	0.0	39676104	8900	152.4
1642914712.67	32800	16.232224	0.0	7320305	3440	-86.8
1642914715.39	32800	17.848774	0.0	7420242	2529	32.8
1642914716.13	11700	19.711257	0.0	2700523	548	-9.400000000000002
1642914717.0	11700	21.567999	0.0	2697360	688	11.7
1642914718.18	11700	23.318443	0.0	2343098	1003	11.7
1642914719.07	4900	25.177542	0.0	1009447	706	-1.8999999999999995
1642914723.02	32800	26.450519	0.0	7034316	3745	4.899999999999999
1642914724.59	32800	28.120926	0.0	7133512	1370	32.8
1642914725.98	32800	29.797038	0.0	7041401	1186	32.8
1642914727.27	32800	31.753417	0.0	7143328	1085	32.8
1642914728.82	32800	33.520694	0.0	7338535	1284	32.8
1642914730.43	32800	35.190612	0.0	6896645	1414	32.8
1642914731.8	32800	36.901639	0.0	6714054	1175	32.8
1642914733.15	32800	38.674082	0.0	7018701	1151	32.8
1642914734.31	32800	40.560168	0.0	6838204	957	32.8
1642914738.23	152400	41.707121	0.0	34031025	3566	32.80000000000001
1642914741.25	152400	43.092895	0.0	30869167	2695	152.4
1642914744.43	152400	44.433207	0.0	31753337	2792	152.4
1642914747.47	260000	45.834347	0.0	65860507	2463	152.4
1642914751.96	260000	46.321133	0.0	60900183	3986	260.0
1642914753.19	260000	47.808849	0.0	65223805	805	260.0
1642914754.32	260000	49.638746	0.0	61492275	706	260.0
1642914755.56	260000	51.181996	0.0	57534179	714	260.0
1642914757.19	260000	52.788862	0.0	64191273	1005	260.0
1642914759.3	260000	53.86368	0.0	57421190	1667	260.0
1642914761.42	260000	55.283352	0.0	60358582	1583	260.0
1642914763.59	260000	56.686512	0.0	60581734	1636	260.0
1642914765.55	260000	57.834809	0.0	55686462	1447	260.0
1642914767.7	260000	59.274843	0.0	61687104	1692	260.0
1642914771.79	260000	59.87912	0.0	56994559	1673	260.0
1642914774.24	260000	59.845678	0.0	55162012	1540	260.0
1642914776.62	260000	59.617254	0.0	63612323	1852	260.0
1642914778.65	260000	59.583692	0.0	53712380	1426	260.0
1642914780.94	260000	59.290488	0.0	59826276	1787	260.0
1642914783.35	260000	58.88685	0.0	58861434	1858	260.0
1642914785.64	260000	58.593682	0.0	53320981	1701	260.0
1642914788.15	260000	58.079695	0.0	62494429	2021	260.0
1642914790.79	260000	57.441843	0.0	53458888	2192	260.0
1642914793.21	260000	57.023652	0.0	53798130	2029	260.0
1642914795.97	260000	56.269584	0.0	61358299	2243	260.0
1642914798.26	260000	56.059634	0.0	50406269	1936	260.0
1642914800.12	260000	56.489824	0.0	43226513	1519	260.0
1642914801.72	260000	57.26362	0.0	35938085	1332	260.0
1642914801.85	260000	57.164123	0.0	631698	5	260.0

1642914801.96	11700	57.050247	0.35	139786	1	-91.0
1642914802.03	260000	56.988464	0.0	631698	2	11.699999999999989
1642914802.75	8200	1.999999	0.114	2049018	346	-273.24
1642914802.88	260000	3.904824	0.0	1757078	8	8.199999999999989
1642914802.99	260000	5.802223	0.0	1560847	4	260.0
1642914803.09	260000	7.699933	0.0	1542805	3	260.0
1642914803.34	32800	9.447948	0.0	12166782	23	-194.39999999999998
1642914803.54	32800	11.24428	0.0	15664097	29	32.8
1642914807.38	260000	9.406371	0.0	84756689	2516	32.80000000000001
1642914807.93	32800	10.861055	0.0	15851372	285	-194.39999999999998
1642914808.24	11700	12.555306	0.0	5587559	95	-9.400000000000002
1642914808.48	4900	14.310603	0.0	1576185	22	-1.8999999999999995
1642914808.69	11700	16.094355	0.0	3375218	32	4.8999999999999995
1642914808.9	11700	17.885038	0.0	2615238	25	11.7
1642914810.62	260000	18.170237	0.0	75092129	1050	11.699999999999989
1642914812.08	260000	19.278984	0.0	78844622	887	260.0
1642914814.56	260000	19.434948	0.0	77654479	1819	260.0
1642914816.74	260000	20.069361	0.0	75220977	1451	260.0
1642914819.37	260000	21.655177	0.0	79740890	1849	260.0
1642914821.69	260000	23.167073	0.0	78574581	1852	260.0
1642914824.31	260000	24.625311	0.0	78901633	1863	260.0
1642914826.67	260000	26.223733	0.0	79414941	1844	260.0
1642914829.06	260000	27.555057	0.0	73704781	1683	260.0
1642914831.41	260000	27.973478	0.0	80783826	1767	260.0
1642914833.66	260000	27.745953	0.0	77638812	1769	260.0
1642914835.96	260000	27.449479	0.0	74749470	1802	260.0
1642914838.33	260000	27.087133	0.0	75910911	1877	260.0
1642914840.79	260000	27.678042	0.0	74070687	1864	260.0
1642914843.29	260000	29.311666	0.0	73938718	1751	260.0
1642914845.69	260000	31.020927	0.0	73613985	1687	260.0
1642914847.78	260000	32.661873	0.0	69503182	1550	260.0
1642914849.94	260000	34.197041	0.0	72822670	1603	260.0
1642914852.12	260000	35.862722	0.0	70991563	1504	260.0
1642914853.98	260000	37.444354	0.0	66218671	1298	260.0
1642914855.86	260000	39.076178	0.0	71469145	1290	260.0
