1643171879.22	8200	1.999999	0.362	546328	260	-94.12
1643171879.58	11700	3.644747	0.0	1102047	256	8.2
1643171879.9	11700	5.328381	0.0	1111083	212	11.7
1643171880.12	11700	7.10241	0.0	1066380	123	11.7
1643171880.71	11700	8.521434	0.0	3938957	459	11.7
1643171884.03	32800	7.201315	0.0	15664097	3112	11.699999999999996
1643171885.31	32800	7.913339	0.0	15560661	1131	32.8
1643171887.05	32800	8.180234	0.0	15851372	1567	32.8
1643171888.2	32800	9.237659	0.0	14688721	984	32.8
1643171888.97	32800	10.459968	0.0	12381646	629	32.8
1643171889.71	32800	11.797213	0.0	10179458	593	32.8
1643171890.25	32800	13.432054	0.0	7987681	403	32.8
1643171890.69	32800	15.180377	0.0	6249975	312	32.8
1643171891.12	32800	16.921625	0.0	6462926	304	32.8
1643171894.88	260000	16.631035	0.0	77654479	2961	32.80000000000001
1643171897.75	260000	17.311779	0.0	75220977	2441	260.0
1643171900.61	260000	17.609919	0.0	79740890	2428	260.0
1643171903.33	260000	17.904678	0.0	78574581	2286	260.0
1643171906.07	260000	18.334381	0.0	78901633	2302	260.0
1643171909.01	260000	17.970337	0.0	79414941	2513	260.0
1643171912.24	260000	17.34986	0.0	73704781	2766	260.0
1643171915.34	260000	16.501743	0.0	80783826	2615	260.0
1643171918.72	260000	17.567727	0.0	77638812	2931	260.0
1643171921.81	260000	18.911827	0.0	74749470	2679	260.0
1643171925.51	260000	20.138625	0.0	75910911	3224	260.0
1643171932.11	260000	20.915085	0.0	74070687	6121	260.0
1643171933.46	32800	22.623556	0.0	7143328	1141	-194.39999999999998
1643171934.73	32800	24.428017	0.0	7338535	1140	32.8
1643171936.07	32800	26.260418	0.0	6896645	1207	32.8
1643171937.26	32800	27.990272	0.0	6714054	1076	32.8
1643171938.49	32800	29.765531	0.0	7018701	1105	32.8
1643171940.74	32800	31.282953	0.0	6838204	2128	32.8
1643171943.91	32800	32.765791	0.0	6922846	3045	32.8
1643171944.05	11700	34.765791	0.0	2478629	34	-9.400000000000002
1643171944.19	11700	36.765791	0.0	2529063	37	11.7
1643171944.33	11700	38.765791	0.0	2621613	37	11.7
1643171944.47	11700	40.711672	0.0	2518225	36	11.7
1643171944.61	11700	42.57143	0.0	2654985	37	11.7
1643171946.34	260000	44.418321	0.0	61492275	1359	11.699999999999989
1643171947.94	260000	46.105799	0.0	57534179	1239	260.0
1643171948.94	260000	47.580953	0.0	64191273	612	260.0
1643171950.17	260000	49.580953	0.0	57421190	890	260.0
1643171951.52	260000	51.421527	0.0	60358582	936	260.0
1643171952.96	260000	53.214091	0.0	60581734	954	260.0
1643171954.32	260000	54.918819	0.0	55686462	969	260.0
1643171955.98	260000	56.627996	0.0	61687104	1270	260.0
1643171957.81	260000	58.279624	0.0	56994559	1445	260.0
1643171959.48	260000	59.871875	0.0	55162012	1336	260.0
1643171970.92	260000	59.803738	0.0	63612323	1438	260.0
1643171981.96	260000	59.980756	0.0	53712380	1603	260.0
1643171993.11	260000	59.63496	0.0	59826276	1678	260.0
1643172005.48	260000	59.652832	0.0	58861434	3449	260.0
1643172015.79	260000	59.764746	0.0	53320981	2804	260.0
1643172026.73	260000	59.846662	0.0	62494429	4394	260.0
1643172036.28	32800	59.959611	0.0	7845705	827	-194.39999999999998
1643172047.29	32800	59.99937	0.0	7682661	789	32.8
1643172049.77	32800	59.756718	0.0	8703604	762	32.8
1643172051.73	32800	59.784868	0.0	8166986	317	32.8
1643172053.74	32800	59.784806	0.0	8155312	375	32.8
1643172056.21	32800	59.440568	0.0	9057843	335	32.8
1643172056.32	32800	59.326267	0.0	296571	10	32.8

1643172056.82	8200	1.999999	0.113	427088	17	-29.38
1643172057.0	32800	3.850676	0.0	1705511	69	8.199999999999996
1643172057.17	32800	5.681641	0.0	1560846	64	32.8
1643172057.34	32800	7.510173	0.0	1542804	62	32.8
1643172058.19	32800	8.659562	0.0	12166782	668	32.8
1643172059.44	32800	9.415968	0.0	15664097	1073	32.8
1643172060.26	32800	10.597486	0.0	15560661	658	32.8
1643172061.04	32800	11.811555	0.0	15851372	615	32.8
1643172061.77	32800	13.085622	0.0	14688721	571	32.8
1643172066.07	260000	11.551556	0.0	83431241	3318	32.80000000000001
1643172069.7	260000	11.008789	0.0	82198417	3135	260.0
1643172073.15	260000	10.920003	0.0	79299299	2978	260.0
1643172076.75	260000	10.716924	0.0	75092129	3112	260.0
