1642836889.69	8200	1.999999	0.318	546328	217	-82.68
1642836890.36	11700	3.336786	0.0	1102047	555	8.2
1642836891.24	11700	4.452965	0.0	1111083	780	11.7
1642836892.05	11700	5.643594	0.0	1066380	708	11.7
1642836894.08	11700	5.621199	0.0	3938957	1897	11.7
1642836896.37	11700	5.327862	0.0	4536725	2177	11.7
1642836907.22	11700	8.542733	0.0	1563332	547	11.7
1642836907.23	11700	8.533506	0.0	1563332	547	11.7
1642836908.36	11700	9.408111	0.0	2392223	1001	11.7
1642836910.11	11700	9.649549	0.0	2491394	1649	11.7
1642836911.26	11700	10.505155	0.0	2629283	1039	11.7
1642836914.24	11700	9.525965	0.0	2662617	2864	11.7
1642836918.3	11700	7.464358	0.0	2614451	3830	11.7
1642836921.26	11700	6.501243	0.0	2649932	2854	11.7
1642836924.27	11700	5.497326	0.0	2700523	2891	11.7
1642836924.27	8200	5.488971	0.0	2700523	2891	4.699999999999999
1642836924.28	4900	5.483359	0.0	2700523	2891	1.6000000000000005
1642836927.12	4900	4.64697	0.0	1166756	2721	4.9
1642836927.58	4900	6.189954	0.0	988609	346	4.9
1642836927.58	8200	6.181114	0.0	988609	346	4.8999999999999995
1642836928.59	8200	7.178813	0.0	1735653	892	8.2
1642836928.59	11700	7.171324	0.0	1735653	892	8.2
1642836931.14	11700	6.621871	0.0	2399571	2438	11.7
1642836931.83	11700	7.931671	0.0	2518802	587	11.7
1642836932.76	11700	9.006676	0.0	2410904	808	11.7
1642836933.72	11700	10.040315	0.0	2442104	856	11.7
1642836934.7	11700	11.068221	0.0	2472140	864	11.7
1642836935.24	11700	12.525064	0.0	2434805	420	11.7
1642836935.62	11700	14.141984	0.0	2397182	277	11.7
1642836936.84	32800	14.924061	0.0	7018701	1083	11.699999999999996
1642836937.79	32800	15.975296	0.0	6838204	824	32.8
1642836938.86	32800	16.902355	0.0	6922846	944	32.8
1642836939.7	32800	18.067187	0.0	6926196	707	32.8
1642836940.43	32800	19.33669	0.0	7072104	596	32.8
1642836941.14	32800	20.629317	0.0	7515735	575	32.8
1642836941.77	32800	21.999145	0.0	7011028	493	32.8
1642836942.32	32800	23.442349	0.0	7307337	428	32.8
1642836942.86	32800	24.903702	0.0	7344127	399	32.8
1642836943.36	32800	26.409195	0.0	7064203	357	32.8
1642836943.87	32800	27.899997	0.0	7516082	374	32.8
1642836944.39	32800	29.385047	0.0	7278398	387	32.8
1642836944.92	32800	30.845522	0.0	7481760	402	32.8
1642836945.63	32800	32.140073	0.0	7871221	552	32.8
1642836946.35	32800	33.413106	0.0	7236548	599	32.8
1642836947.2	32800	34.562213	0.0	7418057	719	32.8
1642836948.01	32800	35.754771	0.0	7580084	666	32.8
1642836948.86	32800	36.899882	0.0	7306910	731	32.8
1642836949.77	32800	37.993429	0.0	7790808	780	32.8
1642836950.62	32800	39.168374	0.0	7160738	716	32.8
1642836951.59	32800	40.20163	0.0	7565820	835	32.8
1642836952.68	32800	41.305639	0.0	8064139	940	32.8
1642836953.66	32800	42.539982	0.0	7308924	854	32.8
1642836954.85	32800	43.348434	0.0	7936123	1060	32.8
1642836956.29	32800	43.991598	0.0	7845705	852	32.8
1642836956.96	32800	45.447564	0.0	7682661	538	32.8
1642836957.56	32800	46.84803	0.0	8703604	468	32.8
1642836958.15	32800	48.261756	0.0	8166986	450	32.8
1642836958.75	32800	49.72805	0.0	8155312	475	32.8
1642836959.39	32800	51.084267	0.0	9057843	502	32.8
1642836959.51	32800	50.996144	0.0	296571	16	32.8
