1642845930.48	8200	1.999999	0.514	546328	413	-133.64
1642845931.08	8200	3.408025	0.0	790650	484	8.2
1642845931.37	8200	5.118699	0.0	911646	191	8.2
1642845931.63	8200	6.860824	0.0	844970	158	8.2
1642845932.46	8200	8.023881	0.0	2973194	717	8.2
1642845933.29	8200	9.191897	0.0	3361033	715	8.2
1642845933.81	8200	10.672727	0.0	3920262	400	8.2
1642845934.35	11700	12.13849	0.0	4892753	402	8.2
1642845934.86	11700	13.629047	0.0	5587559	390	11.7
1642845935.49	11700	14.997657	0.0	4371099	514	11.7
1642845936.08	11700	16.411367	0.0	3375218	468	11.7
1642845936.45	11700	18.039437	0.0	2615238	260	11.7
1642845937.21	32800	19.277807	0.0	6249975	624	11.699999999999996
1642845938.0	32800	20.490549	0.0	6462926	645	32.8
1642845938.82	32800	21.665133	0.0	6930236	692	32.8
1642845939.45	32800	23.031401	0.0	7176786	504	32.8
1642845940.02	32800	24.460992	0.0	6963959	441	32.8
1642845940.52	32800	25.967026	0.0	7320305	366	32.8
1642845941.02	32800	27.468237	0.0	7420242	370	32.8
1642845941.62	32800	28.867777	0.0	7455282	474	32.8
1642845942.47	32800	30.013662	0.0	7960895	710	32.8
1642845943.6	32800	30.887822	0.0	6396912	999	32.8
1642845944.41	32800	32.076852	0.0	7253832	689	32.8
1642845944.98	32800	33.69079	0.0	7034316	447	32.8
1642845945.53	32800	35.143667	0.0	7133512	418	32.8
1642845946.07	32800	36.764849	0.0	7041401	409	32.8
1642845946.92	32800	37.914264	0.0	7143328	714	32.8
1642845948.15	32800	38.881212	0.0	7338535	1104	32.8
1642845948.65	32800	40.390029	0.0	6896645	369	32.8
1642845949.13	32800	42.070465	0.0	6714054	360	32.8
1642845949.63	32800	43.625259	0.0	7018701	378	32.8
1642845950.15	32800	45.106056	0.0	6838204	388	32.8
1642845950.81	32800	46.445774	0.0	6922846	538	32.8
1642845951.43	32800	47.824563	0.0	6926196	500	32.8
1642845952.05	32800	49.208182	0.0	7072104	494	32.8
1642845953.18	32800	50.077356	0.0	7515735	994	32.8
1642845953.92	32800	51.33983	0.0	7011028	613	32.8
1642845954.52	32800	52.739293	0.0	7307337	477	32.8
1642845955.11	32800	54.144669	0.0	7344127	459	32.8
1642845955.59	32800	55.662324	0.0	7064203	353	32.8
1642845956.1	32800	57.324412	0.0	7516082	373	32.8
1642845956.56	32800	58.86231	0.0	7278398	338	32.8
1642845958.03	32800	59.513987	0.0	7481760	349	32.8
1642845959.79	32800	59.891685	0.0	7871221	1125	32.8
1642845962.53	32800	59.830008	0.0	7236548	611	32.8
1642845964.6	32800	59.800469	0.0	7418057	934	32.8
1642845966.81	32800	59.550535	0.0	7580084	576	32.8
1642845968.99	32800	59.60124	0.0	7306910	552	32.8
1642845971.4	32800	59.597441	0.0	7790808	1283	32.8
1642845973.77	32800	59.586402	0.0	7160738	745	32.8
1642845975.82	32800	59.58638	0.0	7565820	913	32.8
1642845977.92	32800	59.591698	0.0	8064139	464	32.8
1642845979.97	32800	59.853011	0.0	7308924	422	32.8
1642845982.02	32800	59.778258	0.0	7936123	926	32.8
1642845984.3	32800	59.776663	0.0	7845705	143	32.8
1642845986.65	32800	59.758496	0.0	7682661	215	32.8
1642845988.77	32800	59.839035	0.0	8703604	1181	32.8
1642845990.72	32800	59.838961	0.0	8166986	313	32.8
1642845993.13	32800	59.688418	0.0	8155312	265	32.8
1642845995.18	32800	59.952703	0.0	9057843	422	32.8
1642845995.29	32800	59.941519	0.0	296571	14	32.8

1642845995.67	8200	1.999999	0.115	427088	18	-29.9
1642845995.69	8200	3.999999	0.0	790650	4	8.2
1642845995.71	8200	5.986611	0.0	911646	2	8.2
1642845995.73	8200	7.967901	0.0	844970	2	8.2
1642845996.05	11700	9.657003	0.0	3938957	184	8.2
1642845996.4	11700	11.301126	0.0	4536725	244	11.7
1642845996.82	11700	12.88697	0.0	5378836	290	11.7
1642845997.19	11700	14.517193	0.0	4892753	254	11.7
1642845997.59	11700	16.116378	0.0	5587559	278	11.7
1642845998.38	32800	17.324819	0.0	12381646	618	11.699999999999996
1642845999.03	32800	18.674246	0.0	10179458	508	32.8
1642845999.51	32800	20.1961	0.0	7987681	349	32.8
1642845999.9	32800	21.80062	0.0	6249975	273	32.8
1642846000.7	32800	23.008653	0.0	6462926	670	32.8
1642846001.14	32800	24.566683	0.0	6930236	318	32.8
1642846001.35	32800	26.351237	0.0	7176786	91	32.8
1642846001.57	32800	28.136954	0.0	6963959	89	32.8
1642846001.78	32800	29.918366	0.0	7320305	92	32.8
1642846002.01	32800	31.697878	0.0	7420242	94	32.8
1642846002.2	32800	33.505029	0.0	7455282	64	32.8
1642846002.39	32800	35.31166	0.0	7960895	66	32.8
1642846002.58	32800	37.125267	0.0	6396912	64	32.8
1642846002.81	32800	38.896612	0.0	7253832	57	32.8
1642846002.99	32800	40.71728	0.0	7034316	58	32.8
1642846003.81	152400	41.889669	0.0	37576374	404	32.80000000000001
1642846004.69	152400	43.012371	0.0	34095545	633	152.4
1642846005.42	152400	44.284515	0.0	34314045	453	152.4
1642846006.1	152400	45.603871	0.0	34563011	374	152.4
1642846006.67	152400	47.029624	0.0	31292175	245	152.4
1642846007.41	152400	48.292293	0.0	32834126	488	152.4
1642846008.75	152400	48.948961	0.0	33877878	1099	152.4
1642846010.41	260000	49.290165	0.0	66218671	968	152.4
1642846012.41	260000	49.299071	0.0	71469145	1278	260.0
1642846013.85	260000	50.003924	0.0	64074874	1063	260.0
1642846015.31	260000	50.911168	0.0	65041967	1046	260.0
1642846017.4	260000	51.254121	0.0	65860507	1479	260.0
1642846018.88	260000	51.978009	0.0	60900183	1092	260.0
1642846020.5	260000	52.464823	0.0	65223805	1205	260.0
1642846021.97	260000	53.116264	0.0	61492275	1074	260.0
1642846023.38	260000	53.915071	0.0	57534179	1026	260.0
1642846025.69	260000	53.641304	0.0	64191273	1817	260.0
1642846027.77	260000	53.919124	0.0	57421190	1596	260.0
1642846032.2	260000	52.019095	0.0	60358582	3929	260.0
1642846033.92	152400	52.745559	0.0	35599566	1427	44.80000000000001
1642846035.34	152400	53.481727	0.0	31880015	1192	152.4
1642846035.78	32800	55.098793	0.0	7418057	305	-86.8
1642846036.21	32800	56.668054	0.0	7580084	304	32.8
1642846036.62	32800	58.258538	0.0	7306910	283	32.8
1642846037.05	32800	59.904685	0.0	7790808	302	32.8
1642846039.4	32800	59.987714	0.0	7160738	218	32.8
1642846041.79	32800	59.976236	0.0	7565820	264	32.8
1642846044.23	32800	59.851	0.0	8064139	304	32.8
1642846046.65	32800	59.606127	0.0	7308924	282	32.8
1642846048.83	152400	59.853745	0.0	37188900	1916	32.80000000000001
1642846054.28	32800	59.803289	0.0	7845705	322	-86.8
1642846059.77	32800	59.822499	0.0	7682661	3272	32.8
1642846065.56	11700	59.7942	0.0	2884569	580	-9.400000000000002
1642846070.77	11700	59.827169	0.0	2854371	511	11.7
1642846075.55	11700	59.842916	0.0	2998361	584	11.7
1642846081.34	11700	59.783025	0.0	3147034	169	11.7
1642846081.69	11700	59.704689	0.0	139786	169	11.7

1642846081.71	11700	59.704689	0.115	139786	1	-29.9
1642846081.72	11700	59.704689	0.0	139786	0	11.7
1642846081.74	11700	59.704689	0.0	139786	1	11.7
1642846082.1	8200	1.999999	-0.082	546328	10	26.02
1642846082.17	8200	3.978972	0.0	790650	13	8.2
1642846082.21	8200	5.93985	0.0	911646	5	8.2
1642846082.23	8200	7.919507	0.0	844970	2	8.2
1642846082.29	11700	9.867485	0.0	3938957	6	8.2
1642846082.33	11700	11.819787	0.0	4536725	9	11.7
1642846082.38	11700	13.767347	0.0	5378836	14	11.7
1642846082.43	11700	15.721877	0.0	4892753	12	11.7
1642846082.48	11700	17.667598	0.0	5587559	13	11.7
1642846084.15	32800	18.001946	0.0	12381646	1479	11.699999999999996
1642846084.84	32800	19.309883	0.0	10179458	547	32.8
1642846085.34	32800	20.80946	0.0	7987681	368	32.8
1642846085.39	32800	22.757002	0.0	6249975	16	32.8
1642846085.44	32800	24.707684	0.0	6462926	14	32.8
1642846085.5	32800	26.653165	0.0	6930236	18	32.8
1642846085.94	32800	28.216048	0.0	7176786	313	32.8
1642846085.99	32800	30.164405	0.0	6963959	13	32.8
1642846086.5	32800	31.647121	0.0	7320305	395	32.8
1642846087.03	32800	33.121468	0.0	7420242	399	32.8
1642846087.81	32800	34.336919	0.0	7455282	651	32.8
1642846088.83	32800	35.319427	0.0	7960895	883	32.8
1642846090.1	32800	36.052966	0.0	6396912	1146	32.8
1642846090.38	32800	37.775642	0.0	7253832	150	32.8
1642846090.65	32800	39.503368	0.0	7034316	148	32.8
1642846090.93	32800	41.225028	0.0	7133512	151	32.8
1642846091.15	32800	42.995364	0.0	7041401	107	32.8
1642846091.4	32800	44.749215	0.0	7143328	101	32.8
1642846091.66	32800	46.490044	0.0	7338535	101	32.8
1642846091.89	32800	48.25998	0.0	6896645	75	32.8
1642846092.25	32800	49.980476	0.0	6714054	190	32.8
1642846092.6	32800	51.660204	0.0	7018701	223	32.8
1642846092.94	32800	53.317876	0.0	6838204	216	32.8
1642846094.49	152400	53.764876	0.0	34031025	1201	32.80000000000001
1642846095.78	152400	54.476497	0.0	30869167	1041	152.4
1642846099.06	152400	53.354429	0.0	31753337	3027	152.4
1642846099.57	32800	54.847605	0.0	7515735	375	-86.8
1642846100.05	32800	56.510044	0.0	7011028	350	32.8
1642846100.54	32800	58.0189	0.0	7307337	364	32.8
1642846101.03	32800	59.927767	0.0	7344127	364	32.8
1642846103.46	32800	59.963102	0.0	7064203	308	32.8
1642846107.48	32800	59.583185	0.0	7516082	375	32.8
1642846110.03	32800	59.694568	0.0	7278398	422	32.8
1642846111.94	32800	59.97432	0.0	7481760	273	32.8
1642846114.06	32800	59.974469	0.0	7871221	488	32.8
1642846116.75	32800	59.8428	0.0	7236548	561	32.8
1642846119.21	32800	59.843024	0.0	7418057	325	32.8
1642846121.76	32800	59.574604	0.0	7580084	408	32.8
1642846124.27	32800	59.610135	0.0	7306910	887	32.8
1642846126.01	32800	59.981169	0.0	7790808	605	32.8
1642846128.09	32800	59.980558	0.0	7160738	454	32.8
1642846130.48	32800	59.887638	0.0	7565820	755	32.8
1642846133.03	32800	59.589293	0.0	8064139	1411	32.8
1642846134.96	32800	59.589304	0.0	7308924	301	32.8
1642846136.92	32800	59.741371	0.0	7936123	328	32.8
1642846138.97	32800	59.741347	0.0	7845705	914	32.8
1642846141.0	32800	59.794197	0.0	7682661	896	32.8
1642846143.18	32800	59.921663	0.0	8703604	554	32.8
1642846145.39	32800	59.85374	0.0	8166986	572	32.8
1642846147.95	32800	59.775061	0.0	8155312	1426	32.8
1642846149.99	32800	59.775157	0.0	9057843	906	32.8
1642846150.0	32800	59.651716	0.0	296571	1	32.8

1642846150.26	8200	1.999999	0.017	427088	1	-4.42
1642846150.28	8200	3.999999	0.0	790650	2	8.2
1642846150.3	8200	5.999558	0.0	911646	3	8.2
1642846150.32	8200	7.983416	0.0	844970	2	8.2
1642846150.37	11700	9.93262	0.0	3938957	8	8.2
1642846150.41	11700	11.892206	0.0	4536725	10	11.7
1642846151.15	11700	13.153177	0.0	5378836	612	11.7
1642846151.19	11700	15.110758	0.0	4892753	10	11.7
1642846151.87	11700	16.433274	0.0	5587559	559	11.7
1642846153.95	32800	16.351277	0.0	12381646	1902	11.699999999999996
1642846154.89	32800	17.413716	0.0	10179458	792	32.8
1642846155.59	32800	18.715334	0.0	7987681	564	32.8
1642846156.16	32800	20.143727	0.0	6249975	444	32.8
1642846156.78	32800	21.520913	0.0	6462926	501	32.8
1642846157.49	32800	22.811613	0.0	6930236	584	32.8
1642846158.3	32800	23.995332	0.0	7176786	681	32.8
1642846159.41	32800	24.981828	0.0	6963959	975	32.8
1642846160.95	32800	25.435766	0.0	7320305	1419	32.8
1642846162.89	32800	25.50987	0.0	7420242	1798	32.8
1642846164.4	32800	25.990495	0.0	7455282	1385	32.8
1642846169.0	32800	23.712757	0.0	7960895	4461	32.8
1642846169.52	11700	25.311594	0.0	2343098	410	-9.400000000000002
1642846170.06	11700	26.928736	0.0	2430789	424	11.7
1642846171.01	11700	28.224202	0.0	2399571	844	11.7
1642846171.37	11700	29.984063	0.0	2518802	251	11.7
1642846171.72	11700	31.709985	0.0	2410904	240	11.7
1642846172.06	11700	33.451813	0.0	2442104	241	11.7
1642846172.34	11700	35.242695	0.0	2472140	173	11.7
1642846172.62	11700	37.027159	0.0	2434805	169	11.7
1642846172.9	11700	38.880024	0.0	2397182	165	11.7
1642846173.3	11700	40.652192	0.0	2417206	288	11.7
1642846173.74	11700	42.269676	0.0	2399895	336	11.7
1642846174.16	11700	43.997235	0.0	2448718	304	11.7
1642846174.98	32800	45.287609	0.0	6926196	693	11.699999999999996
1642846175.81	32800	46.484115	0.0	7072104	707	32.8
1642846176.69	32800	47.67689	0.0	7515735	751	32.8
1642846177.36	32800	49.006368	0.0	7011028	542	32.8
1642846177.95	32800	50.41281	0.0	7307337	464	32.8
1642846178.45	32800	51.917523	0.0	7344127	369	32.8
1642846178.93	32800	53.432749	0.0	7064203	353	32.8
1642846179.53	32800	54.829552	0.0	7516082	471	32.8
1642846180.18	32800	56.370329	0.0	7278398	517	32.8
1642846181.43	32800	57.204574	0.0	7481760	1115	32.8
1642846182.39	32800	58.477785	0.0	7871221	837	32.8
1642846182.98	32800	59.996863	0.0	7236548	460	32.8
1642846185.54	32800	59.930205	0.0	7418057	433	32.8
1642846187.87	32800	59.848815	0.0	7580084	689	32.8
1642846190.03	32800	59.816956	0.0	7306910	530	32.8
1642846193.19	32800	59.520932	0.0	7790808	1029	32.8
1642846195.18	32800	59.8384	0.0	7160738	358	32.8
1642846197.99	32800	59.580267	0.0	7565820	661	32.8
1642846199.83	32800	59.830261	0.0	8064139	705	32.8
1642846202.03	32800	59.580309	0.0	7308924	1068	32.8
1642846203.73	32800	59.830276	0.0	7936123	556	32.8
1642846205.96	32800	59.580261	0.0	7845705	596	32.8
1642846207.98	32800	59.580368	0.0	7682661	896	32.8
1642846209.76	32800	59.830273	0.0	8703604	1147	32.8
1642846211.82	32800	59.830357	0.0	8166986	920	32.8
1642846213.71	32800	59.830249	0.0	8155312	1179	32.8
1642846215.92	32800	59.580314	0.0	9057843	565	32.8
1642846215.93	32800	59.571506	0.0	296571	1	32.8

1642846216.2	8200	1.999999	0.019	427088	2	-4.94
1642846216.22	8200	3.999999	0.0	790650	3	8.2
1642846216.24	8200	5.998222	0.0	911646	2	8.2
1642846216.25	8200	7.979844	0.0	844970	5	8.2
1642846216.65	11700	9.589222	0.0	3938957	262	8.2
1642846217.03	11700	11.203843	0.0	4536725	263	11.7
1642846217.54	11700	12.699616	0.0	5378836	375	11.7
1642846218.0	11700	14.239799	0.0	4892753	340	11.7
1642846218.77	11700	15.467472	0.0	5587559	652	11.7
1642846219.44	32800	16.796362	0.0	12381646	483	11.699999999999996
1642846219.84	32800	18.399338	0.0	10179458	254	32.8
1642846220.14	32800	20.090686	0.0	7987681	177	32.8
1642846220.39	32800	21.841358	0.0	6249975	123	32.8
1642846220.64	32800	23.594589	0.0	6462926	122	32.8
1642846220.89	32800	25.3417	0.0	6930236	126	32.8
1642846221.18	32800	27.058149	0.0	7176786	157	32.8
1642846221.49	32800	28.751141	0.0	6963959	173	32.8
1642846221.8	32800	30.43843	0.0	7320305	182	32.8
1642846222.11	32800	32.121022	0.0	7420242	188	32.8
1642846226.45	152400	29.780812	0.0	35738670	3903	32.80000000000001
1642846226.93	32800	31.390917	0.0	7960895	327	-86.8
1642846227.28	32800	33.061022	0.0	6396912	228	32.8
1642846227.66	32800	34.681895	0.0	7253832	253	32.8
1642846228.03	32800	36.31163	0.0	7034316	245	32.8
1642846228.39	32800	37.947505	0.0	7133512	237	32.8
1642846228.76	32800	39.582814	0.0	7041401	235	32.8
1642846229.13	32800	41.213382	0.0	7143328	242	32.8
1642846229.53	32800	42.813541	0.0	7338535	270	32.8
