1642919920.8	8200	1.999999	0.355	546328	250	-92.3
1642919921.09	260000	3.71523	0.0	1757078	95	8.199999999999989
1642919921.28	260000	5.526198	0.0	1560847	20	260.0
1642919921.47	260000	7.335893	0.0	1542805	18	260.0
1642919922.06	32800	8.743952	0.0	12166782	290	-194.39999999999998
1642919922.68	32800	10.126584	0.0	15664097	355	32.8
1642919925.19	260000	9.618566	0.0	84756689	1370	32.80000000000001
1642919927.29	260000	9.511673	0.0	85798884	1290	260.0
1642919930.19	260000	9.150412	0.0	86059829	2097	260.0
1642919932.67	260000	9.362338	0.0	83431241	1965	260.0
1642919935.28	260000	9.767437	0.0	82198417	2118	260.0
1642919938.01	260000	11.421938	0.0	79299299	2218	260.0
1642919941.27	260000	12.880422	0.0	75092129	2550	260.0
1642919952.06	260000	13.062818	0.0	78844622	10007	260.0
1642919963.14	260000	13.06508	0.0	77654479	10564	260.0
1642919984.23	260000	11.325617	0.0	75220977	20444	260.0
1642919993.7	152400	11.752315	0.0	39676104	9042	44.80000000000001
1642920000.49	152400	12.477029	0.0	40793176	6338	152.4
1642920004.77	152400	13.58554	0.0	37608977	3905	152.4
1642920008.0	152400	14.954789	0.0	35738670	2725	152.4
1642920011.18	152400	16.257282	0.0	36020729	2785	152.4
1642920012.17	152400	18.115082	0.0	36493721	636	152.4
1642920015.95	152400	19.348345	0.0	37585290	3434	152.4
1642920018.28	260000	20.902669	0.0	74749470	1291	152.4
1642920019.84	260000	22.57899	0.0	75910911	963	260.0
1642920021.55	260000	24.232945	0.0	74070687	1245	260.0
1642920023.77	260000	26.039464	0.0	73938718	1631	260.0
1642920026.18	260000	27.581481	0.0	73613985	1802	260.0
1642920028.3	260000	29.172712	0.0	69503182	1622	260.0
1642920030.67	260000	30.621518	0.0	72822670	1690	260.0
1642920032.95	260000	32.131837	0.0	70991563	1628	260.0
1642920035.13	260000	33.823551	0.0	66218671	1510	260.0
1642920037.31	260000	35.332139	0.0	71469145	1586	260.0
1642920039.66	260000	36.886929	0.0	64074874	1791	260.0
1642920042.29	260000	38.363789	0.0	65041967	1937	260.0
1642920044.98	260000	39.777942	0.0	65860507	2111	260.0
1642920047.72	260000	40.985083	0.0	60900183	2274	260.0
1642920051.12	260000	41.788159	0.0	65223805	2950	260.0
1642920054.2	260000	42.729018	0.0	61492275	2612	260.0
1642920057.2	260000	43.737192	0.0	57534179	2348	260.0
1642920060.14	260000	44.854886	0.0	64191273	2273	260.0
1642920062.4	260000	45.824249	0.0	57421190	1769	260.0
1642920064.75	260000	47.217858	0.0	60358582	1932	260.0
1642920067.16	260000	48.266469	0.0	60581734	1868	260.0
1642920069.44	260000	49.628747	0.0	55686462	1855	260.0
1642920072.04	260000	50.427112	0.0	61687104	2025	260.0
1642920074.37	260000	51.795534	0.0	56994559	1863	260.0
1642920076.65	260000	52.987697	0.0	55162012	1770	260.0
1642920079.3	260000	53.804887	0.0	63612323	1936	260.0
1642920081.27	260000	55.257604	0.0	53712380	1534	260.0
1642920083.75	260000	56.196845	0.0	59826276	1729	260.0
1642920085.77	260000	57.766491	0.0	58861434	1512	260.0
1642920087.5	260000	59.325459	0.0	53320981	1199	260.0
1642920094.32	260000	59.770844	0.0	62494429	1277	260.0
1642920105.44	260000	59.911902	0.0	53458888	1600	260.0
1642920115.97	260000	59.872353	0.0	53798130	1471	260.0
