1642851060.95	8200	1.999999	0.517	546328	415	-134.42
1642851061.61	8200	3.343141	0.0	790650	552	8.2
1642851062.35	8200	4.601351	0.0	911646	638	8.2
1642851064.05	8200	4.909128	0.0	844970	1590	8.2
1642851068.89	11700	2.262047	0.206	3938957	4676	-45.36
1642851069.79	8200	3.359812	0.0	3361033	784	4.699999999999999
1642851070.67	11700	4.546345	0.0	5378836	752	8.2
1642851074.03	11700	3.425099	0.0	4892753	3241	11.7
1642851078.07	11700	2.316109	0.566	5587559	3914	-135.46
1642851081.15	8200	2.477498	1.147	2809333	2966	-293.52000000000004
1642851082.7	8200	2.927313	0.0	2063908	1446	8.2
1642851083.06	8200	4.56652	0.0	1614484	226	8.2
1642851083.39	8200	6.244039	0.0	1563332	219	8.2
1642851083.73	8200	7.901387	0.0	1704148	238	8.2
1642851084.87	11700	8.762724	0.0	2491394	1028	8.2
1642851085.07	11700	10.561506	0.0	2629283	90	11.7
1642851085.27	11700	12.362086	0.0	2662617	91	11.7
1642851085.47	11700	14.157663	0.0	2614451	91	11.7
1642851085.67	11700	15.955673	0.0	2649932	91	11.7
1642851085.88	11700	17.751605	0.0	2700523	91	11.7
1642851086.08	11700	19.550431	0.0	2697360	90	11.7
1642851086.27	11700	21.361452	0.0	2343098	78	11.7
1642851086.46	11700	23.170728	0.0	2430789	79	11.7
1642851086.65	11700	24.981458	0.0	2399571	79	11.7
1642851087.07	32800	26.561206	0.0	7133512	278	11.699999999999996
1642851087.49	32800	28.139595	0.0	7041401	290	32.8
1642851087.92	32800	29.70623	0.0	7143328	302	32.8
1642851088.4	32800	31.23404	0.0	7338535	342	32.8
1642851088.85	32800	32.784495	0.0	6896645	322	32.8
1642851089.64	32800	33.98542	0.0	6714054	671	32.8
1642851090.48	32800	35.154567	0.0	7018701	703	32.8
1642851091.23	32800	36.398173	0.0	6838204	629	32.8
1642851092.32	32800	37.308708	0.0	6922846	960	32.8
1642851097.9	32800	33.730715	0.0	6926196	5449	32.8
1642851106.79	11700	26.842823	0.0	2529063	1910	-9.400000000000002
1642851109.16	8200	26.465903	0.0	1812602	1335	4.699999999999999
1642851110.51	8200	27.121211	0.0	1754228	1229	8.2
1642851111.94	8200	27.691963	0.0	1871666	1310	8.2
1642851114.31	8200	27.578575	0.0	1799999	2261	8.2
1642851117.19	11700	27.209837	0.0	2522793	2765	8.2
1642851119.59	8200	27.053703	0.0	1841735	2289	4.699999999999999
1642851121.19	11700	27.894186	0.0	2642305	1486	8.2
1642851122.11	11700	29.015761	0.0	2719235	810	11.7
1642851122.88	11700	30.282426	0.0	2765120	661	11.7
1642851123.64	8200	31.663044	0.0	1821440	637	4.699999999999999
1642851124.43	8200	32.875473	0.0	1906912	667	8.2
1642851125.06	8200	34.235733	0.0	1861730	533	8.2
1642851125.61	8200	35.695049	0.0	1854838	432	8.2
1642851126.16	8200	37.141489	0.0	1928522	449	8.2
1642851126.89	11700	38.40784	0.0	2573837	622	8.2
1642851127.93	11700	39.366721	0.0	2659966	930	11.7
1642851129.01	11700	40.292623	0.0	2747985	962	11.7
1642851130.04	11700	41.425777	0.0	2644475	925	11.7
1642851131.15	11700	42.315664	0.0	2864046	1003	11.7
1642851132.23	11700	43.288123	0.0	2785470	974	11.7
1642851133.79	11700	43.736722	0.0	2752189	1440	11.7
1642851136.85	11700	42.735922	0.0	2884569	2019	11.7
1642851140.96	11700	40.624782	0.0	2854371	3997	11.7
1642851143.18	8200	40.40556	0.0	2057135	2088	4.699999999999999
1642851146.97	11700	38.6195	0.0	3147034	3665	8.2
1642851147.14	8200	38.482922	0.0	96593	66	4.699999999999999

1642851147.34	11700	38.281345	2.436	139786	97	-633.36
1642851149.91	8200	1.999999	-0.035	385365	2302	13.799999999999997
1642851150.79	11700	3.14125	0.0	1102047	770	8.2
1642851150.81	8200	5.119827	0.0	911646	2	4.699999999999999
1642851152.57	11700	5.360048	0.0	1066380	750	8.2
1642851156.79	8200	3.139212	0.0	2973194	4091	4.699999999999999
1642851156.83	8200	5.100649	0.0	3361033	9	8.2
1642851156.89	11700	7.039651	0.0	5378836	15	8.2
1642851156.94	11700	8.994254	0.0	4892753	12	11.7
1642851161.43	8200	6.497379	0.0	3391749	4378	4.699999999999999
1642851166.62	11700	3.832853	0.0	4371099	5062	8.2
1642851171.46	11700	2.370342	1.387	3375218	4647	-348.92
1642851171.49	8200	4.345732	0.0	1614484	3	4.699999999999999
1642851173.17	11700	4.663591	0.0	2255191	1578	8.2
1642851175.95	11700	3.883147	0.0	2392223	2676	11.7
1642851178.3	8200	3.53201	0.0	1775648	2244	4.699999999999999
1642851178.33	11700	5.501257	0.0	2629283	8	8.2
1642851178.36	11700	7.472206	0.0	2662617	7	11.7
1642851179.75	8200	8.081422	0.0	1840696	1288	4.699999999999999
1642851179.78	11700	10.053116	0.0	2649932	5	8.2
1642851179.8	11700	12.030118	0.0	2700523	4	11.7
1642851179.83	11700	14.000942	0.0	2697360	7	11.7
1642851179.86	11700	15.975672	0.0	2343098	4	11.7
1642851179.88	11700	17.953886	0.0	2430789	4	11.7
1642851179.9	11700	19.931172	0.0	2399571	3	11.7
1642851180.86	11700	20.978301	0.0	2518802	851	11.7
1642851181.39	11700	22.443453	0.0	2410904	423	11.7
1642851181.96	11700	23.87558	0.0	2442104	459	11.7
1642851182.64	11700	25.192291	0.0	2472140	576	11.7
1642851183.32	11700	26.518034	0.0	2434805	566	11.7
1642851183.99	11700	27.847755	0.0	2397182	559	11.7
1642851184.66	11700	29.172426	0.0	2417206	564	11.7
1642851185.2	11700	30.631027	0.0	2399895	433	11.7
1642851185.74	11700	32.091761	0.0	2448718	428	11.7
1642851186.28	11700	33.551445	0.0	2478629	433	11.7
1642851186.31	11700	35.525495	0.0	2529063	5	11.7
1642851186.87	11700	36.960997	0.0	2621613	457	11.7
1642851187.42	11700	38.409844	0.0	2518225	438	11.7
1642851188.0	11700	39.839243	0.0	2654985	463	11.7
1642851189.43	32800	40.408281	0.0	7344127	1283	11.699999999999996
1642851190.79	32800	41.044852	0.0	7064203	1235	32.8
1642851192.16	32800	41.676322	0.0	7516082	1239	32.8
1642851193.42	32800	42.417619	0.0	7278398	1133	32.8
1642851194.66	32800	43.176592	0.0	7481760	1107	32.8
1642851195.9	32800	43.935254	0.0	7871221	1112	32.8
1642851197.29	32800	44.543535	0.0	7236548	1266	32.8
1642851198.72	32800	45.114071	0.0	7418057	1299	32.8
1642851200.18	32800	45.657306	0.0	7580084	1326	32.8
1642851201.6	32800	46.243584	0.0	7306910	1278	32.8
1642851203.1	32800	46.739493	0.0	7790808	1362	32.8
1642851204.48	32800	47.355582	0.0	7160738	1253	32.8
1642851205.91	32800	47.920891	0.0	7565820	1306	32.8
1642851207.25	32800	48.581366	0.0	8064139	1208	32.8
1642851208.67	32800	49.167975	0.0	7308924	1278	32.8
1642851210.3	32800	49.5358	0.0	7936123	1500	32.8
1642851212.16	32800	49.677469	0.0	7845705	1727	32.8
1642851214.42	32800	49.417283	0.0	7682661	2127	32.8
1642851218.25	11700	47.586704	0.0	2884569	3719	-9.400000000000002
1642851220.75	8200	47.082676	0.0	1977335	2384	4.699999999999999
1642851220.77	8200	49.060743	0.0	2057135	3	8.2
1642851224.04	11700	47.797115	0.0	3147034	2201	8.2
1642851224.05	11700	47.818408	0.0	139786	0	11.7

1642851224.07	8200	47.797646	3.788	96593	6	-984.88
1642851224.08	11700	47.786034	0.0	139786	0	8.2
1642851224.29	8200	1.999999	-3.774	385365	1	985.94
1642851224.31	8200	3.999999	0.0	790650	1	8.2
1642851224.33	8200	5.984032	0.0	911646	1	8.2
1642851224.35	8200	7.968259	0.0	844970	2	8.2
1642851230.23	11700	4.079734	0.0	3938957	5757	8.2
1642851233.47	8200	2.846892	0.0	3361033	3109	4.699999999999999
1642851235.28	11700	3.036445	0.0	5378836	1670	8.2
1642851236.54	11700	3.774096	0.0	4892753	1141	11.7
1642851237.52	11700	4.796116	0.0	5587559	854	11.7
1642851238.07	8200	6.242047	0.0	2809333	442	4.699999999999999
1642851238.54	8200	7.773028	0.0	2063908	361	8.2
1642851238.56	8200	9.754342	0.0	1614484	2	8.2
1642851238.91	8200	11.404596	0.0	1563332	251	8.2
1642851238.93	11700	13.377348	0.0	2392223	4	8.2
1642851239.39	11700	14.926525	0.0	2491394	348	11.7
1642851239.41	11700	16.898278	0.0	2629283	5	11.7
1642851239.44	11700	18.87232	0.0	2662617	6	11.7
1642851239.92	11700	20.431253	0.0	2614451	364	11.7
1642851241.11	32800	21.305298	0.0	7420242	1039	11.699999999999996
1642851242.21	32800	22.205082	0.0	7455282	970	32.8
1642851243.48	32800	22.936482	0.0	7960895	1136	32.8
1642851244.72	32800	23.690492	0.0	6396912	1118	32.8
1642851245.87	32800	24.548358	0.0	7253832	1011	32.8
1642851246.82	32800	25.595929	0.0	7034316	820	32.8
1642851247.78	32800	26.634952	0.0	7133512	832	32.8
1642851248.89	32800	27.522164	0.0	7041401	976	32.8
1642851249.86	32800	28.555862	0.0	7143328	832	32.8
1642851250.84	32800	29.570096	0.0	7338535	856	32.8
1642851251.58	32800	30.837231	0.0	6896645	603	32.8
1642851252.44	32800	32.014924	0.0	6714054	734	32.8
1642851253.5	32800	32.954641	0.0	7018701	926	32.8
1642851254.77	32800	33.686674	0.0	6838204	1141	32.8
1642851256.35	32800	34.105914	0.0	6922846	1450	32.8
1642851257.98	32800	34.473357	0.0	6926196	1494	32.8
1642851260.58	32800	33.875235	0.0	7072104	2471	32.8
1642851261.75	11700	34.961645	0.0	2621613	919	-9.400000000000002
1642851263.23	11700	35.591433	0.0	2518225	1368	11.7
1642851264.7	11700	36.117834	0.0	2654985	1364	11.7
1642851266.62	11700	36.269299	0.0	2594029	1816	11.7
1642851267.67	11700	37.338856	0.0	2522793	930	11.7
1642851269.18	11700	37.980762	0.0	2591593	1406	11.7
1642851270.61	11700	38.606739	0.0	2642305	1313	11.7
1642851271.73	11700	39.925914	0.0	2719235	1007	11.7
1642851273.3	11700	40.424347	0.0	2765120	1463	11.7
1642851274.33	11700	41.394327	0.0	2628469	920	11.7
1642851275.89	11700	42.002649	0.0	2728942	1454	11.7
1642851277.08	11700	43.071602	0.0	2718244	1077	11.7
1642851278.95	11700	43.696189	0.0	2695178	1764	11.7
1642851280.04	11700	44.825284	0.0	2782060	973	11.7
1642851281.27	11700	45.673258	0.0	2573837	1121	11.7
1642851282.54	11700	46.402453	0.0	2659966	1154	11.7
1642851283.62	11700	47.601599	0.0	2747985	962	11.7
1642851285.15	11700	48.122915	0.0	2644475	1425	11.7
1642851286.7	11700	48.883046	0.0	2864046	1435	11.7
1642851288.29	11700	49.497245	0.0	2785470	1485	11.7
1642851289.37	11700	50.422426	0.0	2752189	962	11.7
1642851289.4	11700	52.39446	0.0	2884569	6	11.7
1642851292.17	11700	51.824912	0.0	2854371	2671	11.7
1642851292.2	8200	53.800527	0.0	2057135	3	4.699999999999999
1642851293.76	8200	54.411007	0.0	2069513	1448	8.2
1642851293.77	8200	54.432614	0.0	96593	0	8.2

1642851293.79	8200	54.415016	0.014	96593	1	-3.6400000000000006
1642851293.81	11700	54.399811	0.0	139786	0	8.2
1642851293.82	8200	54.385968	0.0	96593	1	4.699999999999999
1642851293.83	8200	54.374923	0.0	96593	1	8.2
1642851293.85	11700	54.359752	0.0	139786	1	8.2
1642851293.86	11700	54.346773	0.0	139786	1	11.7
1642851293.87	8200	54.333102	0.0	96593	1	4.699999999999999
1642851293.88	11700	54.320761	0.0	139786	0	8.2
1642851293.9	11700	54.310665	0.0	139786	0	11.7
1642851293.91	8200	54.296005	0.0	96593	0	4.699999999999999
1642851293.92	11700	54.283213	0.0	139786	1	8.2
1642851293.93	11700	54.273086	0.0	139786	1	11.7
1642851293.95	8200	54.259463	0.0	96593	0	4.699999999999999
1642851293.96	11700	54.242474	0.0	139786	0	8.2
1642851293.98	11700	54.229732	0.0	139786	0	11.7
1642851293.99	8200	54.215537	0.0	96593	0	4.699999999999999
1642851294.01	11700	54.200956	0.0	139786	1	8.2
1642851294.02	11700	54.189756	0.0	139786	0	11.7
1642851294.03	8200	54.175956	0.0	96593	1	4.699999999999999
1642851294.04	11700	54.163433	0.0	139786	0	8.2
1642851294.05	11700	54.152106	0.0	139786	0	11.7
1642851294.07	8200	54.138493	0.0	96593	0	4.699999999999999
1642851294.08	11700	54.124869	0.0	139786	1	8.2
1642851294.09	11700	54.113571	0.0	139786	0	11.7
1642851294.11	8200	54.099437	0.0	96593	0	4.699999999999999
1642851294.12	11700	54.087195	0.0	139786	1	8.2
1642851294.13	11700	54.07644	0.0	139786	0	11.7
1642851294.15	8200	54.075322	0.0	96593	1	4.699999999999999
1642851294.16	11700	54.075322	0.0	139786	0	8.2
1642851294.16	11700	54.075322	0.0	139786	0	11.7
1642851294.17	8200	54.075322	0.0	96593	0	4.699999999999999
1642851294.19	11700	54.072902	0.0	139786	0	8.2
1642851294.2	11700	54.063366	0.0	139786	1	11.7
1642851294.2	8200	54.053544	0.0	96593	1	4.699999999999999
1642851294.21	11700	54.043576	0.0	139786	0	8.2
1642851294.22	11700	54.034263	0.0	139786	0	11.7
1642851294.24	8200	54.023123	0.0	96593	0	4.699999999999999
1642851294.25	11700	54.012362	0.0	139786	1	8.2
1642851294.25	11700	54.003374	0.0	139786	1	11.7
1642851294.26	8200	53.993822	0.0	96593	0	4.699999999999999
1642851294.28	11700	53.983731	0.0	139786	0	8.2
1642851294.28	11700	53.975019	0.0	139786	0	11.7
1642851294.29	8200	53.965512	0.0	96593	1	4.699999999999999
1642851294.3	11700	53.955421	0.0	139786	1	8.2
1642851294.31	11700	53.947924	0.0	139786	0	11.7
1642851294.32	8200	53.93865	0.0	96593	1	4.699999999999999
1642851294.33	11700	53.927884	0.0	139786	0	8.2
1642851294.34	11700	53.919393	0.0	139786	0	11.7
1642851294.35	8200	53.909669	0.0	96593	1	4.699999999999999
1642851294.36	11700	53.898748	0.0	139786	1	8.2
1642851294.37	11700	53.890168	0.0	139786	0	11.7
1642851294.38	8200	53.880214	0.0	96593	0	4.699999999999999
1642851294.39	11700	53.867598	0.0	139786	0	8.2
1642851294.4	11700	53.858634	0.0	139786	0	11.7
1642851294.41	8200	53.849213	0.0	96593	0	4.699999999999999
1642851294.42	11700	53.839398	0.0	139786	1	8.2
1642851294.43	11700	53.83145	0.0	139786	1	11.7
1642851294.44	8200	53.821006	0.0	96593	0	4.699999999999999
1642851294.45	11700	53.811003	0.0	139786	0	8.2
1642851294.46	11700	53.801383	0.0	139786	1	11.7
1642851294.47	8200	53.789875	0.0	96593	0	4.699999999999999
1642851294.48	11700	53.777771	0.0	139786	0	8.2
1642851294.49	11700	53.767077	0.0	139786	0	11.7
1642851294.5	8200	53.7549	0.0	96593	0	4.699999999999999
1642851294.52	11700	53.742431	0.0	139786	1	8.2
1642851294.53	11700	53.7315	0.0	139786	1	11.7
1642851294.55	8200	53.725419	0.0	96593	1	4.699999999999999
1642851294.56	11700	53.725419	0.0	139786	1	8.2
1642851294.57	11700	53.725419	0.0	139786	1	11.7
1642851294.58	8200	53.725419	0.0	96593	0	4.699999999999999
1642851294.6	11700	53.725419	0.0	139786	1	8.2
1642851294.61	11700	53.725419	0.0	139786	0	11.7
1642851294.63	8200	53.716354	0.0	96593	0	4.699999999999999
1642851294.64	11700	53.701356	0.0	139786	1	8.2
1642851294.65	11700	53.689874	0.0	139786	0	11.7
1642851294.67	8200	53.675338	0.0	96593	0	4.699999999999999
1642851294.69	11700	53.658646	0.0	139786	1	8.2
1642851294.7	11700	53.645916	0.0	139786	0	11.7
1642851294.71	8200	53.630697	0.0	96593	0	4.699999999999999
1642851294.73	11700	53.614096	0.0	139786	1	8.2
1642851294.74	11700	53.609663	0.0	139786	1	11.7
1642851294.76	8200	53.609663	0.0	96593	1	4.699999999999999
1642851294.77	11700	53.609663	0.0	139786	1	8.2
1642851294.79	11700	53.609663	0.0	139786	1	11.7
1642851294.8	8200	53.609663	0.0	96593	0	4.699999999999999
1642851294.97	8200	1.999999	0.002	385365	6	7.68
1642851294.98	8200	3.999999	0.0	790650	2	8.2
1642851295.01	8200	5.983877	0.0	911646	7	8.2
1642851295.02	8200	7.968446	0.0	844970	2	8.2
1642851295.07	11700	9.916366	0.0	3938957	10	8.2
1642851299.37	11700	7.620261	0.0	4536725	4176	11.7
1642851304.23	8200	4.940041	0.0	3920262	4745	4.699999999999999
1642851304.28	11700	6.897558	0.0	4892753	7	8.2
1642851304.32	11700	8.858336	0.0	5587559	9	11.7
1642851304.34	8200	10.830168	0.0	2809333	4	4.699999999999999
1642851307.17	11700	10.007745	0.0	3375218	2701	8.2
1642851307.86	11700	11.312367	0.0	2615238	584	11.7
1642851307.89	8200	13.285074	0.0	1563332	5	4.699999999999999
1642851308.23	8200	14.942497	0.0	1704148	237	8.2
1642851308.26	8200	16.91781	0.0	1775648	5	8.2
1642851308.62	8200	18.553651	0.0	1890012	263	8.2
1642851309.67	8200	19.597908	0.0	1883924	934	8.2
1642851309.69	8200	21.570837	0.0	1840696	6	8.2
1642851311.1	8200	22.22814	0.0	1872134	1309	8.2
1642851313.11	11700	22.434699	0.0	2700523	1889	8.2
1642851314.56	8200	22.978778	0.0	1917979	1342	4.699999999999999
1642851315.84	8200	23.69622	0.0	1657573	1159	8.2
1642851318.18	8200	23.444262	0.0	1735653	2215	8.2
1642851319.98	11700	23.650938	0.0	2399571	1680	8.2
1642851320.93	8200	24.700452	0.0	1790499	843	4.699999999999999
1642851321.37	11700	26.254301	0.0	2410904	336	8.2
1642851321.82	11700	27.804751	0.0	2442104	342	11.7
1642851322.87	11700	28.759008	0.0	2472140	935	11.7
1642851323.06	11700	30.568592	0.0	2434805	84	11.7
1642851323.25	11700	32.378371	0.0	2397182	84	11.7
1642851323.44	11700	34.186869	0.0	2417206	85	11.7
1642851323.63	11700	35.9979	0.0	2399895	83	11.7
1642851323.82	11700	37.80476	0.0	2448718	85	11.7
1642851324.01	11700	39.614931	0.0	2478629	81	11.7
1642851324.2	11700	41.424848	0.0	2529063	84	11.7
1642851324.22	11700	43.400408	0.0	2621613	5	11.7
1642851324.25	11700	45.379156	0.0	2518225	5	11.7
1642851324.63	32800	46.991721	0.0	7307337	243	11.699999999999996
1642851325.04	32800	48.581224	0.0	7344127	281	32.8
1642851325.47	32800	50.157555	0.0	7064203	292	32.8
1642851325.91	32800	51.713234	0.0	7516082	317	32.8
1642851326.38	32800	53.247812	0.0	7278398	339	32.8
1642851326.86	32800	54.765694	0.0	7481760	356	32.8
1642851334.21	152400	49.414652	0.0	35599566	6801	32.80000000000001
1642851341.96	32800	43.66703	0.0	7236548	7604	-86.8
1642851344.2	11700	43.422551	0.0	2728942	2048	-9.400000000000002
1642851347.52	11700	42.118527	0.0	2718244	3190	11.7
1642851347.54	11700	44.081957	0.0	2695178	4	11.7
1642851349.0	8200	44.622401	0.0	1928522	1350	4.699999999999999
1642851349.03	11700	46.593479	0.0	2573837	4	8.2
1642851350.44	8200	47.183528	0.0	1838013	1287	4.699999999999999
1642851350.47	11700	49.152991	0.0	2747985	6	8.2
1642851350.5	11700	51.12457	0.0	2644475	7	11.7
1642851350.53	11700	53.093857	0.0	2864046	7	11.7
1642851350.56	11700	55.064162	0.0	2785470	8	11.7
1642851350.59	11700	57.033063	0.0	2752189	7	11.7
1642851350.62	11700	59.003524	0.0	2884569	7	11.7
1642851352.15	11700	59.688238	0.0	2854371	8	11.7
1642851355.37	11700	58.256185	0.0	2998361	3104	11.7
1642851355.9	8200	59.938313	0.0	2069513	6	4.699999999999999
1642851355.93	11700	59.725372	0.0	139786	9	8.2

1642851355.95	8200	59.704279	0.016	96593	1	-4.16
1642851355.97	11700	59.68971	0.0	139786	0	8.2
1642851356.96	8200	1.999999	0.006	385365	1	3.139999999999999
1642851356.98	8200	3.999999	0.0	790650	1	8.2
1642851357.0	8200	5.994004	0.0	911646	3	8.2
1642851357.02	8200	7.967815	0.0	844970	1	8.2
1642851357.07	11700	9.920452	0.0	3938957	8	8.2
1642851357.12	11700	11.873278	0.0	4536725	11	11.7
1642851359.9	11700	11.093609	0.0	5378836	2656	11.7
1642851359.94	11700	13.050495	0.0	4892753	10	11.7
