1643171460.42	8200	1.999999	0.355	546328	251	-92.3
1643171460.63	11700	3.790243	0.0	1102047	107	8.2
1643171460.79	11700	5.634306	0.0	1111083	55	11.7
1643171460.94	11700	7.479451	0.0	1066380	52	11.7
1643171461.28	11700	9.146294	0.0	3938957	205	11.7
1643171462.34	32800	10.080987	0.0	15664097	853	11.699999999999996
1643171463.38	32800	11.037784	0.0	15560661	891	32.8
1643171464.75	32800	11.670936	0.0	15851372	1201	32.8
1643171467.61	32800	10.812569	0.0	14688721	2702	32.8
1643171468.54	32800	11.879778	0.0	12381646	784	32.8
1643171469.45	32800	12.970883	0.0	10179458	772	32.8
1643171470.24	32800	14.180442	0.0	7987681	662	32.8
1643171470.77	32800	15.796823	0.0	6249975	398	32.8
1643171471.3	32800	17.458843	0.0	6462926	408	32.8
1643171471.87	32800	19.117133	0.0	6930236	440	32.8
1643171472.42	32800	20.784311	0.0	7176786	431	32.8
1643171472.96	32800	22.401428	0.0	6963959	406	32.8
1643171473.58	32800	23.89428	0.0	7320305	498	32.8
1643171474.21	32800	25.654138	0.0	7420242	502	32.8
1643171474.73	32800	27.337146	0.0	7455282	403	32.8
1643171475.36	32800	28.919921	0.0	7960895	494	32.8
1643171475.97	32800	30.527862	0.0	6396912	498	32.8
1643171476.93	32800	31.923345	0.0	7253832	822	32.8
1643171477.77	32800	33.456655	0.0	7034316	717	32.8
1643171478.42	32800	35.023018	0.0	7133512	520	32.8
1643171478.95	32800	36.657693	0.0	7041401	410	32.8
1643171479.44	32800	38.338783	0.0	7143328	367	32.8
1643171479.93	32800	39.92885	0.0	7338535	367	32.8
1643171480.39	32800	41.781424	0.0	6896645	344	32.8
1643171480.85	32800	43.493397	0.0	6714054	336	32.8
1643171488.43	260000	40.617849	0.0	70991563	6895	32.80000000000001
1643171489.99	32800	41.319862	0.0	6838204	938	-194.39999999999998
1643171490.71	32800	42.684773	0.0	6922846	605	32.8
1643171491.41	32800	44.017418	0.0	6926196	573	32.8
1643171492.09	32800	45.409721	0.0	7072104	549	32.8
1643171492.81	32800	46.690895	0.0	7515735	583	32.8
1643171493.57	32800	48.075468	0.0	7011028	639	32.8
1643171494.31	32800	49.396241	0.0	7307337	613	32.8
1643171494.86	32800	50.844489	0.0	7344127	428	32.8
1643171495.21	32800	52.499507	0.0	7064203	222	32.8
1643171495.45	32800	54.253558	0.0	7516082	111	32.8
1643171495.7	32800	55.999959	0.0	7278398	131	32.8
1643171495.94	32800	57.954763	0.0	7481760	103	32.8
1643171497.09	260000	58.952292	0.0	60581734	758	32.80000000000001
1643171498.57	260000	59.586747	0.0	55686462	1126	260.0
1643171500.39	260000	59.978717	0.0	61687104	1444	260.0
1643171502.87	260000	59.848528	0.0	56994559	1609	260.0
1643171504.75	260000	59.885124	0.0	55162012	1497	260.0
1643171507.33	260000	59.836435	0.0	63612323	1675	260.0
1643171509.08	260000	59.998048	0.0	53712380	1405	260.0
1643171512.02	260000	59.168464	0.0	59826276	2431	260.0
1643171514.29	260000	59.227948	0.0	58861434	1871	260.0
1643171517.36	260000	58.521789	0.0	53320981	2663	260.0
1643171523.51	260000	54.585893	0.0	62494429	5783	260.0
1643171524.1	32800	56.001827	0.0	7845705	456	-194.39999999999998
1643171524.76	32800	57.458023	0.0	7682661	537	32.8
1643171525.44	32800	58.777805	0.0	8703604	552	32.8
1643171526.54	32800	59.762843	0.0	8166986	475	32.8
1643171528.66	32800	59.762813	0.0	8155312	474	32.8
1643171530.87	32800	59.892142	0.0	9057843	583	32.8
1643171530.98	32800	59.925476	0.0	296571	20	32.8

1643171531.41	8200	1.999999	0.133	427088	31	-34.58
1643171531.65	32800	3.796987	0.0	1705511	121	8.199999999999996
1643171531.86	32800	5.587121	0.0	1560846	108	32.8
1643171532.07	32800	7.373577	0.0	1542804	107	32.8
1643171533.11	32800	8.334509	0.0	12166782	851	32.8
1643171534.89	32800	8.558635	0.0	15664097	1598	32.8
1643171536.24	32800	9.203409	0.0	15560661	1203	32.8
1643171537.33	32800	10.111771	0.0	15851372	925	32.8
1643171538.33	32800	11.115376	0.0	14688721	844	32.8
1643171539.14	32800	12.30222	0.0	12381646	666	32.8
1643171540.27	32800	13.454278	0.0	10179458	987	32.8
1643171541.02	32800	14.889963	0.0	7987681	622	32.8
1643171541.59	32800	16.357396	0.0	6249975	437	32.8
1643171542.17	32800	17.92726	0.0	6462926	457	32.8
1643171542.89	32800	19.574872	0.0	6930236	606	32.8
1643171543.81	32800	20.986811	0.0	7176786	795	32.8
1643171546.3	32800	21.67017	0.0	6963959	2365	32.8
1643171547.9	32800	22.658708	0.0	7320305	1470	32.8
1643171548.21	32800	24.42297	0.0	7420242	192	32.8
1643171548.41	32800	26.258076	0.0	7455282	73	32.8
1643171548.62	32800	28.148884	0.0	7960895	80	32.8
1643171548.75	11700	30.031154	0.0	2343098	22	-9.400000000000002
1643171548.94	32800	31.93464	0.0	7253832	73	11.699999999999996
1643171551.25	260000	32.568441	0.0	74749470	1509	32.80000000000001
1643171553.22	260000	33.351856	0.0	75910911	1528	260.0
1643171554.72	260000	34.46486	0.0	74070687	1054	260.0
1643171559.06	260000	33.840325	0.0	73938718	3912	260.0
1643171560.56	260000	34.752024	0.0	73613985	1067	260.0
1643171561.97	260000	35.605493	0.0	69503182	986	260.0
1643171563.52	260000	36.279966	0.0	72822670	1157	260.0
1643171565.08	260000	36.796615	0.0	70991563	1144	260.0
1643171566.41	260000	37.69825	0.0	66218671	811	260.0
1643171567.95	260000	38.410684	0.0	71469145	991	260.0
1643171569.17	260000	39.5613	0.0	64074874	856	260.0
1643171570.59	260000	40.289834	0.0	65041967	1065	260.0
1643171572.01	260000	41.141201	0.0	65860507	966	260.0
1643171573.53	260000	41.959536	0.0	60900183	1128	260.0
1643171575.3	260000	42.512	0.0	65223805	1360	260.0
1643171577.1	260000	43.309817	0.0	61492275	1216	260.0
1643171578.58	260000	43.971669	0.0	57534179	1116	260.0
1643171580.2	260000	44.60885	0.0	64191273	1211	260.0
1643171581.84	260000	45.34388	0.0	57421190	1202	260.0
1643171583.52	260000	45.721452	0.0	60358582	1259	260.0
1643171585.1	260000	46.233817	0.0	60581734	1178	260.0
1643171586.9	260000	46.557217	0.0	55686462	1421	260.0
1643171588.89	260000	46.573327	0.0	61687104	1538	260.0
1643171590.59	260000	47.73238	0.0	56994559	1371	260.0
1643171592.21	260000	49.443779	0.0	55162012	1266	260.0
1643171594.03	260000	51.137165	0.0	63612323	1457	260.0
1643171595.57	260000	52.803995	0.0	53712380	1200	260.0
1643171597.31	260000	54.498703	0.0	59826276	1291	260.0
1643171598.94	260000	56.153016	0.0	58861434	1310	260.0
1643171600.44	260000	57.852357	0.0	53320981	1189	260.0
1643171602.04	260000	59.707218	0.0	62494429	1220	260.0
1643171610.99	260000	59.889882	0.0	53458888	1016	260.0
1643171621.97	260000	59.833336	0.0	53798130	1548	260.0
1643171631.76	260000	59.879389	0.0	61358299	1763	260.0
1643171642.15	260000	59.809183	0.0	50406269	1509	260.0
1643171652.15	260000	59.87464	0.0	43226513	1756	260.0
