1642922103.22 2.22084552846
1642922103.52 3.95660206568
1642922103.72 5.80252338163
1642922103.94 7.52904067229
1642922104.61 8.8952490321
1642922105.27 36.5720150793
1642922108.33 48.7352475204
1642922110.33 46.8636400326
1642922112.6 45.1153753819
1642922114.97 49.4498516902
1642922117.12 52.1183984365
1642922119.14 74.2932714296
1642922121.09 51.0718845715
1642922123.31 35.6589253604
1642922125.51 50.5995547714
1642922127.48 50.869203594
1642922129.88 49.4653224364
1642922132.18 49.3302008685
1642922134.28 49.8360657974
1642922136.7 49.2049129553
1642922139.22 45.7754920446
1642922143.46 53.2934803043
1642922148.2 30.2095541225
1642922149.86 31.1422675625
1642922151.48 32.7158880351
1642922152.94 36.2257590648
1642922154.29 47.6940259198
1642922155.75 78.9739950163
1642922157.49 77.083465421
1642922159.63 68.2525453253
1642922161.64 60.4223733174
1642922163.59 54.0713686253
1642922165.76 48.3552969103
1642922168.02 43.5620050246
1642922170.21 29.9096748212
1642922172.51 40.4126117511
1642922174.56 38.4933740147
1642922176.76 37.3317373296
1642922179.11 37.0159530844
1642922181.11 36.569643032
1642922183.82 34.5647128661
1642922186.04 33.6260929797
1642922195.92 32.8561125368
1642922207.15 22.41374918
1642922217.54 11.5533148069
1642922228.96 14.5162671802
1642922239.23 13.7984615267
1642922249.92 13.2068193688
1642922261.49 15.3837370093
1642922272.53 19.3242492188
1642922282.57 21.0180899357
1642922293.57 20.2981515608
