1642945196.05 2.19408835341
1642945196.34 3.89240547979
1642945196.54 5.65526941605
1642945196.74 7.30819023843
1642945197.27 8.8572539833
1642945197.84 39.6499899826
1642945202.99 43.5771263192
1642945208.33 32.7269781629
1642945212.78 26.5523645093
1642945214.9 24.5614006043
1642945217.21 22.8790274288
1642945218.06 27.827464438
1642945219.3 37.4633316739
1642945220.7 54.3756632251
1642945222.09 71.1868601479
1642945223.77 99.1795198876
1642945225.69 85.392120217
1642945231.4 75.4615146212
1642945234.5 58.3650763845
1642945237.58 47.7746597307
1642945240.02 42.2921712512
1642945242.2 40.9985539768
1642945244.05 41.3913379563
1642945245.74 48.7010185447
1642945247.6 55.5172536338
1642945249.06 67.0514794662
1642945250.69 72.0595540607
1642945254.62 51.2321452049
1642945258.58 37.167916895
1642945260.0 38.6233371634
1642945261.62 38.0373092517
1642945262.99 38.5868541431
1642945264.69 49.1903044804
1642945266.33 72.6083582587
1642945268.02 68.7160593799
1642945270.04 61.7276641763
1642945271.88 56.1374937692
1642945274.35 48.4727039119
1642945284.56 20.4360364032
1642945290.94 15.2405603139
1642945298.24 12.1046623583
1642945299.36 12.3973465575
1642945300.5 13.0008388347
1642945301.97 20.7473758247
1642945303.66 31.1665453117
1642945309.26 68.9807345874
1642945320.59 58.698368958
1642945330.18 48.9093100519
1642945342.04 43.367989218
1642945352.19 40.5945672186
1642945361.5 37.3494207757
1642945372.06 36.7668964866
1642945382.13 36.4999613896
1642945392.2 36.8160905793
