1642943819.84 3.25195238095
1642943820.13 5.52266896912
1642943820.32 8.02834667905
1642943820.52 10.3978521885
1642943823.06 12.350570113
1642943824.55 43.2461791627
1642943827.25 59.5825194279
1642943829.86 53.5670206143
1642943832.23 48.5904731589
1642943834.61 48.1568940249
1642943837.13 46.6642384745
1642943839.66 47.151625975
1642943842.17 46.0845886957
1642943844.44 45.8408730321
1642943846.71 46.4122665947
1642943848.64 47.8546175024
1642943850.78 50.1203714412
1642943853.21 50.0471293749
1642943855.39 51.1648766871
1642943857.37 52.8308836003
1642943859.27 54.3515479975
1642943861.28 55.7917597772
1642943863.11 62.230986817
1642943864.69 66.5198140042
1642943866.61 65.4944409348
1642943868.65 61.7669360595
1642943870.93 56.5096484348
1642943873.18 51.4287477988
1642943875.26 47.3933286229
1642943877.52 44.9698041537
1642943879.92 43.1150208889
1642943882.13 41.9893995528
1642943884.89 39.3779567383
1642943887.5 36.6280745509
1642943890.2 34.1369520709
1642943892.64 33.1947824294
1642943894.88 32.7030414457
1642943897.2 33.4850160018
1642943899.22 35.0396189767
1642943901.21 37.1852019906
1642943903.24 39.1738278854
1642943912.58 40.3172557923
1642943924.16 41.0461526302
1642943934.15 41.5372789752
1642943945.26 40.612534615
1642943956.87 40.1307498056
1642943967.92 39.3589592133
1642943977.96 39.0154800383
1642943988.95 37.4990636037
1642943999.37 38.1476692436
1642944008.88 36.2148881222
