1643170824.36 2194.08835341
1643170824.56 12110.4065934
1643170824.67 85467.9230769
1643170824.79 96943.6363636
1643170825.0 48036.0609756
1643170825.48 56345.6726619
1643170827.8 59603.8600563
1643170830.2 49281.3808156
1643170832.61 45152.0613851
1643170834.51 57898.1547536
1643170836.41 55993.4720708
1643170838.56 51392.9351912
1643170840.5 52111.1235253
1643170843.15 38763.3343166
1643170845.36 46864.5015088
1643170847.68 40011.1579787
1643170850.35 37791.8909953
1643170852.67 42153.7451717
1643170855.05 44103.7635551
1643170857.09 49634.338125
1643170858.85 55626.2498113
1643170861.03 47688.2089728
1643170863.08 48524.2575
1643170865.16 45971.3837638
1643170867.04 52208.329436
1643170868.85 58231.6721698
1643170870.4 65374.6401415
1643170872.12 65844.3515206
1643170874.25 40268.3557358
1643170876.52 38900.9989316
1643170879.03 46683.03814
1643170881.41 34506.8634706
1643170883.88 35293.4049383
1643170885.96 36740.1800459
1643170887.9 40676.6522827
1643170889.72 45327.2587749
1643170891.3 51047.9321039
1643170892.83 58496.6860987
1643170894.1 65417.3138298
1643170895.21 74429.7270375
1643170896.75 58891.0761468
1643170907.33 47143.8341544
1643170918.76 40400.6572959
1643170929.77 39518.4174821
1643170940.25 37099.57495
1643170951.21 40213.2359844
1643170961.64 37447.1478318
1643170972.62 36725.7070573
1643170983.15 42493.2017368
1643170993.75 14691.5700219
1643171003.54 21574.5676163
1643171015.0 38699.1676529
