1643161473.91 2176.60557769
1643161474.12 11020.47
1643161474.27 27099.5853659
1643161474.41 27343.0769231
1643161474.7 25577.6428571
1643161475.58 24285.4217054
1643161476.35 25762.6837748
1643161481.12 24360.8415673
1643161485.55 22376.450598
1643161490.04 21938.27005
1643161493.74 25711.1094776
1643161497.63 23248.1087658
1643161501.17 24309.5270314
1643161504.63 26708.8827913
1643161508.49 23997.0577874
1643161512.46 21516.2977689
1643161520.54 10565.9056579
1643161521.93 6278.13464837
1643161523.41 5484.28824834
1643161524.95 5261.31404375
1643161525.85 10338.8246753
1643161526.53 11464.0
1643161526.91 29015.328
1643161527.26 30190.1974249
1643161527.63 29972.7394958
1643161528.04 24197.2542955
1643161528.46 24297.0340136
1643161533.41 22680.3650968
1643161533.92 18342.1409574
1643161534.62 11457.4300341
1643161534.82 89983.3461538
1643161535.02 92408.1621622
1643161535.21 92304.6133333
1643161535.41 89950.5974026
1643161535.61 95568.972973
1643161536.87 81108.9987685
1643161538.22 60059.352071
1643161539.45 84159.7483871
1643161540.73 71752.9463244
1643161542.34 50915.2026549
1643161544.32 41845.6799218
1643161547.49 44547.0830101
1643161557.92 41088.2110279
1643161568.06 27802.5396971
1643161578.03 8197.79671924
1643161589.29 4579.04753086
1643161599.92 5360.73833098
1643161602.81 7732.17989418
1643161605.11 45560.2807018
1643161607.08 21503.7177177
1643161609.36 49775.1315789
1643161611.68 45051.0558659
1643161613.49 41527.9772727
1643161615.18 48072.6376923
1643161617.44 56992.4179104
1643161619.95 47274.2794376
1643161621.71 101299.078538
1643161631.53 25509.2454453
1643161636.28 10083.1614182
1643161637.03 15121.6076795
1643161637.15 17445.3529412
1643161637.64 16426.4615385
1643161637.84 20303.702381
1643161638.02 20270.7272727
1643161638.21 20036.4155844
1643161638.95 22161.715847
1643161639.81 25763.3174342
1643161645.09 20065.5040246
1643161651.41 15156.1356651
1643161652.86 11404.2864907
1643161654.83 6788.18311404
1643161656.82 5505.38561385
1643161659.73 2878.4436036
1643161661.15 4815.08089368
1643161662.65 4700.30981818
1643161664.1 3755.81833948
1643161664.73 5075.83590734
1643161665.11 9825.15498155
1643161666.37 4639.5645836
1643161669.84 2220.29982047
1643161670.43 5733.59447983
1643161671.01 5714.74576271
1643161671.53 5728.84596577
1643161671.93 8382.03103448
1643161672.32 8539.39857651
1643766333.59 2194.08835341
1643766333.8 10911.3564356
1643766333.95 25839.1395349
1643766334.09 26659.5
1643766334.37 26085.807947
1643766335.15 27194.6128472
1643766336.03 21672.229805
1643766340.37 24584.2074499
1643766344.56 23072.3402145
1643766348.87 21760.8870631
1643766353.35 21092.7423659
1643766357.13 24399.7843077
1643766360.47 25965.4664592
1643766364.2 24600.5060842
1643766368.48 21281.0301452
1643766373.94 15053.2273364
1643766384.44 8018.99537409
1643766384.81 29878.7959184
1643766385.18 30163.5853659
1643766385.62 24284.3061889
1643766386.07 24271.0213415
1643766386.48 22524.3380282
1643766391.45 17037.2639895
1643766392.19 11456.5407166
1643766392.4 90297.6202532
1643766392.59 96457.5479452
1643766392.79 95244.3733333
1643766392.99 96559.6710526
1643766393.19 95786.7361111
1643766394.43 87212.7784431
1643766395.54 99011.9428173
1643766396.75 89243.4919137
1643766398.48 54514.9847445
1643766400.24 46431.0681159
1643766402.29 42152.9274141
1643766404.21 44986.6851093
1643766405.97 44812.4966887
1643766407.99 45483.8249651
1643766409.75 45115.3888481
1643766411.35 45409.7703236
1643766413.2 47130.1563877
1643766414.88 47890.9007506
1643766422.8 40292.7783712
1643766434.86 27507.9766914
1643766445.83 2309.63487808
1643766455.94 5329.06393678
1643766467.84 11130.8135095
1643766470.75 10528.6887608
1643766473.1 36576.5633803
1643766474.88 50785.3758865
1643766477.15 55224.9635036
1643766479.41 190491.472441
1643766490.4 8568.49237984
1643766492.69 7368.73073352
1643766494.98 12051.7741935
1643766497.07 16346.087234
1643766499.22 16933.0817121
1643766501.85 16532.3603239
1643766504.02 14963.8752294
1643766513.8 14021.4287926
1643766514.26 1110.75280899
1643766514.8 2847.25333333
1643766514.82 367349.0
1643766514.85 222216.6
1643766515.5 2044.53220249
1643766515.54 468923.452381
1643766517.25 2039.34415176
1643766518.55 4585.53793691
1643766519.6 5261.02473118
1643766520.84 3550.81278597
1643766521.86 3449.95974743
1643766522.49 6490.80384615
1643766523.59 6012.1037182
1643766526.84 1999.992
1643766527.46 4784.446
1643766528.01 5727.34252874
1643766528.58 5728.28540305
1643766529.16 5726.05806452
1643766529.58 8406.59485531
1643766530.86 4665.64512072
1643766532.37 5382.87509025
