1643160071.12 2194.08835341
1643160071.32 12110.4065934
1643160071.43 123453.666667
1643160071.54 133297.5
1643160071.75 45275.3678161
1643160072.21 72856.2651163
1643160072.68 51018.5606557
1643160074.71 85798.884
1643160076.74 66352.9907479
1643160079.09 45220.1848238
1643160081.39 48695.7446682
1643160083.66 50898.1379974
1643160086.2 40372.1123656
1643160088.96 33809.8722127
1643160091.38 39822.8097436
1643160094.0 35498.3374233
1643160096.64 37384.3834974
1643160099.24 37080.9726286
1643160101.51 44153.1242306
1643160103.79 46632.3787434
1643160105.96 43381.2719247
1643160108.19 47491.9611993
1643160110.13 50977.5521996
1643160111.93 55043.7923417
1643160113.7 59866.6490536
1643160115.29 64860.4964974
1643160117.22 50608.294319
1643160119.3 48590.0891089
1643160121.63 37207.2708779
1643160124.17 49951.855953
1643160126.63 36840.4582252
1643160129.21 34010.6168464
1643160132.1 30143.0388022
1643160134.54 31941.6121635
1643160136.96 34819.0401499
1643160139.08 38492.4061952
1643160140.95 42528.0607542
1643160142.72 50056.6423638
1643160144.24 56106.0903285
1643160145.76 52020.0533454
1643160147.52 47796.927029
1643160149.04 52153.6693915
1643160154.19 50678.9101595
1643160164.78 53470.1977052
1643160176.24 37223.5708556
1643160186.37 37798.4705882
1643160196.93 38302.7950269
1643160207.68 41288.9311377
1643160217.68 41522.404047
1643160228.11 37300.2638889
1643160237.05 39593.8292522
1643160248.46 19692.6845099
1643160259.93 37365.789068
1643160268.97 42484.3161115
1643764955.75 2185.312
1643764955.96 12244.9666667
1643764956.08 92590.25
1643764956.19 82029.2307692
1643764956.41 44760.875
1643764956.85 65267.0708333
1643764957.54 29194.4859287
1643764959.32 83951.9412916
1643764961.06 78881.6031164
1643764963.51 42329.3967529
1643764965.91 43956.3727273
1643764968.82 34613.3998254
1643764971.35 35588.6867299
1643764974.15 33867.9647766
1643764976.74 35719.6315547
1643764979.04 40117.8544
1643764981.25 44747.9741863
1643764983.28 51088.8042913
1643764985.07 57761.0783309
1643764986.85 58307.592511
1643764988.33 67248.8877737
1643764989.79 76427.4607379
1643764991.25 73106.2259887
1643764993.09 52418.9831697
1643764994.94 58393.0084615
1643764996.61 61114.4282178
1643764998.76 46096.457606
1643765000.98 41613.3323912
1643765003.0 43548.3596491
1643765005.0 44952.2654321
1643765007.01 44733.183995
1643765009.07 116856.478235
1643765011.22 42139.8260613
1643765013.02 44403.9320859
1643765014.88 43159.8984738
1643765017.01 39296.2452267
1643765018.94 37920.4128269
1643765020.79 45452.1289199
1643765022.92 38360.7454772
1643765024.82 40688.9526167
1643765027.02 35821.0228795
1643765031.43 37727.457293
1643765041.79 32381.2135193
1643765053.27 39777.8949442
1643765064.01 42802.8147579
1643765075.91 42808.5385149
1643765086.4 39717.4627178
1643765097.34 36971.8579088
1643765108.33 40007.7503145
1643765119.07 41508.7944359
1643765129.86 18660.7223955
1643765140.42 36311.8038248
1643765151.79 36773.0903448
1643774018.7 2185.312
1643774018.91 11978.7717391
1643774019.03 79363.0714286
1643774019.14 88865.0
1643774019.35 43766.1888889
1643774019.89 48646.2639752
1643774022.23 58736.4442134
1643774024.2 59376.3903114
1643774026.27 59392.5665977
1643774027.98 68330.2547093
1643774030.04 59911.3826531
1643774032.14 49407.6629283
1643774034.1 50772.2305612
1643774036.07 53526.5594026
1643774038.09 50359.5843061
1643774039.94 53310.4018427
1643774041.76 58546.9089574
1643774044.12 42796.6127451
1643774046.51 40712.9169247
1643774048.93 41105.0419255
1643774051.7 32540.7421634
1643774054.45 35338.5065617
1643774057.0 37129.9913917
1643774059.5 36250.9553831
1643774061.88 42455.7667785
1643774064.05 48475.5804974
1643774066.02 48231.3881279
1643774067.9 56800.9143519
1643774069.45 63299.8014572
1643774070.97 70496.2923524
1643774072.41 77501.7063319
1643774073.86 219995.584718
1643774075.34 207558.020329
1643774077.18 44996.4002809
1643774079.22 42988.742234
1643774081.16 45863.8628134
1643774082.81 47578.2679687
1643774085.01 40587.3086497
1643774087.15 36023.5940246
1643774089.11 36071.5855799
1643774091.27 36680.7274286
1643774102.36 33777.1705882
1643774111.97 37961.372327
1643774122.96 41352.7194539
1643774134.41 26767.1899635
1643774144.37 42513.5106823
1643774155.28 40479.0901989
1643774165.17 39066.5807365
1643774175.22 40751.0076874
1643774186.63 36613.7559646
1643774196.29 19751.1640806
1643774207.25 39584.0174849
1643774219.11 38694.4709724
1643774229.86 38481.7912562
1643774240.25 39599.1762963
1643774250.24 34708.4709677
1643774259.78 39534.9864691
1643774270.04 38244.5136571
1643774280.82 34225.2676168
1643774290.34 29923.4679434
1643774291.36 1891.31137725
1643774291.48 98857.0
1643774291.49 296571.0
1643774291.5 296571.0
1643774292.04 2527.14792899
1643774292.06 367349.0
1643774292.08 370361.0
1643774292.36 9294.0
1643774292.84 41383.6122449
1643774292.94 540141.275862
1643774293.38 54791.0598592
1643774295.72 70616.3654321
1643774297.43 71123.8256198
1643774299.46 53757.2429124
1643774301.52 52255.8277177
1643774303.78 44550.1679775
1643774306.05 41997.8350112
1643774308.46 43900.123608
1643774310.72 44323.3327626
1643774312.83 46634.2076875
1643774314.92 49838.05625
1643774317.03 54947.2594406
