1642920365.02 2.17660557769
1642920365.31 3.88194703316
1642920365.5 5.7232808592
1642920365.7 5.28095884047
1642920366.25 6.34202806642
1642920367.97 25.9557981012
1642920371.64 28.5461739981
1642920376.17 22.7987979083
1642920380.56 19.4971805661
1642920382.72 26.2217684665
1642920385.47 23.0207191019
1642920386.7 25.7653779145
1642920388.22 33.1267467365
1642920389.58 46.8664325416
1642920391.27 58.0820534749
1642920392.6 86.9024279437
1642920399.26 42.9948778166
1642920402.48 36.3104189308
1642920405.49 22.6569351345
1642920408.33 29.200789153
1642920410.38 27.6639573122
1642920412.1 41.1623550402
1642920413.81 48.7118276183
1642920415.54 56.3142703044
1642920417.12 64.0957352542
1642920419.2 65.5636483672
1642920426.32 33.7714167315
1642920428.69 31.4200083786
1642920430.22 32.07850067
1642920431.73 32.1668948938
1642920433.45 32.482990239
1642920435.21 59.2071690228
1642920437.05 65.3370066432
1642920438.66 61.9258223058
1642920440.34 58.9823245616
1642920443.6 46.5073265154
1642920455.27 18.4316214636
1642920462.61 13.900023262
1642920467.66 12.0201759265
1642920469.4 11.9475885796
1642920470.9 12.6655875844
1642920472.26 21.8465744628
1642920473.57 36.0132332763
1642920475.82 54.6813619053
1642920477.16 57.9628242345
1642920479.15 52.5259859606
1642920485.11 46.9346697093
1642920496.24 41.1473020311
1642920506.01 40.4340078049
1642920518.51 37.0167708737
1642920527.23 36.4165843252
1642920538.3 36.5606167046
1642920549.26 37.1690442939
1642920558.78 35.2207514656
