1643171250.0 2194.08835341
1643171250.2 12667.2068966
1643171250.31 123453.666667
1643171250.43 88865.0
1643171250.64 45275.3678161
1643171251.05 74947.8325359
1643171251.46 61994.6653386
1643171253.43 71261.5315615
1643171254.94 92537.4505376
1643171256.34 90982.8146129
1643171258.2 59998.8445255
1643171260.27 49162.6156231
1643171262.47 42186.5893258
1643171264.98 40662.5177927
1643171268.03 31579.698658
1643171270.8 33298.3519256
1643171281.06 8129.35977164
1643171282.44 6272.75492716
1643171283.57 7354.0555005
1643171284.73 7182.35260116
1643171285.8 8514.32620321
1643171286.66 8574.94906166
1643171287.99 6034.80199667
1643171289.1 7134.19472617
1643171290.22 7147.80761523
1643171291.33 7141.38032454
1643171292.45 7150.47847848
1643171293.45 8339.24431818
1643171294.52 7336.85638298
1643171295.8 5802.98530683
1643171297.15 5710.90398698
1643171298.47 5712.78529657
1643171299.84 5564.98874598
1643171301.58 4283.36178108
1643171305.62 1800.89228419
1643171306.65 2855.7875817
1643171307.64 2858.37116913
1643171309.14 1892.36279401
1643171309.93 3843.00592593
1643171310.47 5720.61904762
1643171314.65 4570.71075838
1643171326.12 1429.81872294
1643171336.56 3689.59972863
1643171347.82 4894.01769912
1643171358.53 5153.86078431
1643171369.74 5457.884
1643171380.44 5340.36149312
1643171382.82 10889.5827124
1643171386.17 38378.364532
1643171388.49 36911.0206186
1643171390.83 37270.0492611
1643171393.14 42667.4021164
1643171395.2 7825.40042827
1643171397.52 43131.1032609
1643171399.34 42639.701087
1643171401.65 41753.5923913
1643171403.54 35670.5081967
1643171405.86 43211.5661376
1643171408.23 39296.83
1643171410.0 34589.1097209
1643171410.11 78962.25
1643171410.65 23022.6741573
1643171410.79 103357.529412
1643171410.92 91814.4705882
1643171411.04 110200.285714
1643171411.58 35679.71261
1643171414.92 40004.8404687
1643171417.61 41224.0705253
1643171420.15 41832.7079473
1643171422.64 42603.8757426
1643171424.9 46350.6894444
1643171427.18 46361.2053017
1643171429.16 52067.8260013
1643171431.04 52659.2769986
1643171434.09 30512.624613
1643171436.41 41415.7221333
1643171438.62 42569.8794567
1643171441.46 33917.8604849
1643171444.1 36093.0551217
1643171446.72 37252.8956563
1643171449.25 38852.7108611
