1642939830.55 2.20293548387
1642939830.92 2.03250032433
1642939831.19 2.75404297431
1642939831.45 3.35401236926
1642939832.43 3.85565092209
1642939833.26 6.79906697912
1642939834.43 1.16050531453
1642939835.33 1.04170926822
1642939835.86 1.04113103426
1642939836.21 1.0409065733
1642939836.5 1.13378933205
1642939836.87 7.48876605319
1642939840.74 9.22931559529
1642939844.13 9.09357059067
1642939847.85 8.94995270621
1642939850.38 9.60304277524
1642939855.47 7.33713577414
1642939859.38 7.05838883466
1642939862.81 6.76227859917
1642939863.98 7.79599404807
1642939864.74 8.5071204291
1642939865.4 12.8193653055
1642939866.3 19.4710678786
1642939867.66 41.6697536543
1642939868.78 55.4391590506
1642939870.14 55.5713958268
1642939871.79 53.4041299481
1642939873.51 53.5417431695
1642939875.36 46.2068163776
1642939877.59 38.0532197075
1642939881.12 17.0870766044
1642939883.64 14.9827106601
1642939890.81 6.99027217837
1642939895.73 5.6164015544
1642939900.71 4.71588797408
1642939904.24 4.04628734633
1642939906.37 3.74161903359
1642939909.4 8.25943994727
1642939916.74 7.989910928
1642939918.98 8.34166908912
1642939920.93 9.96685116856
1642939922.72 11.2997787401
1642939926.87 12.0028056943
1642939928.34 19.6190959912
1642939929.68 22.0206625585
1642939931.15 23.9059152183
1642939932.78 24.5274729748
1642939933.95 39.9144233934
1642939935.23 44.4455169156
1642939936.35 46.9200224504
1642939937.62 48.7705689792
1642939939.08 53.2609675309
1642939940.23 66.3485400249
1642939941.68 66.1855981612
1642939942.79 71.4280281664
1642939952.07 71.4698604518
1642939962.09 37.8315303589
1642939972.45 31.8987881199
1642939981.8 26.2589015738
1642939990.46 21.7418447916
1642939991.01 0.35971113612
1642939991.14 1.7333636305
1642939991.2 2.03334399329
1642939991.88 0.914957610885
1642939992.07 0.991096563019
1642939992.26 3.19689490971
1642939992.46 3.37118167248
1642939992.68 3.26075013916
1642939992.82 56.5483733957
1642939995.6 49.7654750575
1642939997.57 47.3688334286
1642940000.18 36.5696226198
1642940002.53 31.2216971152
1642940005.19 24.492651203
1642940007.76 23.4549528864
1642940014.07 8.39739570502
1642940016.48 7.42013120452
1642940018.94 6.45720887363
1642940019.98 6.72489940888
1642940020.85 7.04345625281
1642940021.72 22.4661876287
1642940023.32 29.3525436675
1642940025.15 45.0569689389
1642940026.74 45.0531389561
1642940028.36 45.270906375
1642940029.88 50.7434114534
