1643169901.01 2194.08835341
1643169901.21 12110.4065934
1643169901.32 92590.25
1643169901.44 106638.0
1643169901.65 45275.3678161
1643169902.19 49727.2920635
1643169904.2 75810.9919499
1643169905.87 72221.2828283
1643169908.24 46797.079391
1643169910.73 41180.2769003
1643169913.05 44003.4352248
1643169915.27 44700.8449831
1643169917.95 33374.2795556
1643169920.62 35920.101139
1643169923.0 39782.0076844
1643169925.42 38634.2973806
1643169927.67 43431.8572985
1643169930.11 43291.7801653
1643169932.13 51368.250651
1643169934.19 55187.5892981
1643169935.73 64035.4309296
1643169937.57 59138.9648609
1643169939.7 45217.7122889
1643169941.66 49144.9506903
1643169943.51 52825.9645094
1643169945.43 49216.4033223
1643169947.54 43391.2664319
1643169949.53 45836.8524284
1643169951.79 37773.4684783
1643169957.99 12758.0010512
1643169959.33 82548.3290698
1643169960.58 74992.8323896
1643169962.77 41551.8284884
1643169964.33 53395.7283333
1643169965.84 57763.7362345
1643169967.66 32805.5922495
1643169969.3 47915.1715185
1643169970.96 50095.0883257
1643169972.52 51115.7730673
1643169974.31 42118.7254758
1643169976.5 35981.6552691
1643169983.95 35532.914604
1643169994.92 39501.6897906
1643170005.42 41072.3620339
1643170016.22 41036.449521
1643170026.27 39467.1170825
1643170039.05 42093.4704579
1643170049.97 36873.0026738
1643170061.42 41767.7760998
1643170071.89 36915.7250859
1643170082.15 34205.9897084
1643170093.52 31292.6283892
