1642938306.88 1.31963285024
1642938307.63 1.18971320072
1642938308.2 1.27663484016
1642938309.18 1.18914345326
1642938311.29 1.23089373192
1642938314.04 1.3220603283
1642938316.11 1.34032449675
1642938318.16 1.4290432687
1642938319.65 1.6224367037
1642938321.61 1.49021070724
1642938322.51 1.62833376266
1642938323.08 1.69468078093
1642938324.69 1.48259653622
1642938326.0 1.43816343339
1642938328.71 0.858495863171
1642938331.79 0.682586332292
1642938334.85 0.572092332994
1642938337.87 0.517243381834
1642938339.83 0.416687593679
1642938342.6 0.355212176355
1642938343.19 0.395706299592
1642938344.0 0.423992518724
1642938345.88 0.384868417476
1642938346.53 0.46426848914
1642938346.95 0.82620237854
1642938347.84 0.840517259835
1642938348.88 0.923360618344
1642938349.93 1.65583053049
1642938351.16 2.04416209831
1642938352.47 2.44369889018
1642938353.51 2.81989146252
1642938354.61 3.49975488161
1642938355.04 4.8255130035
1642938355.83 5.4055029213
1642938356.21 6.34661354434
1642938358.94 7.62393457915
1642938361.01 9.12270057814
1642938364.58 9.57169765237
1642938368.67 8.62034710374
1642938372.42 7.97333607866
1642938374.74 8.03787972113
1642938377.07 7.95497464094
1642938378.99 8.93863917868
1642938381.02 10.6535537412
1642938382.93 13.0968428177
1642938385.33 13.0583598733
1642938389.33 13.3753159303
1642938392.06 14.4484939248
1642938394.99 16.7074571648
1642938397.73 17.245923817
1642938400.99 18.1184379671
1642938404.13 18.8457357256
1642938407.33 18.0545719522
1642938412.12 12.8345611681
1642938417.5 9.31778241356
1642938421.9 7.40970961252
1642938425.37 6.8952706989
1642938429.26 6.59697206588
1642938433.01 6.45227075005
1642938435.7 6.85621965975
1642938435.87 11.2812996773
1642938436.0 11.4721042374
1642938436.06 8.92408900497
1642938436.84 3.32817075523
1642938437.18 3.26088031846
1642938437.47 3.17673762258
1642938437.75 3.19250707899
1642938438.92 2.75255373116
1642938439.06 8.23236176599
1642938439.7 8.32343786367
1642938439.87 10.9540264437
1642938441.22 10.7066977692
1642938445.62 10.8998248238
1642938451.2 8.11768109068
1642938456.15 7.87924930086
1642938456.25 7.82931631579
1642938457.11 7.26703020722
1642938457.93 6.86614544153
1642938458.78 6.82575722326
1642938458.89 8.99784362765
1642938463.55 6.6789010418
1642938467.41 6.82733278525
1642938472.04 6.38176690325
1642938475.2 6.55096163005
1642938477.59 6.26434698401
1642938480.04 8.22878270544
1642938482.15 9.17030977867
1642938484.15 12.9107083594
1642938488.1 14.6366393255
1642938492.09 15.2262885941
1642938496.53 15.3478157202
1642938501.57 14.5068002272
