1643137180.97 2.185312
1643137181.26 2.0706339976
1643137181.47 2.91198028761
1643137181.68 3.75021264663
1643137182.2 4.52316887767
1643137182.83 19.3456324843
1643137186.88 21.1273061953
1643137191.17 15.114385712
1643137194.16 2.57940131851
1643137194.72 2.15352791061
1643137195.13 1.91026565841
1643137195.5 1.81603778375
1643137195.92 1.88373270232
1643137196.33 10.4987392719
1643137198.2 12.5862851983
1643137199.9 14.8606826557
1643137203.06 17.9984078951
1643137205.06 19.9964691828
1643137207.19 24.6510165216
1643137209.29 27.8341789809
1643137215.55 9.28079482864
1643137218.87 9.28742864394
1643137221.6 8.85237109808
1643137223.91 8.67349754624
1643137226.08 8.66244801053
1643137227.9 26.7786734543
1643137229.41 32.0703576939
1643137231.37 34.9778119428
1643137232.71 40.1941016155
1643137234.84 39.5651842505
1643137236.5 41.8523040667
1643137243.12 5.39910350005
1643137244.68 5.53733052912
1643137246.51 5.27362046088
1643137248.14 5.35629262439
1643137250.15 5.12896570969
1643137252.02 32.9661001752
1643137253.97 33.0852501469
1643137256.02 31.7131743788
1643137257.87 31.8775757797
1643137261.63 15.7797312167
1643137272.51 2.57928264137
1643137276.48 2.02996102995
1643137281.81 1.56305042915
1643137283.32 1.52339845682
1643137284.13 1.64390586199
1643137284.97 8.70505389557
1643137286.23 12.2541583214
1643137287.95 27.5546476984
1643137289.32 35.0349771002
1643137295.2 34.5703877613
1643137306.06 28.5877316152
1643137316.54 24.924923812
1643137325.67 23.3673526481
1643137337.12 21.4571878702
1643137348.69 19.3623089644
1643137358.85 24.8134705154
1643137369.42 30.890012175
1643137378.37 30.0809534029
