1642917292.73 2.1508976378
1642917293.16 1.94654448046
1642917293.56 2.37375588801
1642917293.95 1.90382489642
1642917296.26 2.80185236747
1642917299.13 3.91420320484
1642917300.0 4.41528245009
1642917302.61 4.67207931145
1642917304.81 5.44032708509
1642917305.28 5.62883890756
1642917305.9 6.09438473956
1642917306.28 6.17008312459
1642917307.29 6.50316342312
1642917308.38 6.45666003861
1642917308.74 7.20105395612
1642917309.68 7.36262981257
1642917314.15 7.59879335658
1642917318.36 7.92801638263
1642917322.14 8.9097905452
1642917325.35 9.06051786487
1642917328.25 9.31930008583
1642917331.09 10.0059690567
1642917334.01 10.6448186296
1642917337.14 10.97818105
1642917339.99 11.3486912552
1642917342.32 11.9387151638
1642917345.35 12.0677856625
1642917348.05 12.1087636752
1642917350.5 12.5752414422
1642917353.3 12.2642225701
1642917359.18 12.4173606641
1642917366.71 9.13571692365
1642917373.91 8.55973896764
1642917378.87 8.50236538399
1642917385.12 8.28862366656
1642917392.08 7.75245357242
1642917393.02 7.62977529211
1642917394.09 9.54508586775
1642917395.05 11.6522648462
1642917396.49 16.557434266
1642917398.32 30.0287688004
1642917400.15 29.6416070906
1642917401.92 29.4196373
1642917404.18 27.1207430168
1642917405.87 31.3298694496
1642917407.66 31.730952536
1642917409.26 32.5051251859
1642917410.8 33.1032960618
1642917412.75 43.2339127619
1642917418.27 6.30829205785
1642917420.64 6.02327813174
1642917422.24 6.04659553351
1642917423.71 6.05176296168
1642917425.18 6.23769997873
1642917426.07 31.2826451547
1642917427.29 36.271695652
1642917428.99 36.5082269406
1642917430.41 52.588200672
1642917431.38 55.0851987728
1642917432.28 48.5945875512
1642917432.42 47.3774845542
1642917432.54 43.2765418984
1642917432.61 49.2790243302
1642917433.29 1.61095669048
1642917433.41 1.6700144287
1642917433.51 1.79816907018
1642917433.61 1.83017045545
1642917433.88 1.83883818477
1642917434.1 166.949370786
1642917436.95 26.8952469333
1642917439.38 17.0418093405
1642917441.18 13.2505584184
1642917442.52 10.7703717637
1642917443.88 9.09925330958
1642917445.15 18.7867393783
1642917446.2 34.7683564947
1642917447.92 48.9090523406
1642917449.72 56.165004662
1642917451.68 48.7543996894
1642917454.18 38.5143275976
1642917456.69 34.7128370712
1642917459.12 32.2101319502
1642917461.61 29.9694032333
1642917464.82 26.1571569161
1642917467.77 24.7997919824
1642917470.68 23.6841334371
1642917473.4 22.7077222555
1642917476.14 22.4638108592
1642917478.68 29.4849364777
1642917480.87 29.7900270859
1642917483.18 31.7495258533
1642917485.14 34.0273599456
1642917487.15 36.1663235414
1642917489.11 38.8521095378
1642917491.0 41.1041820537
