1643162119.18 2150.8976378
1643162119.46 6887.79375
1643162119.72 7122.32692308
1643162119.97 7156.91275168
1643162120.45 11222.0997151
1643162122.06 11433.6474453
1643162123.41 13187.0008475
1643162124.65 14954.1245283
1643162125.89 13740.6183349
1643162127.0 12857.3686397
1643162128.04 11424.7564534
1643162130.05 4251.02767429
1643162130.61 14302.0022883
1643162131.23 13721.7112527
1643162131.97 11436.0330033
1643162132.61 14183.3715415
1643162133.23 14329.1337449
1643162133.87 14325.4500978
1643162134.49 15394.6929461
1643162135.09 15728.443038
1643162135.92 11454.5251799
1643162136.56 17734.0134653
1643162137.42 13873.4491803
1643162138.34 8949.51145038
1643162138.88 17147.8653846
1643162139.56 12529.183274
1643162140.39 10322.7283237
1643162141.24 10080.4052198
1643162141.77 17070.9034653
1643162142.38 13987.6125
1643162146.14 2712.91590282
1643162146.81 6010.47048301
1643162147.12 16887.7103448
1643162147.26 72900.8529412
1643162147.4 70251.75
1643162147.55 70854.4054054
1643162147.78 70818.4646465
1643162149.59 69758.0802139
1643162150.78 82318.9759036
1643162152.11 74333.5645995
1643162153.47 78473.4388753
1643162154.62 72593.1605563
1643162156.13 53320.3021201
1643162157.87 47815.1018153
1643162159.52 43986.1469194
1643162161.71 34930.409966
1643162165.09 19228.9335358
1643162169.93 12228.3334072
1643162170.62 14295.0605505
1643162171.24 14643.6359918
1643162171.85 15762.125
1643162173.04 14688.7777778
1643162175.39 10012.2246575
1643162177.58 14299.3207207
1643162179.65 18417.1478873
1643162181.73 17187.1610738
1643162183.83 18637.267666
1643162185.93 17677.4588745
1643162188.36 10310.1289507
1643162190.13 66601.7867647
1643162190.24 59314.2
1643162190.64 71181.3333333
1643162190.8 56850.3666667
1643162190.93 57809.1111111
1643162191.06 59338.6153846
1643162191.76 24382.3286573
1643162197.25 2970.06010618
1643162199.01 3301.92510743
1643162201.57 2001.12597137
1643162204.85 1763.74968434
1643162207.0 2152.19054653
1643162209.48 1428.9661304
1643162211.42 1020.77985948
1643162212.27 3072.46730245
1643162212.65 8605.11870504
1643162213.05 8591.0137931
1643162213.53 7144.79076087
1643162214.01 7138.38337802
1643162215.17 7148.73535156
1643162216.34 7141.71511068
1643162217.61 6528.26795096
1643162218.93 6689.82773109
1643162220.15 5836.59854015
1643162221.42 6379.7994723
1643162222.92 5119.58951965
1643162224.06 7041.96643633
1643162225.42 5715.42288961
1643162226.66 6418.08445642
1643162227.99 6105.2703827
1643162229.08 7146.78238342
1643162230.39 7999.72391489
1643162231.74 5715.55456026
1643162232.29 16359.3397129
1643162232.63 31467.4818182
1643162232.98 31626.4657534
1643162233.16 121932.827586
1643162233.43 101563.986486
1643162235.49 47504.0429017
1643162237.03 60616.919145
1643162239.13 40007.986337
1643162241.61 30091.0978033
1643162243.63 44300.3954451
1643162245.42 44790.3198128
1643162247.23 44316.1395007
1643162249.27 37327.0080099
1643162251.08 39354.390106
1643162253.06 42542.8303448
1643162254.76 44842.2966168
1643162256.23 49207.8608385
1643162257.96 52485.4150165
1643162259.53 44500.7290804
1643162261.37 42042.3583978
1643162263.24 40847.629424
1643162265.13 34782.1141553
1643162267.21 36826.4166176
1643162268.98 37227.637883
1643162270.79 37912.7061311
1643162273.37 29358.037799
1643162275.4 29598.5137992
1643162277.06 31901.4856089
1643162278.46 32260.3994614
1643162278.56 78962.25
1643162279.04 22516.6813187
1643162279.18 79867.1818182
1643162279.21 390211.5
1643162279.23 385701.0
1643162279.79 34466.8045326
1643162283.46 36027.0864448
1643162287.96 22280.9382229
1643162291.75 28382.0324181
1643162299.04 12695.0625461
1643162299.86 18563.1874063
1643162300.36 28836.9915014
1643162300.73 34135.3888889
1643162301.03 34152.8688525
1643162301.42 24205.7153558
1643162307.53 14157.6078396
1643162309.17 4755.98807157
1643162309.9 11472.7495881
1643162310.56 13838.0056711
1643162311.21 14324.7915058
1643162311.86 14309.56238
1643162312.51 15368.523166
1643162312.55 456922.285714
1643162313.14 15872.7177243
1643162313.68 17156.8682927
1643162314.23 17147.8653846
1643162314.77 17174.1487805
1643162315.71 8840.75247525
1643162317.12 5746.69929522
1643162317.65 17198.6159601
1643162318.17 16997.6050633
1643767198.91 2185.312
1643767199.15 9260.89915966
1643767199.34 13071.5647059
1643767199.53 13004.6341463
1643767199.93 13967.9326241
1643767201.19 14861.5721063
1643767202.49 13856.332146
1643767203.92 12681.0976
1643767206.61 5845.09391166
1643767207.61 14264.5691244
1643767208.64 11424.7564534
1643767209.33 14289.2325581
1643767209.89 14236.8451025
1643767210.46 14298.5088496
1643767211.04 15298.5342163
1643767211.62 15704.1269147
1643767212.36 11453.8799342
1643767213.08 36971.2373737
1643767213.88 33126.0803571
1643767214.91 8283.64666667
1643767215.5 17120.2043011
1643767216.14 12278.1420345
1643767216.97 10333.0940171
1643767217.81 9838.2041958
1643767218.35 17147.8653846
1643767218.98 13998.8091451
1643767222.78 5837.64205938
1643767223.53 12920.5923345
1643767223.72 96110.7236842
1643767223.86 70505.3529412
1643767224.01 67144.6111111
1643767224.16 68568.4285714
1643767224.38 69927.7373737
1643767226.11 66536.7331256
1643767227.41 71949.0785398
1643767228.91 58751.5673506
1643767230.34 62783.6938144
1643767232.19 44099.9357674
1643767233.87 47816.6990669
1643767235.8 36322.082702
1643767237.97 36997.8518732
1643767241.26 20098.4214211
1643767246.47 12499.1886519
1643767247.15 14285.3375681
1643767247.78 14473.096
1643767248.38 15716.2224576
1643767249.02 14892.1100196
1643767249.65 14243.4892788
1643767250.56 10013.8920308
1643767251.25 12764.2388592
1643767251.94 13438.401421
1643767254.63 14298.1187943
1643767256.77 14359.3791749
1643767258.87 17140.6544276
1643767261.43 18635.8788599
1643767264.07 45549.3735178
1643767265.76 15824.7345455
1643767268.02 62822.9692308
1643767269.99 24344.2149254
1643767278.21 2017.33697105
1643767278.63 599.939914163
1643767278.65 139786.0
1643767279.47 1432.58364312
1643767280.13 1429.74683544
1643767280.77 1675.81985294
1643767280.8 533190.0
1643767280.85 393895.7
1643767283.06 2171.7209191
1643767286.44 1654.51737927
1643767288.91 2080.25212585
1643767289.69 8569.87576687
1643767290.42 7142.31862745
1643767291.01 7135.76744186
1643767291.48 7184.71978022
1643767291.92 7182.13694268
1643767292.96 7149.25442478
1643767294.15 6550.31758034
1643767295.37 6584.20733945
1643767296.67 5972.52058319
1643767297.9 6660.87807097
1643767299.5 5054.66076294
1643767300.69 7033.28490566
1643767302.21 5706.73476703
1643767303.3 6594.75463918
1643767304.62 6049.90158465
1643767305.74 21251.7099698
1643767307.13 17147.8653846
1643767308.49 5715.42288961
1643767308.92 23420.747541
1643767309.28 31495.8583691
1643767309.62 31491.5296804
1643767309.8 119893.821429
1643767310.05 123135.105263
1643767312.25 47673.6292297
1643767313.94 195093.207461
1643767315.47 167006.622068
1643767317.95 31330.427264
1643767319.46 59656.2563406
1643767320.99 54085.420071
1643767322.94 41810.1314103
1643767324.82 42881.6422594
1643767326.44 44878.4547582
1643767328.28 46992.1471449
1643767329.9 45863.5702875
1643767331.59 47081.5772231
1643767333.5 39647.7316754
1643767335.2 43302.0699844
1643767337.09 40879.4592445
1643767338.74 44353.7424125
1643767340.28 46083.5522139
1643767342.32 41658.3647675
1643767343.94 41930.039032
1643767345.74 44217.4988914
1643767347.36 46057.4600939
1643767348.83 51468.1283784
1643767350.7 44353.7466288
1643767352.12 51402.7769231
1643767353.65 44096.8278689
1643767355.37 48048.7854346
1643767356.74 47642.9763705
1643767357.92 50974.6615566
1643767359.2 36708.9734423
1643767359.32 39481.125
1643767359.78 27320.24
1643767359.95 27890.1269841
1643767360.12 27383.2631579
1643767360.28 28050.9818182
1643767360.92 27651.7772727
1643767365.95 21171.1760076
1643767370.46 21889.6407541
1643767377.42 13240.5685185
1643767378.11 27302.4553903
1643767378.77 24135.7621832
1643767379.38 21475.649789
1643767379.86 23287.6997085
1643767380.22 25614.6516393
1643767389.74 8801.58763117
1643767390.67 8717.27798742
1643767391.21 17169.3444976
1643767391.8 14722.9577167
1643767393.21 5710.06630265
1643767394.02 10944.3097345
1643767394.58 17178.0691244
1643767395.21 15764.1485149
1643767395.26 426460.8
1643767395.86 15239.1428571
1643767396.47 14326.509165
1643767397.1 14267.024
1643767397.72 14082.802
