1642941601.21 2.19408835341
1642941601.62 2.02957907601
1642941601.88 2.76307225694
1642941602.14 3.37626781106
1642941602.96 3.95463598627
1642941603.34 9.71378516448
1642941604.04 12.5249634769
1642941604.63 15.2993759498
1642941606.83 19.0231539155
1642941608.31 22.6770659857
1642941610.92 30.0032643003
1642941613.57 31.2560183393
1642941616.26 29.5833098518
1642941619.13 31.0097808921
1642941621.77 29.4465480202
1642941624.26 28.2548155482
1642941626.77 28.2242674188
1642941629.76 31.3329846089
1642941632.3 34.7654213629
1642941636.11 22.2527524258
1642941642.26 9.74766134762
1642941645.16 9.536003641
1642941647.67 9.80327182599
1642941649.69 10.0827029029
1642941651.75 11.3245960358
1642941653.57 31.0355979549
1642941655.54 34.1488419958
1642941657.77 34.1644235227
1642941660.19 32.5738152502
1642941662.69 31.282965825
1642941664.94 35.0357321251
1642941667.18 33.6203503513
1642941669.49 33.4632881385
1642941671.68 35.0485724161
1642941673.88 36.5783676008
1642941676.14 36.3540748666
1642941678.3 35.2649286039
1642941680.55 34.9451874556
1642941682.5 35.8623306831
1642941684.14 36.1359426932
1642941685.93 36.4483843904
1642941687.45 38.9686467967
1642941691.03 16.3406476749
1642941696.87 7.63118636614
1642941702.74 5.48584673145
1642941709.96 4.10145488205
1642941716.85 3.24282460337
1642941722.8 3.2206278107
1642941734.54 4.89843876737
1642941744.65 6.78025052621
1642941754.37 10.6079158874
1642941766.22 13.3125272198
1642941776.88 13.4956711352
1642941785.58 13.8904837905
1642941797.03 14.5819330523
