1643140589.07 2.13409375
1643140589.56 3.11169872613
1643140590.2 3.21115207291
1643140590.92 3.1886734632
1643140591.95 3.4185297478
1643140592.67 4.50370440267
1643140596.03 4.41300231855
1643140597.43 5.46522065387
1643140599.13 7.1925328721
1643140600.16 9.06055583267
1643140600.89 10.286477508
1643140604.01 14.6950980272
1643140606.03 16.4675730039
1643140607.95 21.2399830273
1643140611.31 24.5710125994
1643140614.23 27.3450356805
1643140617.18 31.1923695483
1643140620.14 32.2931797674
1643140623.27 32.0795077132
1643140626.42 32.0535884701
1643140629.66 30.503842675
1643140632.89 29.5721633969
1643140637.16 27.0966363244
1643140643.45 22.0040723004
1643140656.5 13.9690259384
1643140657.98 15.052761303
1643140659.7 15.8885529722
1643140662.14 16.9814628113
1643140664.63 20.3307144518
1643140667.56 44.0906753079
1643140670.16 38.1334857228
1643140672.54 34.6978200548
1643140675.2 33.828084692
1643140677.49 33.7879411808
1643140679.66 35.0136095547
1643140681.79 36.3348857988
1643140683.89 37.1204261268
1643140686.11 37.9299776824
1643140688.18 38.4159216318
1643140690.48 37.2101538033
1643140693.23 34.392044856
1643140695.92 31.8981050577
1643140698.89 29.4403255934
1643140703.2 24.1081401999
1643140706.79 21.4471512364
1643140712.7 17.4880420089
1643140715.27 17.5148129499
1643140717.67 17.8043688161
1643140721.12 19.0826283014
1643140725.16 18.2506443626
1643140728.09 21.9782396347
1643140732.5 19.495397394
1643140734.87 19.5413877404
1643140744.43 19.8618147046
1643140755.69 21.2493768127
1643140765.46 20.573755676
1643140774.33 22.3962321733
1643140784.23 21.181362259
1643147441.23 2.12578988327
1643147441.83 2.84189679472
1643147442.19 3.65979518269
1643147442.59 4.27173071526
1643147445.78 4.25982830953
1643147446.31 6.45544801174
1643147447.72 8.12703557976
1643147448.45 8.24863923664
1643147449.02 8.28376327464
1643147450.17 11.3855453074
1643147454.15 11.9043079489
1643147456.35 13.0815659818
1643147458.22 16.2242611024
1643147460.21 21.9464065291
1643147463.27 27.0075077934
1643147466.18 30.9450056768
1643147469.24 32.0194280988
1643147472.27 32.4067455376
1643147475.66 32.0038580878
1643147478.98 31.1825913995
1643147482.06 30.0333891146
1643147486.75 26.8226765792
1643147492.08 23.060659337
1643147504.78 10.4045110556
1643147508.2 15.1546778635
1643147510.17 16.0377877754
1643147512.68 17.5495256112
1643147515.04 20.3114128638
1643147517.09 47.1978364653
1643147519.68 32.3703265211
1643147522.08 42.4071375521
1643147524.17 42.4593963653
1643147526.49 42.4614176419
1643147528.57 42.3275046598
1643147530.44 44.0130021874
1643147532.4 45.2629972282
1643147534.48 45.0936897139
1643147536.6 44.3246523895
1643147538.81 42.5017122838
1643147540.74 40.9768717309
1643147542.79 40.0168898348
1643147544.6 40.1903613843
1643147546.61 39.8845663575
1643147548.57 40.6626064689
1643147550.88 27.5645390366
1643147555.63 28.9278307215
1643147559.09 24.8077720151
1643147564.64 18.8503502962
1643147567.44 18.1779674423
1643147570.21 17.435736353
1643147573.89 13.143691281
1643147577.42 18.5200611083
1643147586.21 19.8061144445
1643147597.68 18.9513265844
1643147607.64 17.6335270567
1643147617.54 18.150062224
1643147627.76 17.6015779491
1643147636.67 19.2630648251
