1643141050.46 2.12578988327
1643141050.96 3.10286230124
1643141051.35 3.83478777343
1643141051.75 4.3369055552
1643141053.59 4.75204591463
1643141056.11 6.88360870652
1643141058.15 7.49062373464
1643141058.79 7.73963872001
1643141060.84 7.93573946729
1643141061.51 8.23362251999
1643141062.82 8.7411704205
1643141063.76 9.11816139927
1643141068.53 9.46927708237
1643141073.25 10.0538145256
1643141077.23 10.5245902822
1643141080.55 11.3788855748
1643141083.41 12.1533397444
1643141086.55 13.0162170522
1643141089.9 13.4997497575
1643141092.61 14.1770649373
1643141095.17 14.6590008618
1643141098.32 14.1678345727
1643141101.45 14.0436799023
1643141104.24 14.3804824789
1643141109.99 11.8077794193
1643141112.96 11.4612630227
1643141117.9 10.1185175841
1643141120.57 10.2021766309
1643141124.57 9.31499666068
1643141127.19 10.7950749986
1643141129.87 10.9952722329
1643141133.01 12.2069337739
1643141140.01 11.6269383304
1643141145.37 12.9388109459
1643141146.78 15.0714737568
1643141148.57 17.65666873
1643141150.53 22.9239054218
1643141152.52 33.0623158381
1643141154.24 51.2317141125
1643141156.13 46.3405870613
1643141158.01 44.6525463203
1643141159.6 45.8026538673
1643141161.47 44.8794872016
1643141163.35 44.0324530758
1643141164.99 45.109508341
1643141170.67 28.7895605357
1643141172.99 27.0497017352
1643141174.59 27.3629977711
1643141176.37 27.7792746729
1643141177.67 28.6480585805
1643141179.04 47.606918179
1643141180.51 55.1426501718
1643141182.03 55.7256780402
1643141183.65 58.3211232226
1643141184.97 59.512598847
1643141186.18 60.2309171813
1643141187.69 60.1464121354
1643141189.28 58.9969971711
1643141190.59 55.5808699279
1643141191.6 52.6622052527
1643141191.73 53.5713662077
1643141191.84 52.6444646579
1643141191.9 61.8297346402
1643141192.63 22.0109182698
1643141192.74 23.8279609883
1643141192.83 25.9021367143
1643141192.92 27.5756537882
1643141195.96 24.7576072678
1643141197.27 101.122721525
1643141199.26 81.0584373751
1643141201.93 60.8195433004
1643141204.48 49.3412031016
1643141206.76 50.5616088634
1643141209.08 47.8740198504
1643141211.24 45.707674148
1643141213.29 47.0592877674
1643141215.45 48.0768430284
1643141217.44 49.5089765712
1643141219.29 51.457078707
1643141221.11 54.3346432452
1643141222.87 57.9465530177
1643141225.19 57.1831460811
1643141227.19 57.0296092429
1643141229.24 54.8346277172
1643141231.46 52.481448068
1643141233.59 49.4031108116
1643141235.63 49.5299913363
1643141237.68 48.796899634
1643141239.98 47.9423650469
1643141242.51 44.8662658273
1643141245.17 41.494256585
1643141247.94 37.8852385188
1643147880.56 2.12578988327
1643147881.07 3.10286230124
1643147881.52 3.66376189023
1643147881.96 4.02218399406
1643147883.89 4.42599772106
1643147884.75 6.20967090801
1643147887.28 6.44203383296
1643147889.37 6.96778844096
1643147890.22 7.59367686536
1643147890.58 7.82831519394
1643147892.11 8.04407407174
1643147893.13 8.65430682798
1643147894.05 8.6545959598
1643147899.07 9.00410805646
1643147903.58 9.32456868465
1643147907.44 10.1320996197
1643147910.87 10.6599026371
1643147913.88 12.0199391342
1643147916.79 12.8471940331
1643147919.95 13.4685188018
1643147925.31 11.8150838142
1643147928.9 11.6131377497
1643147931.9 11.4644736641
1643147934.61 11.4424187366
1643147937.63 11.6424648761
1643147940.56 13.6268425632
1643147943.05 14.5027939643
1643147950.83 13.5183701527
1643147958.32 12.5045739635
1643147964.45 12.3237476823
1643147971.23 11.9569114555
1643147976.6 11.6705311772
1643147978.13 14.3410976918
1643147979.74 18.6597748663
1643147981.61 23.851343179
1643147983.22 36.1056070587
1643147984.66 61.2656140674
1643147986.76 58.9892403694
1643147988.71 54.9707436311
1643147990.22 56.2538974347
1643147991.86 56.3924608917
1643147993.26 56.0982785699
1643147994.65 57.1382674274
1643147996.07 63.0817562678
1643147997.5 63.8442633563
1643148002.99 35.4952361847
1643148004.52 35.2503101082
1643148006.09 34.0527088026
1643148007.9 33.122273623
1643148009.17 33.1407198516
1643148010.56 57.6663731536
1643148012.06 57.5031194371
1643148013.61 80.0231715495
1643148015.22 84.9358372134
1643148016.54 60.0025776605
1643148017.61 62.8781889403
1643148018.93 67.0819832957
1643148020.02 74.3460599804
1643148021.04 74.1825518248
1643148021.88 76.3532080298
1643148022.0 76.3933189355
1643148022.12 65.9361974231
1643148022.17 74.7885485327
1643148022.91 22.3305513216
1643148023.01 23.6308885852
1643148023.11 24.8665273542
1643148023.2 27.5396142703
1643148025.85 25.464094912
1643148027.9 129.077878375
1643148029.65 105.177755079
1643148031.27 94.3064673329
1643148033.03 77.6512781153
1643148035.6 71.8196187948
1643148038.14 62.0358491745
1643148040.58 53.8800762246
1643148043.0 46.2089388321
1643148045.69 42.0801025385
1643148048.26 42.1258534688
1643148050.54 42.6645443712
1643148052.79 43.7232473363
1643148055.11 44.8110250271
1643148057.43 45.9347081693
1643148059.86 45.8901298442
1643148062.59 43.7354212145
1643148065.34 41.7263382727
1643148067.98 40.3114223546
1643148070.68 38.840817325
1643148073.26 38.145265632
1643148075.68 38.9438053581
1643148078.11 39.9168042782
