1643171667.74 2211.85425101
1643171667.94 12382.5505618
1643171668.06 111108.3
1643171668.17 96943.6363636
1643171668.39 42814.75
1643171668.89 53461.0819113
1643171671.27 61866.1963504
1643171673.08 65495.3312977
1643171674.97 64755.3265613
1643171676.54 54225.4263616
1643171681.25 19349.9098399
1643171685.98 18501.9363042
1643171690.42 18591.762565
1643171693.51 42750.7632843
1643171696.28 33925.0672783
1643171697.76 76599.7729124
1643171699.75 56076.5752461
1643171701.61 59256.8484163
1643171703.75 48734.7949351
1643171709.21 60901.0283742
1643171712.11 30890.5201174
1643171714.91 24523.0483881
1643171717.36 40373.7971919
1643171719.01 59799.576
1643171720.77 58080.2685539
1643171722.19 75892.0973361
1643171723.52 78658.2106383
1643171725.26 55017.926009
1643171726.49 82545.3467933
1643171728.09 59887.0641447
1643171729.63 61199.6232759
1643171735.97 11099.3414348
1643171736.19 72112.9791667
1643171736.4 70675.4693878
1643171736.62 75235.1489362
1643171736.84 75157.35
1643171737.05 76206.826087
1643171738.43 63201.3614341
1643171739.79 60404.9852652
1643171741.0 64936.996614
1643171742.41 62020.5536232
1643171750.47 51223.1846566
1643171761.85 15775.8970204
1643171772.42 9910.31146736
1643171783.18 4720.51402479
1643171792.78 5359.86777457
1643171804.68 11163.5994109
1643171815.57 10873.3779762
1643171828.47 11490.8672566
1643171838.81 11512.4405145
1643171848.19 11309.1479821
1643171859.58 11982.3759287
