1642940038.75 2.21185425101
1642940039.03 2.09933397432
1642940039.21 2.95766946933
1642940039.4 3.880230521
1642940040.0 4.62152953431
1642940040.64 20.8274656559
1642940042.54 30.889219324
1642940044.27 29.5036628152
1642940046.31 30.0433459439
1642940051.35 14.7542942734
1642940056.73 11.4320254665
1642940059.75 9.23462596173
1642940061.68 8.30933664379
1642940063.61 7.63178876587
1642940065.18 9.95499438415
1642940066.43 17.5315218168
1642940068.32 24.6743386135
1642940070.66 27.641549056
1642940072.98 30.6668492256
1642940079.28 10.325539416
1642940082.22 9.6769433487
1642940085.18 8.91166004225
1642940087.74 8.64856683733
1642940089.73 8.7321791081
1642940091.49 26.3803891713
1642940093.21 31.1877999333
1642940095.28 34.2446785329
1642940097.02 38.8948110015
1642940098.67 41.0655203934
1642940104.78 7.3153831485
1642940107.63 6.43841905318
1642940109.2 6.63687463223
1642940111.75 6.22584158837
1642940113.47 6.08615101191
1642940115.19 30.5115285752
1642940116.91 35.2744153054
1642940118.44 35.8906561637
1642940120.17 38.1569884583
1642940123.26 21.0306233263
1642940133.98 2.31609464096
1642940137.43 1.83563382742
1642940141.42 1.44007840494
1642940145.87 1.17051313247
1642940146.74 1.226178356
1642940147.57 7.74017491419
1642940149.52 9.52802246361
1642940150.81 14.5104554222
1642940160.58 34.2315062941
1642940171.49 29.39992599
1642940182.54 26.3074603643
1642940192.19 25.3579332352
1642940202.71 23.0720403832
1642940213.19 20.5286357259
1642940223.81 24.6350102923
1642940234.28 31.1191522796
