1642939618.15 2.185312
1642939618.43 2.07804165716
1642939618.62 2.93603624329
1642939618.84 3.76943747955
1642939619.4 4.51771834046
1642939620.01 19.73752976
1642939622.31 26.9852085675
1642939624.74 24.9188622479
1642939626.68 25.8191863733
1642939628.17 26.9925006237
1642939630.56 39.2302043887
1642939632.78 42.7639696484
1642939634.74 47.9647695176
1642939636.76 48.6173090896
1642939642.33 10.5504742476
1642939653.12 4.00487143851
1642939659.66 2.62806830872
1642939666.52 1.94137626961
1642939668.42 1.3917620366
1642939672.28 0.880584672892
1642939676.56 1.03951161806
1642939677.96 1.01428955979
1642939680.79 0.890480178375
1642939684.91 0.744063949011
1642939686.58 1.63205934028
1642939687.97 2.03622288744
1642939689.23 2.09063502941
1642939689.85 2.402494426
1642939691.39 3.71183820813
1642939692.83 3.79344388624
1642939694.26 3.80722795667
1642939695.5 4.06416355741
1642939699.67 4.48017886849
1642939702.95 4.89018371058
1642939705.98 5.68290593915
1642939708.54 6.63736079238
1642939710.15 7.31780212968
1642939715.02 9.4517896995
1642939716.45 13.1731408739
1642939717.73 19.8819309383
1642939719.19 31.6221652571
1642939720.59 34.6872173918
1642939721.88 42.2307813518
1642939723.16 44.8855889906
1642939724.67 48.0539448751
1642939733.47 47.504927121
1642939739.1 30.2977298777
1642939744.73 27.735076204
1642939747.71 24.1907095107
1642939749.7 23.7027193743
1642939751.92 24.0307078394
1642939753.92 35.3454098563
1642939755.94 35.9125551474
1642939758.17 43.1334943986
1642939760.62 42.9245605077
1642939762.56 42.9200804291
1642939764.16 51.2054061515
1642939766.34 39.7622742268
1642939768.28 37.906799276
1642939770.44 36.17337812
1642939770.58 32.585677492
1642939770.69 31.7219747892
1642939770.75 34.3540068124
1642939771.53 2.1575195354
1642939771.64 2.38024532442
1642939771.75 2.65773222572
1642939771.85 2.72492790215
1642939772.08 2.76496337805
1642939772.3 236.047053666
1642939775.33 16.9373754768
1642939777.1 11.7091612455
1642939777.69 8.07006323203
1642939778.13 6.59854012854
1642939778.53 5.48119014373
1642939778.85 22.8165325778
1642939780.71 22.3461879658
1642939782.62 47.3565334057
1642939784.49 50.3018394846
1642939786.25 51.294421521
1642939788.46 48.8708555666
1642939790.67 47.2949352933
1642939792.78 46.0053632376
1642939794.79 45.0149485584
1642939797.16 41.8172139491
1642939799.52 41.1090005695
1642939802.03 39.9016769179
1642939804.62 37.8964763138
1642939806.77 36.9396133282
1642939808.82 38.4486879815
1642939811.07 37.8365244801
1642939813.22 38.2211540157
1642939815.18 42.1869165054
1642939817.18 42.7844942958
