1643139639.74 1.32282808717
1643139641.17 1.37418053781
1643139642.45 1.3925040454
1643139643.45 1.48603575198
1643139644.17 1.74400898514
1643139645.43 2.06144064055
1643139646.18 2.73814592422
1643139646.73 4.16795186111
1643139648.56 6.50617290972
1643139650.01 7.21319137386
1643139650.53 10.4615498554
1643139654.21 11.340873971
1643139658.5 10.9635834791
1643139662.37 11.7409454904
1643139666.56 12.073918882
1643139669.03 13.6112657722
1643139673.09 12.572790685
1643139678.01 11.8487821349
1643139681.57 11.5864054299
1643139686.46 10.6353093539
1643139689.38 10.2278518586
1643139691.86 11.0277598275
1643139694.24 12.6587373986
1643139695.54 14.799082428
1643139701.24 18.0001421351
1643139705.07 20.1492261163
1643139709.07 21.0594571774
1643139713.72 20.8560579861
1643139715.38 21.8839254575
1643139716.53 29.2078433636
1643139718.25 34.0982279982
1643139719.33 46.2113894901
1643139720.4 82.7801636415
1643139721.53 93.7744355015
1643139723.21 79.2040312368
1643139724.67 81.5300726579
1643139726.4 68.8135836314
1643139728.65 55.833338895
1643139730.66 47.8848526916
1643139732.63 45.890686583
1643139734.62 42.4301116097
1643139736.36 41.3090314777
1643139738.2 41.9012950553
1643139740.64 39.5089858715
1643139744.72 29.6673165192
1643139747.64 27.3536034159
1643139750.2 25.4598846814
1643139752.61 24.0310052623
1643139755.54 23.412843789
1643139758.11 26.568139348
1643139762.09 24.039306013
1643139765.1 23.3428400668
1643139770.93 17.9306312656
1643139773.25 18.5324111068
1643139774.6 20.2706071145
1643139775.84 24.5012889466
1643139777.53 27.8900414995
1643139785.32 51.6031075321
1643139794.52 51.3752753443
1643139804.25 31.3097024497
1643139804.79 7.34465685259
1643139804.91 30.1969687745
1643139804.96 33.5701766941
1643139805.67 16.2925970325
1643139805.78 17.886592873
1643139805.87 24.7672247224
1643139805.96 27.1285982859
1643139811.18 21.421549639
1643139814.35 47.006477854
1643139819.42 29.394162809
1643139823.48 23.1191307963
1643139828.68 18.0816532402
1643139831.25 18.7104960504
1643139836.74 16.2843389922
1643146598.72 2.12578988327
1643146599.32 2.8465007231
1643146600.6 1.52468709105
1643146601.87 1.35659560065
1643146603.6 1.90543412594
1643146604.78 2.11215479086
1643146605.84 2.1790659498
1643146606.49 2.96639114119
1643146607.08 4.73998857498
1643146607.52 7.99326635088
1643146608.99 9.40228685436
1643146609.99 10.5864807452
1643146613.67 11.1803361612
1643146618.18 10.7362952925
1643146622.08 10.9182209318
1643146625.88 11.8110020834
1643146628.58 13.0689882291
1643146632.58 12.4223019313
1643146637.56 11.467340137
1643146640.81 11.5052171101
1643146645.74 10.506006764
1643146649.19 9.97768015493
1643146651.71 14.9223788972
1643146653.97 12.4259230628
1643146655.06 14.6152759651
1643146657.94 20.767487586
1643146663.61 24.046375602
1643146668.14 24.7645065753
1643146672.17 35.5787911173
1643146674.65 24.5388393211
1643146676.37 25.7929868068
1643146678.11 31.1549471423
1643146680.14 27.9127569515
1643146681.84 52.2935025334
1643146683.66 57.6963090605
1643146685.66 53.4141558635
1643146687.89 67.9579343836
1643146690.13 45.0247975067
1643146692.14 42.3812200151
1643146694.0 40.0657022972
1643146696.22 39.5904843038
1643146697.99 41.3089750822
1643146700.39 39.6381217149
1643146704.91 30.0702729366
1643146707.5 27.6777107309
1643146710.28 25.7710056902
1643146712.75 24.2005786065
1643146715.36 23.451333476
1643146718.6 26.4630661783
1643146722.07 24.4627918152
1643146725.13 23.7838232131
1643146731.06 18.8117260228
1643146736.22 27.4287719612
1643146738.32 20.9118372398
1643146739.97 17.2087527719
1643146741.61 26.896424468
1643146743.24 44.0208953207
1643146744.55 48.3134929942
1643146745.71 51.6536485641
1643146750.64 54.6266816842
1643146750.78 61.507300026
1643146750.89 59.1593431004
1643146750.95 72.0317484795
1643146751.71 22.4599540935
1643146751.81 23.9449471133
1643146751.9 25.8124378257
1643146751.98 27.4740124543
1643146758.53 20.7274070502
1643146759.71 38.3435185189
1643146763.8 28.1961351367
1643146766.07 25.3604257752
1643146769.35 21.4882402085
1643146773.52 20.6566140319
1643146776.63 21.9009451137
1643146780.93 19.6080782587
1643146783.49 17.7615250279
1643146786.55 16.6236992705
1643146789.66 17.0682127935
1643146794.89 16.2251953541
