1643138715.01 1.94422775801
1643138715.92 2.16690357892
1643138716.96 2.04332837382
1643138717.68 2.20154205427
1643138720.19 2.08504777521
1643138723.01 2.03737431583
1643138726.09 1.93672215071
1643138728.49 2.00902741787
1643138729.83 1.81517513347
1643138730.57 1.98125766753
1643138731.15 2.17065047802
1643138732.1 2.23349937994
1643138733.79 2.03885494232
1643138734.57 2.28623603251
1643138738.2 2.14487005926
1643138740.97 1.69646581789
1643138744.02 1.40797334465
1643138747.04 1.26007672931
1643138750.08 1.06485030969
1643138752.61 0.922784069408
1643138755.38 1.04138710555
1643138756.56 1.15443255096
1643138758.95 1.33150976434
1643138759.69 1.71734982779
1643138760.5 2.44704362491
1643138761.53 2.44664209035
1643138763.23 3.03305693459
1643138764.57 3.85743746025
1643138765.58 4.23742313007
1643138766.72 5.14826795409
1643138767.67 6.92125425295
1643138768.41 8.47345281205
1643138769.11 9.85807711123
1643138771.26 11.193699872
1643138773.39 13.7561617633
1643138776.89 14.0227777323
1643138780.51 12.9303916694
1643138784.68 11.7494841218
1643138786.94 11.7477969408
1643138788.96 11.7864908942
1643138790.92 13.2684001358
1643138792.81 15.7802413526
1643138794.75 19.7403232818
1643138798.88 19.660495552
1643138802.11 20.1363724716
1643138805.04 20.7118497543
1643138807.72 21.4846010858
1643138810.56 21.808668744
1643138813.98 22.9721236502
1643138816.87 23.3677093947
1643138820.52 21.9515317444
1643138825.05 19.3290927974
1643138830.6 16.0267443741
1643138836.88 13.9902534011
1643138840.99 13.1740780222
1643138845.5 12.4161309804
1643138850.46 12.3634980138
1643138854.62 13.0747186419
1643138858.12 13.70807763
1643138861.48 13.1966853419
1643138861.66 13.2201072599
1643138861.78 12.6510094177
1643138861.84 15.306190664
1643138862.63 10.8632967512
1643138862.73 12.8309121086
1643138862.83 16.1977490729
1643138862.93 22.9747655585
1643138870.16 16.2627466804
1643138871.77 26.806807569
1643138879.65 17.3003235229
1643138881.6 12.6549282796
1643138883.51 9.84763369501
1643138884.21 9.39250020461
1643138885.8 8.72930758904
1643138886.13 9.51354871963
1643138888.93 10.5753766977
1643138892.0 12.0540140061
1643138894.56 14.356490022
1643138896.67 18.9560426865
1643138900.72 20.089415782
1643138904.73 20.9355357743
1643138909.31 21.4178188981
1643145645.74 1.94422775801
1643145646.69 2.11474373438
1643145648.02 1.82259815143
1643145648.84 1.94279799158
1643145651.44 1.87768518195
1643145654.02 1.8687799977
1643145656.71 1.84866608332
1643145659.11 2.03542515081
1643145662.11 1.96443962856
1643145663.34 2.16478052079
1643145664.24 2.34467402148
1643145665.09 2.10844923878
1643145666.63 1.98435807901
1643145667.89 2.02537123665
1643145670.82 1.56188577697
1643145673.33 1.22549011881
1643145676.27 1.22541188679
1643145679.24 1.19622265304
1643145683.84 0.711201520451
1643145684.44 0.833346157326
1643145686.44 0.774119424198
1643145687.53 1.12081614699
1643145688.29 1.25164334955
1643145689.31 1.63831936056
1643145690.12 1.17592051699
1643145690.9 1.95218893506
1643145691.58 2.40308449278
1643145692.76 2.57997814049
1643145693.92 4.26163485055
1643145694.39 5.32455022164
1643145694.91 6.85215470935
1643145695.89 7.82697581124
1643145698.97 8.60355653802
1643145700.89 10.1218713067
1643145703.66 10.9880069354
1643145707.39 12.0980002139
1643145711.49 11.8070054493
1643145714.45 11.8012902638
1643145716.7 11.677111758
1643145718.56 12.4614451474
1643145720.48 14.3502300574
1643145722.39 18.2829192289
1643145726.37 19.6949829672
1643145730.12 19.8556582887
1643145732.9 20.5136921083
1643145735.7 21.1335943819
1643145738.55 21.7028807657
1643145741.58 22.486215387
1643145745.0 23.3432751652
1643145748.15 22.4986302197
1643145752.73 19.802546639
1643145758.42 11.9507082099
1643145764.18 14.2601994144
1643145769.04 13.3350991123
1643145773.51 12.4926627538
1643145777.68 12.4419898827
1643145782.97 12.8246812419
1643145787.68 13.3363757253
1643145791.8 12.7949328294
1643145795.51 12.3061328866
1643145795.71 11.4563499153
1643145795.85 11.6358279582
1643145795.91 14.0277215071
1643145796.68 10.5050924575
1643145796.84 12.7448069236
1643145796.93 16.4805468142
1643145797.03 23.4762314186
1643145804.81 16.2553800876
1643145804.93 46.9262388725
1643145812.42 24.4293646422
1643145818.29 18.3536460508
1643145819.84 14.1632692506
1643145820.71 16.2641468361
1643145824.0 14.0678904927
1643145826.54 16.74547117
1643145828.97 18.2645122086
1643145831.52 21.2346517463
1643145835.8 21.6956750666
1643145839.91 15.7471025516
1645501855.98 1.43017801047
1645501856.96 1.75482047797
1645501857.87 1.86412453395
1645501859.13 1.73208296682
1645501861.1 1.81444127177
1645501863.08 1.93411470561
1645501866.19 1.86522093393
1645501868.25 1.85831443855
1645501869.61 1.91970788481
1645501870.35 1.99476473233
1645501871.96 2.08818798473
1645501872.79 1.95476061361
1645501873.56 1.84494409429
1645501874.1 2.04451850619
1645501877.76 1.92919546409
1645501886.02 1.51704325475
1645501889.88 1.30695049997
1645501894.71 0.718575620332
1645501895.29 0.718588929999
1645501896.22 0.971130450108
1645501898.77 1.02050496418
1645501899.51 1.28040139791
1645501900.55 1.44100733557
1645501901.58 1.44058651346
1645501902.55 1.6854984703
1645501903.01 2.62018081914
1645501904.33 2.78486018615
1645501905.4 4.76520842824
1645501906.56 5.97505335038
1645501907.44 8.01212673063
1645501910.3 8.66701895177
1645501912.31 10.5442008107
1645501915.55 11.3237282083
1645501919.01 12.3234067409
1645501923.39 11.5962595591
1645501932.18 8.19072890065
1645501934.47 8.06048434359
1645501936.85 8.43286463552
1645501939.3 9.07474344951
1645501941.07 10.5864582969
1645501942.98 18.6479861067
1645501945.84 20.4625020894
1645501948.84 21.8643596899
1645501952.15 23.2480421697
1645501955.13 23.3827814559
1645501958.52 23.0071932114
1645501962.47 20.7914462934
1645501967.51 17.8337697385
1645501974.46 14.9082007234
1645501979.03 13.683695049
1645501983.98 12.7440838759
1645501988.57 12.4404046703
1645501993.19 12.509545649
1645501998.1 13.5340291018
1645502003.09 13.1925749511
1645502008.55 12.5560317462
1645502016.51 11.2002893774
1645502021.87 10.7247703085
1645502026.62 10.0668919208
1645502028.91 10.7456296341
1645502029.08 11.5700839802
1645502029.22 11.6489294684
1645502029.28 16.007415053
1645502030.08 12.4080373297
1645502030.18 16.3675230465
1645502030.32 19.6671583332
1645502030.41 25.1325611
1645502034.91 20.0420291469
1645502037.89 48.1061630699
1645502041.42 35.1231801697
1645502045.42 26.9914646729
1645502049.55 15.3198558086
1645502053.93 19.4519721991
1645502058.31 17.7327649675
1645502061.45 17.0410027784
1645502063.99 17.0462671656
1645502066.2 17.6907295268
1645502068.3 20.3089647852
1645502071.78 23.1361891904
1645502075.37 25.0900377751
1645502078.51 26.9102063156
1645502081.61 28.3574024232
1645502125.67 7.30466989509
1645502142.61 4.60433110672
1645502146.89 4.32412798581
1645502149.38 4.238618165
1645502151.92 4.11796055597
1645576822.98 1.31963285024
1645576823.56 1.80055920176
1645576824.13 2.05482989314
1645576825.06 1.85064089986
1645576827.09 1.9045865033
1645576829.48 2.13009169468
1645576832.45 1.99316349512
1645576835.12 1.87343437035
1645576838.21 2.01218891686
1645576839.39 2.10887452912
1645576840.43 2.17390899744
1645576842.33 2.05755605466
1645576843.31 2.20182715483
1645576844.48 2.30970916628
1645576846.3 2.02632909482
1645576847.16 2.07659526549
1645576850.22 1.76157507056
1645576854.23 1.26473951816
1645576857.27 1.0823831059
1645576860.36 0.992517711132
1645576863.81 0.605284293165
1645576864.51 0.935728176003
1645576866.44 0.641403176176
1645576867.22 0.981257090887
1645576868.01 1.17424774606
1645576869.08 1.47223556412
1645576870.11 1.10625199532
1645576871.17 1.89097170467
1645576871.65 2.5507229482
1645576872.86 2.71424501277
1645576873.94 4.59327555739
1645576875.1 5.70363432064
1645576876.0 7.98169198938
1645576878.8 8.60079710841
1645576880.79 10.3354182556
1645576883.88 11.3321946885
1645576887.27 12.4211606585
1645576912.22 1.31328846154
1645576912.98 1.56412931475
1645576913.57 1.84289278704
1645576914.46 1.74107556926
1645576916.62 1.79100817335
1645576919.39 1.92351385357
1645576922.48 1.9097238
1645576924.97 1.82531168323
1645576926.14 1.93545350348
1645576927.31 2.05003251993
1645576929.58 2.01165422416
1645576930.38 2.20891057273
1645576931.35 2.33303474888
1645576932.96 2.24704858003
1645576934.35 2.12578039101
1645576937.11 1.83929679362
1645576940.17 1.43692368414
1645576942.73 1.14371513854
1645576945.77 1.03036079725
1645576950.82 0.578289460714
1645576951.77 0.624367113951
1645576952.64 0.935666924253
1645576954.86 1.05969403455
1645576955.62 1.29043248433
1645576956.68 2.06201319758
1645576957.71 1.5885507565
1645576958.52 1.88049666599
1645576959.06 2.52834001633
1645576960.24 2.71316393539
1645576961.35 4.54149553831
1645576962.48 5.65647223152
1645576963.39 7.82095049086
1645576964.18 8.41596780602
1645576966.72 9.56424066731
1645576968.72 11.3730221025
1645576971.92 12.7679789226
1645576975.39 12.8691457734
1645576980.09 11.6871207149
1645576982.45 11.8824167554
1645576984.57 11.7236708697
1645576986.6 12.8611073375
1645576988.45 15.0409460198
1645576990.37 19.6603656326
1645576994.51 19.8151732075
1645576997.89 20.2553956019
1645577000.86 20.8057679153
1645577003.52 21.4531059508
1645577006.37 21.7223783162
1645577009.97 22.7540648727
1645577012.87 23.4118620343
1645577016.67 21.9432784761
1645577021.52 19.1792477174
1645577027.16 15.894162858
1645577033.36 14.0135102929
1645577037.42 13.1843374357
1645577042.01 12.4367023832
1645577061.1 1.31645301205
1645577062.05 1.37315302061
1645577063.01 1.39158211262
1645577063.96 1.40086305169
1645577065.92 1.51425786081
1645577068.29 1.65442821671
1645577070.46 1.7695802272
1645577073.37 1.86518118256
1645577076.52 1.9916096705
1645577078.17 1.93363813422
1645577079.46 1.88710112612
1645577080.57 1.99695989411
1645577081.3 2.17526890492
1645577082.49 2.11856585357
1645577084.05 2.09613868248
1645577085.16 2.28181884759
1645577088.96 2.12819134405
1645577109.55 1.31328846154
1645577110.28 1.59123041079
1645577110.84 1.86788123015
1645577111.73 1.76282237364
1645577113.89 1.80788236563
1645577116.67 1.94199275926
1645577119.43 1.95709974341
1645577121.56 1.9216782547
1645577123.84 1.96116799091
1645577124.66 2.08226414483
1645577126.03 2.29317423014
1645577128.07 2.08103596819
1645577128.59 2.12325796609
1645577131.17 1.82314945436
1645577134.1 1.43037411457
1645577136.61 1.14283763933
1645577139.67 1.0519948652
1645577142.68 0.911278381469
1645577145.89 0.634260290875
1645577146.87 0.956334389048
1645577148.86 0.642746328741
1645577149.28 1.05759865927
1645577150.04 1.28943049026
1645577150.84 1.62054245503
1645577151.91 1.30519204594
1645577152.93 2.33565466224
1645577153.98 2.55278566789
1645577155.35 3.77764298513
1645577156.42 4.55259058354
1645577157.44 5.75966394128
1645577158.28 8.19961241098
1645577160.91 8.93166018805
1645577163.02 11.0021618812
1645577165.98 12.062651097
1645577169.52 12.6154036548
1645577174.2 11.6023415199
1645577176.34 11.8051823755
1645577178.76 11.6444635624
1645577180.75 12.7545096557
1645577182.46 14.8962044744
1645577184.42 19.5860966156
1645577188.27 19.8763233342
1645577191.97 20.2281953426
1645577194.97 20.7534853873
1645577197.55 21.3635534055
1645577200.72 21.6635150684
1645577203.94 22.5931435436
1645577206.93 23.344804297
1645577210.94 22.1662680539
1645577215.2 19.4086961113
1645577221.25 16.241444819
1645577227.16 14.2090858918
1645577231.33 13.3672546798
1645577236.6 12.5816044331
1645577240.98 12.4463855819
1645577245.4 13.0790796446
1645577250.73 13.5296488582
1645577256.18 12.5235020936
1645577260.58 11.9994488844
1645577264.32 11.4384922472
1645577264.52 10.4012297136
1645577264.68 10.7823478194
1645577264.74 12.8389406388
1645577265.51 9.99009694817
1645577265.9 9.9216593552
1645577266.24 9.84997259795
1645577266.57 9.85647547453
1645577274.38 5.90904189227
1645577274.49 8.98962315308
1645577276.42 12.2323098736
1645577276.54 16.0188123337
1645577281.17 18.6361678728
1645577284.35 22.8283404418
1645577287.43 19.0335242904
1645577290.09 25.0171820233
1645577294.03 20.7441006161
1645577381.7 1.32282808717
1645577382.66 1.68280417069
1645577383.59 1.797482706
1645577384.86 1.68892083991
1645577386.82 1.77671677658
1645577389.2 1.96998919667
1645577392.17 1.90841715173
1645577393.73 2.0085900205
1645577396.03 2.07370243029
1645577396.77 2.15930885616
1645577398.15 2.28770395224
1645577400.17 2.1088868688
1645577401.15 2.10926798481
1645577403.53 1.6471477085
1645577406.53 1.32054070247
1645577409.57 1.1070355286
1645577412.61 1.02213868352
1645577415.09 0.864178845857
1645577417.84 0.7365440621
1645577418.64 1.16200947945
1645577421.36 1.20107797676
1645577422.11 1.50534563995
1645577423.15 2.05927664489
1645577424.18 1.47072298541
1645577425.01 1.60658685432
1645577425.42 2.55236727036
1645577426.6 2.74682854561
1645577427.8 4.60823978619
1645577428.92 5.75145431285
1645577429.31 7.93300361342
1645577430.22 8.15101045141
1645577432.92 9.13203941651
1645577435.02 10.7701086082
1645577437.98 12.0694419991
1645577441.5 12.3641327747
1645577446.16 11.620233665
1645577448.34 11.8490946782
1645577450.63 11.7287965983
1645577452.74 12.7828786451
1645577454.44 14.9141901564
1645577456.42 19.4977395933
1645577460.4 19.8835793363
1645577464.13 20.1135085706
1645577467.24 20.652753529
1645577470.17 20.7589007679
1645577473.38 21.0117999913
1645577476.42 21.8989759375
1645577479.36 22.647285982
1645577483.42 21.4924291707
1645577487.79 19.1835171257
1645577494.23 15.8929895682
1645577499.83 14.1364808543
1645577503.9 13.2882593127
1645577509.05 12.6050122504
1645577513.53 12.4696820379
1645577517.91 13.2974619682
1645577523.37 13.5025187992
1645577528.86 12.4607336577
1645577533.26 11.9056637061
1645577537.23 11.2539667679
1645577537.42 10.6459106626
1645577537.54 10.7639141098
1645577538.48 8.42497765591
1645577538.6 10.0210156837
1645577538.7 12.2491443997
1645577538.8 16.0972441872
1645577546.86 11.1984855077
1645577548.69 23.7553018244
1645577549.85 18.9194287212
1645577550.92 15.9709760869
1645577552.0 13.5944143335
