1643139869.43 2.185312
1643139869.71 3.904444764
1643139869.96 5.72771665958
1643139870.16 7.4886783404
1643139870.69 8.98877978833
1643139871.31 41.412259814
1643139873.45 62.6110907235
1643139875.5 58.4996470292
1643139878.16 50.1100492615
1643139880.61 49.5894987938
1643139883.3 47.7996326717
1643139885.91 43.0084038975
1643139888.58 38.9906634394
1643139891.1 38.6312196723
1643139893.52 38.5783605329
1643139896.99 35.3995010806
1643139908.08 20.1551398112
1643139919.18 14.1275356459
1643139944.0 7.87483986943
1643139950.93 6.29628719473
1643139952.78 5.27187834455
1643139953.86 5.23043911521
1643139954.18 5.1674763616
1643139955.11 6.57217930834
1643139959.36 7.32996254449
1643139962.24 8.84693303616
1643139965.63 9.72640736158
1643139967.52 13.0035132351
1643139971.61 16.7778040194
1643139973.39 23.5700937125
1643139975.58 31.1037512419
1643139977.62 53.1927818917
1643139979.82 49.6345797385
1643139981.7 45.4858293191
1643139983.67 43.7836074685
1643139985.6 44.3054523306
1643139987.46 43.6546453778
1643139989.51 44.1771588934
1643139991.35 44.855126063
1643139993.0 45.5573641257
1643139994.66 47.0263560173
1643139996.15 49.6358403347
1643139997.86 50.87244904
1643139999.62 52.2485778274
1643140001.11 54.2440777274
1643140002.71 54.8926912988
1643140005.59 51.3915680441
1643140015.99 48.466368597
1643140027.63 43.3648771886
1643140033.68 39.3861968101
1643140035.92 38.332546065
1643140038.11 41.8135102344
1643140039.92 45.6384501973
1643140041.92 49.008305434
1643140048.2 50.6687423378
1643140053.3 47.0512722537
1643140057.91 45.1957124692
1643146807.02 2.185312
1643146807.31 3.89578784129
1643146807.49 5.75038950848
1643146807.67 7.56381504959
1643146808.23 9.09842285097
1643146808.46 49.0849195827
1643146810.92 80.1493175104
1643146812.85 72.2962886483
1643146814.76 64.6649333429
1643146816.67 69.3641480615
1643146818.76 64.2294870628
1643146820.54 65.5253076613
1643146822.22 65.7119325066
1643146824.65 61.0952832647
1643146827.08 56.6111692411
1643146829.24 53.1742156115
1643146831.63 48.9654713511
1643146841.83 23.8703427368
1643146853.3 15.3714901348
1643146873.72 9.08404099874
1643146891.2 6.91599872324
1643146895.48 6.20469229283
1643146898.68 6.5834350645
1643146902.16 7.00667809422
1643146903.35 10.2697050192
1643146907.09 12.731993666
1643146908.95 16.6581041656
1643146910.37 21.2601568977
1643146911.96 31.6507935801
1643146914.18 31.1273976796
1643146916.38 59.8583635283
1643146918.61 52.1581642859
1643146921.41 43.2224730918
1643146923.91 37.9727229241
1643146926.87 34.4926796814
1643146929.73 31.6381736611
1643146932.52 29.6898720952
1643146935.12 29.4169776173
1643146937.4 21.1398265192
1643146939.67 31.0440642328
1643146941.88 32.9137983919
1643146943.64 36.1470125994
1643146945.96 36.6781720406
1643146948.0 37.5783693929
1643146949.72 39.2496209174
1643146951.65 41.2240222432
1643146953.47 40.7320012259
1643146956.07 41.7722040065
1643146965.77 41.4250360834
1643146976.39 39.1718231986
1643146986.09 37.1751050617
1643146991.29 36.1447345423
1643146996.92 37.9932426769
1643147002.45 41.6185177739
