1642938554.95 2.20293548387
1642938555.23 2.08843092599
1642938555.42 2.93704941678
1642938555.6 3.85352394364
1642938556.12 4.6551880161
1642938556.67 22.917901838
1642938558.95 35.2665386253
1642938560.79 33.3389175091
1642938564.15 26.343649128
1642938567.48 23.2897630311
1642938572.58 13.8925914393
1642938580.06 3.71131854122
1642938583.9 3.03611974741
1642938584.33 2.98508230671
1642938584.74 3.00065918533
1642938589.98 0.488466035791
1642938590.87 0.447229859861
1642938591.36 0.430130397372
1642938591.84 0.403193581566
1642938592.3 0.380696499161
1642938592.76 4.70377752705
1642938593.61 5.91526518748
1642938598.74 5.79997193922
1642938600.81 6.53465301828
1642938602.79 7.43048724064
1642938604.72 8.78918361071
1642938613.27 8.59142347739
1642938622.33 8.90172453276
1642938628.26 8.33172489129
1642938641.98 4.10437406558
1642938645.75 3.73933862555
1642938648.2 4.03269172778
1642938650.03 4.64643474667
1642938651.69 4.99066825702
1642938654.02 10.0687426961
1642938658.53 11.5175233884
1642938663.19 11.5776107322
1642938681.46 2.01149857285
1642938688.26 1.5701888633
1642938692.33 1.43737280776
1642938693.35 1.34127251659
1642938694.22 1.29623688271
1642938695.05 4.7337564441
1642938697.69 7.1518681633
1642938699.85 8.32821842078
1642938702.0 9.77050039401
1642938704.99 11.45787238
1642938707.43 13.950245193
1642938710.38 16.2344463725
1642938713.15 17.3821062876
1642938718.12 11.9753810059
1642938722.92 10.5979715093
1642938729.48 6.89729778792
1642938734.98 6.17921034815
1642938737.61 6.26039509739
1642938739.16 7.39642383409
1642938740.63 9.00223399163
1642938741.81 17.4414291682
1642938743.05 27.0599478051
1642938744.2 31.4937774541
1642938744.34 32.8567777649
1642938744.45 28.5537588093
1642938744.5 31.3722075626
1642938745.2 2.21282578405
1642938745.32 2.3755984574
1642938745.41 2.60824842692
1642938745.5 2.97301859288
1642938745.73 3.01922177706
1642938746.1 49.8033442294
1642938748.62 39.4068996552
1642938750.59 33.655580785
1642938752.7 28.3670784893
