1642940918.02 2.20293548387
1642940918.37 2.03250032433
1642940918.62 2.73903430759
1642940918.85 3.4268123036
1642940919.6 4.03526238304
1642940919.97 10.7268553631
1642940920.23 14.1317059355
1642940921.17 14.3910980519
1642940924.96 14.6183416611
1642940928.0 14.1708441736
1642940930.72 18.7801416319
1642940933.54 18.4725921701
1642940935.67 18.7862687026
1642940938.13 18.5113876865
1642940940.26 19.9881216273
1642940944.2 19.8451455535
1642940947.84 22.019105373
1642940951.73 21.6673470086
1642940955.92 21.5190820437
1642940964.24 8.05681143665
1642940969.91 5.03821893791
1642940971.63 5.03874139131
1642940974.3 4.79229686709
1642940976.52 4.67998162503
1642940978.18 5.56864309431
1642940978.97 13.6948189779
1642940980.4 15.8107652082
1642940982.02 21.6222399382
1642940983.68 31.2330183154
1642940985.69 37.2197285686
1642940987.61 35.4951308664
1642940989.42 35.4973489445
1642940991.36 39.6951716346
1642940993.21 39.8131588316
1642940995.07 40.6654161035
1642940996.8 46.6373282526
1642940998.38 52.5516763405
1642941000.17 52.6808660385
1642941002.16 38.6562466897
1642941005.32 16.7221755254
1642941011.15 7.94063682134
1642941021.23 3.46345932674
1642941025.57 2.69265076114
1642941034.7 1.77700738756
1642941037.28 1.71901212542
1642941038.35 1.89837908103
1642941039.3 3.76758507266
1642941040.17 4.77580232629
1642941041.12 20.0782624422
1642941042.32 34.3551170077
1642941046.63 37.4174445588
1642941052.58 39.4080131598
1642941058.31 26.3042719887
1642941063.6 24.4349435401
1642941069.09 22.9436842262
1642941073.83 20.7251942727
1642941084.16 6.01243875754
1642941094.12 5.01424238991
1642941104.18 2.9659485135
1642941114.22 1.87773504871
1642941114.82 0.92810823427
1642941114.95 1.54859664251
1642941115.01 1.78683206034
1642941115.92 1.33241516721
1642941116.03 1.69958246646
1642941116.13 5.63312940614
1642941116.22 7.69102477341
1642941116.44 7.72338335057
