1642916836.22 2.21185425101
1642916836.59 2.0382465474
1642916836.86 2.75535481593
1642916837.13 3.37225325782
1642916837.97 3.94957824525
1642916838.34 9.54009245765
1642916839.05 12.5329780455
1642916839.67 15.3782239759
1642916841.73 19.4087474118
1642916842.95 24.2843169191
1642916845.08 45.2701959097
1642916847.15 36.3910284335
1642916849.16 26.6890711972
1642916851.19 38.8276552376
1642916853.37 41.6827204393
1642916855.69 38.9851700853
1642916858.27 36.9235387717
1642916860.98 35.3841099523
1642916863.55 46.6502546052
1642916867.32 21.1297821623
1642916873.82 9.19010908558
1642916875.45 9.69907847181
1642916877.17 10.3526384535
1642916878.64 11.0585880798
1642916880.26 13.3293798271
1642916882.25 43.3711370604
1642916884.24 40.3906286757
1642916886.69 36.1472494919
1642916889.06 32.1080449349
1642916892.11 23.5980781885
1642916895.01 20.7353756619
1642916897.68 18.8445534526
1642916900.75 17.4099003069
1642916903.26 16.8612731607
1642916905.54 22.42487524
1642916907.84 26.7375602176
1642916909.78 27.9869518649
1642916911.83 30.5072430755
1642916914.25 30.6533595465
1642916916.49 29.7674258339
1642916920.07 19.5109745809
1642916924.91 10.0681699918
1642916931.02 7.55532449046
1642916937.81 5.97627007763
1642916945.53 4.64190436551
1642916949.19 4.59542310532
1642916952.08 5.38544455091
1642916960.4 7.24186756672
1642916971.01 8.53862298666
1642916982.28 11.6049000564
1642916991.26 11.6467480208
1642917002.69 11.3401366956
1642917013.34 11.0139622404
1642917024.2 10.9460277905
1642917033.57 17.5538314783
