1642920888.52 2.10937451737
1642920889.13 2.82719027595
1642920889.49 3.64069060517
1642920889.85 4.25806535069
1642920892.99 4.25667982968
1642920893.52 6.47880756913
1642920894.95 8.16323710239
1642920895.67 8.28912036589
1642920896.43 8.51306074893
1642920897.51 11.9155008864
1642920901.38 12.488705284
1642920903.61 13.7947113216
1642920905.47 17.3590209831
1642920907.46 22.4725263474
1642920910.42 27.0018531023
1642920913.16 30.8989287443
1642920916.37 32.0259097568
1642920919.46 32.4181111076
1642920922.95 32.0519389408
1642920926.23 31.1570072374
1642920929.27 30.0387127762
1642920934.13 26.7783210636
1642920939.81 22.4706834773
1642920953.74 13.7295997179
1642920956.58 14.0121672408
1642920958.21 14.8377582183
1642920960.27 16.283031647
1642920962.87 18.602260633
1642920965.24 42.4626720222
1642920967.66 43.0938032114
1642920970.14 39.4830383291
1642920972.62 36.5981914025
1642920975.53 35.40125246
1642920978.02 34.7030273795
1642920980.39 34.3139245145
1642920982.71 34.5338580258
1642920984.98 34.7982453527
1642920987.27 36.3220168515
1642920989.53 36.6580177587
1642920991.72 35.6913432226
1642920994.23 34.5327545677
1642920996.26 24.8863945282
1642921000.28 28.8774326309
1642921004.26 24.9906109152
1642921009.54 19.5382297153
1642921012.57 18.6895608034
1642921015.0 18.2069845333
1642921018.03 19.0366461706
1642921022.69 18.3812635062
1642921025.49 22.0242331514
1642921030.04 19.8262194692
1642921032.57 19.8186925414
1642921040.14 20.2763002232
1642921049.03 22.168198534
1642921059.9 18.3176835609
1642921070.22 19.3631971566
1642921080.17 18.5439108371
