1643136512.99 1.94422775801
1643136513.74 1.74075818298
1643136514.2 1.8744798887
1643136514.69 2.13216667974
1643136519.13 2.07194368422
1643136521.15 2.2364249283
1643136522.76 2.33741313528
1643136523.34 2.3986017621
1643136523.98 2.50246505941
1643136524.47 3.21422947723
1643136525.98 4.59981101395
1643136526.31 6.16492620748
1643136526.73 6.1639775866
1643136527.89 5.37461868959
1643136528.33 5.5394643693
1643136529.06 6.11347462655
1643136529.42 6.5699535706
1643136530.0 7.27254483904
1643136533.73 9.10233407494
1643136536.47 9.9611675317
1643136539.47 9.94036733048
1643136542.96 9.31567601678
1643136545.63 10.5518592976
1643136548.5 10.9424792271
1643136553.05 7.91583401933
1643136556.14 7.77319391617
1643136560.07 7.43751767557
1643136564.57 6.55212493288
1643136566.8 6.73356124404
1643136569.12 8.37932948953
1643136571.27 8.9704671096
1643136572.23 9.10030330998
1643136573.4 13.2361510122
1643136578.88 12.1531157366
1643136582.51 12.991884434
1643136586.06 13.3934262743
1643136589.58 11.7218503406
1643136591.9 11.4811984623
1643136593.6 16.7727968655
1643136594.84 19.269510424
1643136596.43 23.8816904646
1643136597.82 32.3436800379
1643136599.58 35.8023384599
1643136601.54 33.8013513314
1643136603.26 33.8489009213
1643136605.13 31.8309569597
1643136607.02 29.2296143928
1643136608.69 28.3916274469
1643136610.57 33.3328247021
1643136612.17 36.0425397414
1643136614.02 36.5921229387
1643136615.62 40.7931112087
1643136617.73 28.7858944894
1643136622.17 11.5669025892
1643136624.64 10.4977504458
1643136627.12 9.55083612845
1643136629.65 8.89617641122
1643136631.96 8.65003373773
1643136633.95 22.2319932607
1643136636.08 18.8638725985
1643136636.43 1.11822330401
1643136636.6 1.14542511561
1643136637.36 0.853887868738
1643136637.61 0.826480135253
1643136637.84 0.807327800631
1643136638.06 2.18006232802
1643136638.42 6.15564109886
1643136639.35 12.4204589103
1643136640.27 13.3826025839
1643136641.19 14.0805897264
1643136645.94 13.1390809069
1643136648.99 15.3353734997
1643136650.45 15.7896171425
1643136651.62 18.2927287999
1643136652.92 21.1702083233
1643136655.48 27.1955130274
1643136657.71 31.6425570009
1643136660.05 30.8044946076
1643136662.32 32.6798327755
1643136664.62 37.8614026425
1643136667.12 39.9275620948
1643136669.57 39.3830169182
1643136675.01 11.0199294777
1643136680.95 8.62557685743
1643136683.57 8.53077897714
1643136687.96 7.53788630812
1643136692.48 6.72170076901
1643136698.14 9.2805603511
1643136701.82 15.0999072845
1643136707.65 11.9539810682
