1643137387.46 2.16796825397
1643137387.85 1.98475679713
1643137388.23 2.41833810033
1643137388.95 2.15496994221
1643137391.1 2.35053575664
1643137394.55 2.98128476045
1643137396.46 2.62041777189
1643137397.08 2.72676509009
1643137397.51 3.56644289502
1643137398.65 3.94676075775
1643137399.89 4.57961701389
1643137400.31 7.08980561735
1643137401.0 7.25555278362
1643137401.51 8.27572305779
1643137404.3 9.78443994858
1643137406.4 11.4727677072
1643137407.97 12.983786677
1643137409.69 15.750130812
1643137413.17 17.1042958498
1643137416.24 19.486657413
1643137418.92 21.3800598385
1643137422.02 23.5433029682
1643137425.29 25.3824893402
1643137428.21 25.5414098151
1643137431.62 25.5100934806
1643137434.65 24.7041930651
1643137438.46 21.5822169832
1643137444.68 10.8688239024
1643137457.65 3.38248070113
1643137459.38 3.35882698166
1643137460.4 3.48450467853
1643137461.22 3.77574210341
1643137462.12 4.5985379054
1643137462.9 26.1140106638
1643137464.19 35.2417085196
1643137465.55 39.4111631843
1643137467.08 39.0015872048
1643137469.16 35.5811107182
1643137471.0 33.7431951338
1643137472.72 30.306948964
1643137475.05 26.7383660608
1643137477.03 24.7082200816
1643137479.1 29.4620524209
1643137481.06 30.4086888564
1643137482.9 29.8167294897
1643137484.85 32.9606916219
1643137486.59 36.6980627634
1643137488.22 37.8867683381
1643137490.31 37.8616778445
1643137491.98 38.6451472193
1643137493.88 38.872179503
1643137496.06 35.1485524646
1643137499.82 33.9871954194
1643137509.75 22.5222857424
1643137519.31 6.99472951981
1643137529.63 6.14198928732
1643137540.19 5.28997527158
1643137549.64 4.88704288138
1643137559.14 4.43403470591
1643137564.69 12.7950177622
1643137564.84 13.5302897545
1643137564.95 13.1223122801
1643137565.01 13.0358581701
1643137565.76 3.25211100264
1643137565.87 4.0825423965
1643137565.97 4.89366463941
1643137566.07 5.51064575502
1643137566.3 5.53039480203
1643137566.51 170.071975773
1643137570.84 7.19844181311
1643137571.14 3.88717827595
1643137572.56 2.17696865764
1643137572.72 2.18364403317
1643137572.87 2.19070666239
1643137573.4 6.36168268328
1643137573.53 9.57989920547
1643137575.73 29.9228478967
1643137579.4 17.5215946881
1643137582.8 13.5610645338
1643137586.4 13.8252411013
