1642913479.62 2.19408835341
1642913479.91 2.08320562101
1642913480.11 2.93646659474
1642913480.31 3.82936162601
1642913480.98 4.51317649352
1642913481.64 19.0110336784
1642913483.71 26.709218233
1642913485.31 25.6703578252
1642913486.83 27.6735250999
1642913489.35 22.3305482022
1642913492.87 25.5533287026
1642913496.35 21.7791213311
1642913506.78 5.49308285498
1642913510.78 3.07094842595
1642913519.44 1.94211076686
1642913520.37 1.70677710492
1642913521.39 1.47570639437
1642913522.77 2.37111939498
1642913524.02 2.16167713193
1642913524.94 6.12590088003
1642913527.19 5.63075151232
1642913529.04 6.23415664667
1642913531.11 8.1481307506
1642913533.96 9.90521020182
1642913544.04 7.2418584716
1642913551.95 6.40402932302
1642913560.98 5.39480533589
1642913568.04 3.96202936648
1642913571.22 3.84198679379
1642913574.1 4.16839826408
1642913576.09 4.55811703398
1642913577.76 5.28983292737
1642913579.95 9.94701432847
1642913584.23 11.1455738646
1642913588.98 11.630892798
1642913603.55 2.11207168978
1642913612.89 1.91726101686
1642913617.68 1.72552023839
1642913621.61 1.62410719438
1642913623.92 1.62447624413
1642913626.3 2.48961887887
1642913628.3 7.51855371077
1642913630.07 9.50802131035
1642913632.88 11.9913084988
1642913635.51 13.5544596186
1642913638.49 15.1633263764
1642913642.78 13.8036283648
1642913647.11 12.4007609633
1642913652.2 7.84540176728
1642913657.86 8.3982685512
1642913660.27 12.0637288011
1642913663.73 9.05153293631
1642913664.79 10.5240175253
1642913666.22 13.551305493
1642913667.29 23.5430015682
1642913668.8 26.1547040504
1642913671.25 33.2931978316
1642913673.22 26.9510883698
1642913675.1 22.5148135237
1642913676.55 19.4249536905
1642913676.68 20.5870941116
1642913677.08 20.6965656035
1642913677.19 24.9602806656
1642913677.29 33.7930186901
1642913677.4 51.0093890368
