1643139213.62 2.185312
1643139213.9 3.9001114988
1643139214.1 5.74960095717
1643139214.3 7.498466536
1643139214.81 9.06578167259
1643139215.07 47.1488421842
1643139217.66 70.4405357892
1643139219.26 67.2131988484
1643139221.39 62.0748657795
1643139223.55 60.9467104974
1643139225.6 56.517439608
1643139227.95 54.4684168836
1643139230.11 49.0560535478
1643139232.35 47.3496551685
1643139234.71 45.4908327392
1643139237.0 43.4243220509
1643139239.48 43.4591746172
1643139241.79 43.3506784679
1643139243.85 44.0340262571
1643139245.86 46.5263870088
1643139247.56 50.0316833962
1643139249.37 54.5844963487
1643139250.95 60.5028331315
1643139252.53 66.0192897458
1643139254.07 69.5723636136
1643139255.55 72.6990545282
1643139257.2 71.740428802
1643139259.51 62.3397700699
1643139261.92 52.8886157434
1643139264.5 45.6822010815
1643139267.55 38.238694609
1643139270.23 33.9172439385
1643139272.9 32.4888551681
1643139275.27 32.158500808
1643139277.33 32.9921179904
1643139279.2 36.0282882344
1643139281.23 38.171391671
1643139283.08 41.2388412003
1643139284.74 44.7555781852
1643139286.41 47.0303266322
1643139288.5 46.2761650288
1643139294.11 48.0547352644
1643139304.13 46.495803301
1643139314.16 43.9620827186
1643139326.13 41.6096618436
1643139335.7 41.1891757162
1643139346.16 39.7090548194
1643139357.67 38.78938875
1643139367.84 38.9696924671
1643139377.8 38.8219591869
1643139386.99 38.4088109982
1643139399.56 38.0627386446
1643139409.56 38.3765183803
1643146142.44 2.185312
1643146142.72 3.9001114988
1643146142.92 5.73551590049
1643146143.11 7.43543337605
1643146143.66 8.94051216519
1643146144.31 40.8498070585
1643146146.86 60.9921198827
1643146148.75 57.9010710048
1643146150.8 56.9656913056
1643146153.19 58.4752158915
1643146155.48 58.7129557551
1643146158.07 53.2795497057
1643146160.42 49.2303857933
1643146162.7 46.7781037826
1643146165.27 44.2567168265
1643146167.62 42.9951683217
1643146170.15 43.3568791077
1643146172.48 43.9624523745
1643146174.54 45.1200715602
1643146176.56 48.9478854787
1643146178.25 53.3098829076
1643146180.27 58.2070441536
1643146181.86 64.3812037941
1643146183.77 67.4877391072
1643146185.87 64.5756091523
1643146187.79 62.2069408254
1643146189.61 60.113273637
1643146191.56 56.9298133075
1643146193.33 55.7559289289
1643146195.29 57.8638132612
1643146197.58 55.2142540958
1643146199.66 53.2142128356
1643146201.95 50.2591773623
1643146204.01 46.9567026411
1643146206.07 44.5476309194
1643146208.2 43.7126045841
1643146210.13 42.6492657596
1643146212.14 42.5283599952
1643146214.13 43.1976319707
1643146215.9 43.4504108101
1643146217.71 45.2192171057
1643146223.98 45.691890512
1643146234.58 44.8562992388
1643146244.67 43.646371424
1643146255.31 41.5434419263
1643146264.64 39.7584570983
1643146277.18 38.5556414763
1643146286.94 37.3735444385
1643146297.21 37.1534614204
1643146308.7 37.0709103506
1643146318.36 37.0734351148
1643146329.93 37.7601064016
1643146340.98 38.5646625344
