1642917547.08 2.185312
1642917547.44 2.01648675868
1642917547.7 2.72576195644
1642917547.96 3.36093360582
1642917548.87 3.90327988463
1642917549.47 8.21962627894
1642917550.05 8.88853591776
1642917550.37 8.84012922196
1642917551.53 8.77120849417
1642917552.49 10.4951965079
1642917560.21 7.73259196291
1642917562.84 8.34038832423
1642917565.99 8.37420530865
1642917568.63 8.83384999387
1642917570.78 9.38195720618
1642917573.02 15.091878202
1642917575.36 14.8323905778
1642917577.52 16.0321654593
1642917579.7 15.8350204882
1642917582.08 16.091071987
1642917587.41 15.5031733651
1642917590.22 14.1060349438
1642917591.85 14.7399015667
1642917594.12 16.9525657214
1642917597.31 19.09035628
1642917600.33 16.9136600356
1642917604.68 16.776763372
1642917608.24 14.1651631127
1642917611.83 12.6607769871
1642917615.68 11.9729471309
1642917619.04 11.5806054719
1642917622.21 17.5773854115
1642917626.1 19.625143333
1642917629.3 20.8830445925
1642917632.53 21.6474942439
1642917635.43 21.8155158748
1642917638.8 21.2994790545
1642917641.68 22.0376064703
1642917645.22 18.7637962818
1642917648.25 18.8936465903
1642917653.23 12.4632319049
1642917656.41 12.3803797924
1642917659.67 12.0125653964
1642917663.15 12.1183906167
1642917667.24 11.075289921
1642917671.16 20.6761775327
1642917674.05 14.9684165607
1642917675.11 12.357155277
1642917676.29 14.9785754273
1642917677.44 21.2177993239
1642917678.96 31.2400225625
1642917680.4 44.8651241671
1642917681.63 42.3061474753
1642917683.19 41.7622061518
1642917686.65 44.8275040692
1642917696.08 44.6719640318
1642917706.18 26.2267777917
1642917715.7 3.92865451441
1642917725.65 3.72205223797
1642917734.77 3.48198372994
1642917735.32 0.567847269624
1642917735.44 1.92149508178
1642917735.51 2.13295968167
1642917736.2 1.69380141102
1642917736.31 1.8474670864
1642917736.4 5.93155791114
1642917736.5 6.31256983866
1642917736.74 6.35127073015
1642917737.43 65.066259727
1642917740.62 29.6969979169
1642917742.99 23.212195525
1642917745.42 18.5148829548
