1642917753.31 2.15939920949
1642917753.7 1.9762235554
1642917754.04 2.52662084571
1642917754.38 2.93832190926
1642917756.16 3.16938905466
1642917757.8 5.44139662016
1642917759.24 6.20449094738
1642917760.55 7.04533441045
1642917761.86 7.71507373691
1642917762.41 8.63207677042
1642917763.46 10.1342376603
1642917769.48 8.63121964189
1642917773.15 11.8808152629
1642917777.51 8.20117303349
1642917783.9 6.18247383282
1642917785.61 6.74337580483
1642917786.55 7.76027960943
1642917787.64 9.29979309195
1642917788.69 12.2430701485
1642917789.67 28.2290226582
1642917791.7 33.6855794357
1642917794.11 32.0676948577
1642917796.16 32.4920963783
1642917800.03 17.5813575122
1642917806.35 8.76830976031
1642917812.38 6.59385019266
1642917814.75 5.69189244463
1642917817.16 4.96621340677
1642917819.18 4.81484511044
1642917821.4 7.86246540318
1642917824.42 12.8418522565
1642917825.76 10.5523695189
1642917827.73 12.3969406257
1642917854.23 0.939040955937
1642917855.98 0.744031414951
1642917857.34 0.672286141821
1642917858.91 0.545939989716
1642917860.17 0.485887769499
1642917861.67 3.15936832433
1642917862.89 4.82509744765
1642917868.5 4.87323017102
1642917869.55 4.25035371377
1642917871.01 5.15972279864
1642917871.9 7.46348535322
1642917873.07 11.7910185353
1642917874.47 39.3536665922
1642917876.08 28.2775366215
1642917877.75 30.8032830718
1642917879.53 30.2568230019
1642917881.13 30.6074603322
1642917883.0 39.6533269608
1642917885.17 33.0672258144
1642917887.13 31.9453777549
1642917889.42 29.7727468314
1642917891.33 27.9790505038
1642917901.02 26.0160617589
1642917905.91 25.5660631375
1642917911.06 26.0974994413
1642917915.2 25.788443299
1642917920.56 28.1281255837
1642917921.11 0.367758544638
1642917921.23 2.02234730243
1642917921.29 2.81121009779
1642917922.05 0.980936317878
1642917922.33 0.753471251813
1642917922.61 1.22293415358
1642917922.88 1.04441475984
1642917923.54 0.835119042537
1642917924.11 5.83286899002
1642917924.41 6.78096700347
1642917924.59 8.75738906454
1642917924.76 12.3385502838
1642917927.92 19.0277965679
1642917932.5 15.3429527959
1642917936.42 8.90346679401
1642917938.46 7.51794156414
1642917942.11 5.77601512139
1642917947.57 4.61693728914
1642917950.88 4.63583542612
