1642945623.1 1.32282808717
1642945624.52 1.37364338636
1642945625.03 1.79437601527
1642945625.48 2.17036582196
1642945627.09 2.55997612205
1642945628.9 3.85798953877
1642945630.15 7.57656953844
1642945630.6 10.1320866982
1642945631.7 13.133392181
1642945634.87 15.7518373237
1642945637.2 20.0373940177
1642945639.12 23.1671587181
1642945642.34 25.2606399217
1642945645.25 29.6339218574
1642945648.3 33.0411930443
1642945651.22 32.9686452416
1642945654.7 31.7145211042
1642945658.0 31.5463378186
1642945661.49 30.1450156591
1642945666.26 26.427066464
1642945670.76 23.9420168658
1642945680.99 17.1355931912
1642945688.89 14.2031297674
1642945691.12 14.8820350405
1642945693.27 16.5916970359
1642945695.36 18.4890267469
1642945697.27 29.4973475128
1642945699.75 48.513182716
1642945702.12 46.8124923904
1642945704.99 42.0783424652
1642945707.74 38.5021641435
1642945710.23 35.4250745891
1642945712.87 34.9838197774
1642945715.01 34.732408831
1642945717.56 34.4023061368
1642945720.28 33.8814399467
1642945722.7 33.3869824783
1642945725.35 32.7241224268
1642945727.73 31.6458545982
1642945729.93 32.0549817571
1642945734.71 26.4005422821
1642945738.39 23.5692665649
1642945743.95 18.8461722008
1642945746.57 18.5430893876
1642945749.47 17.625625132
1642945753.1 18.8320822206
1642945756.66 18.8305384509
1642945761.18 19.8403233356
1642945764.19 19.7153149679
1642945767.03 19.80394425
1642945770.08 20.2391188424
1642945776.57 22.0872346553
1642945787.5 23.9028828793
1642945797.74 23.2403907257
1642945808.69 21.1466302681
1642945818.22 20.9595145251
