1643140815.17 2.185312
1643140815.52 3.61152309307
1643140815.76 5.04926674976
1643140815.99 6.32523363418
1643140816.71 7.44954578272
1643140817.66 19.631368073
1643140821.23 25.2208529149
1643140824.74 25.2174394843
1643140828.61 24.3648897896
1643140831.47 23.4445208848
1643140834.19 23.544987822
1643140836.6 23.4027806206
1643140840.28 23.2865702886
1643140844.16 23.7727049412
1643140847.68 24.7392923135
1643140851.64 24.3297877079
1643140855.89 23.6227733395
1643140864.49 18.3364910752
1643140871.12 16.2164878418
1643140876.22 15.2663192894
1643140879.05 15.8342931121
1643140881.27 17.4208708609
1643140883.09 24.8584694784
1643140885.15 34.9545217308
1643140887.3 46.9737697497
1643140889.63 50.2814762595
1643140891.87 47.9899390234
1643140894.21 45.2866823138
1643140896.31 43.7076766545
1643140898.56 43.1864756888
1643140900.76 43.651014462
1643140903.19 41.2635689416
1643140909.0 28.9817471866
1643140917.93 17.6987126952
1643140924.04 14.4842585463
1643140934.54 10.540915954
1643140938.02 10.1815985414
1643140939.71 11.4804502008
1643140941.35 15.5794865327
1643140943.03 19.4357418765
1643140944.69 40.5672344987
1643140946.11 53.562721878
1643140948.16 49.4747424503
1643140949.7 49.3607423814
1643140951.07 52.7762183663
1643140952.68 52.8488394075
1643140954.39 50.4348082292
1643140955.94 53.5610729998
1643140957.67 52.2193971425
1643140967.46 51.4516421368
1643140976.93 44.9720474469
1643140988.42 31.9839250355
1643140998.84 23.9227592709
1643141014.11 11.7920835109
1643147647.69 2.17660557769
1643147648.08 3.6070148447
1643147648.32 5.04882936774
1643147648.56 6.31824345571
1643147649.33 7.44178844969
1643147650.23 19.7139502692
1643147654.0 25.2117813773
1643147657.71 24.8816913178
1643147661.59 24.1035525457
1643147664.06 24.0506027085
1643147667.37 23.1972997506
1643147669.7 23.2902576743
1643147673.82 23.1843776526
1643147677.67 23.6443296494
1643147681.16 23.8520432889
1643147684.89 24.7524797006
1643147689.11 23.9813246543
1643147697.28 19.1025227451
1643147705.1 16.042263294
1643147710.42 20.9522855451
1643147712.63 15.8336866788
1643147714.57 17.5420294036
1643147716.43 24.5401226432
1643147718.23 39.4941066818
1643147720.22 60.3229860215
1643147721.92 66.5130417411
1643147724.11 60.5431522425
1643147726.28 55.9372486921
1643147728.67 48.8710411316
1643147731.11 44.7575005394
1643147733.55 40.8776809039
1643147735.81 28.2358852238
1643147739.54 33.5623767152
1643147746.18 22.9238169043
1643147757.06 14.2286010118
1643147760.38 13.6753707882
1643147771.01 10.9086454617
1643147773.15 11.4263505128
1643147774.47 14.121156291
1643147775.63 24.0750941871
1643147777.05 27.7182883827
1643147778.42 65.7630820005
1643147779.84 53.6500278352
1643147781.24 51.8574998967
1643147783.57 57.0551047021
1643147785.2 55.4170294546
1643147786.78 52.669825434
1643147788.44 49.7651763389
1643147790.34 46.8266096423
1643147798.4 72.7559017081
1643147807.57 40.3008443698
1643147818.35 24.8114327735
1643147829.12 19.893082672
1643147842.51 8.24746016387
