1642913065.05 2.185312
1642913065.67 1.94298075592
1642913066.12 2.28276570615
1642913066.56 2.55512843724
1642913068.11 2.76641863769
1642913068.59 3.90775164746
1642913069.05 5.26821427669
1642913069.99 6.82376961198
1642913070.65 10.0631039836
1642913071.15 14.1553677252
1642913072.96 18.7222677971
1642913074.32 23.1309930011
1642913076.41 28.7501305041
1642913078.66 32.8669143164
1642913081.02 33.5637335431
1642913083.22 36.8317273819
1642913086.0 35.3433691772
1642913089.14 28.0181139402
1642913092.28 25.1055939193
1642913095.35 23.5257504759
1642913098.09 22.5404993635
1642913100.83 22.8737152138
1642913103.0 27.379064416
1642913104.91 30.4764416323
1642913107.13 33.6174098301
1642913109.12 36.7993918396
1642913110.95 39.9839062639
1642913117.0 8.68520269757
1642913118.72 8.82011132437
1642913120.54 8.92049075078
1642913122.17 9.08762854904
1642913123.79 9.06816640279
1642913125.76 40.0748309152
1642913127.71 27.4895848452
1642913129.51 37.3869229061
1642913131.34 36.9608528275
1642913133.29 36.5913697193
1642913135.51 34.2494531488
1642913137.52 33.0489690994
1642913139.4 32.1293762756
1642913141.69 30.1773358318
1642913143.83 29.1672197713
1642913146.24 31.4984435842
1642913148.67 30.5839047673
1642913150.67 29.7843916097
1642913152.81 30.0538664332
1642913156.64 31.249910507
1642913167.34 32.3553396088
1642913179.34 32.3087945661
1642913190.43 31.9835663144
1642913200.22 31.3600996735
1642913209.8 30.61968045
1642913221.83 30.8973524342
1642913231.57 32.2002688011
1642913241.01 33.3101185337
1642913251.65 34.7460786239
1642913262.84 34.9987139314
