1643160529.86 2194.08835341
1643160530.07 12244.9666667
1643160530.18 92590.25
1643160530.29 96943.6363636
1643160530.52 39389.57
1643160531.07 50205.4391026
1643160534.04 48349.508842
1643160536.28 56114.3780249
1643160538.17 64128.0394933
1643160540.26 59936.2363506
1643160542.61 46152.9573273
1643160544.75 49438.4657107
1643160546.87 48228.7276814
1643160549.05 46243.1800587
1643160551.17 47206.3702128
1643160553.26 47608.2132911
1643160557.66 20755.0468506
1643160569.31 7062.88368539
1643160570.32 8568.40877598
1643160571.65 6207.56203164
1643160572.89 7146.22531418
1643160573.91 7139.41071429
1643160575.06 7139.5984252
1643160576.17 7141.43756345
1643160577.18 7997.21076233
1643160578.23 7670.37145969
1643160579.53 6079.42808511
1643160580.95 5710.92217899
1643160582.28 5713.87323944
1643160583.58 5714.08851064
1643160585.35 4284.92124542
1643160588.91 1993.06441271
1643160590.18 2105.51848667
1643160591.15 2862.15819861
1643160592.65 1824.72077922
1643160593.66 2945.63258427
1643160594.21 5736.27562642
1643160594.85 5125.45366795
1643160595.57 4287.65123967
1643160596.56 2853.83823529
1643160601.48 1020.47290912
1643160612.02 2859.63744589
1643160621.4 4034.47329377
1643160634.24 4361.38801262
1643160644.95 5163.98624754
1643160656.67 5350.86666667
1643160666.37 5425.63672655
1643160677.75 11037.6283988
1643160679.64 11457.0705882
1643160682.41 51148.1285714
1643160685.2 52178.0689655
1643160687.01 45304.1516854
1643160690.26 65846.1621622
1643160692.06 46140.25
1643160693.95 49225.4953959
1643160696.1 69416.9419355
1643160697.92 75101.9571603
1643160700.38 79630.7567141
1643160703.0 64134.2922849
1643160704.46 53638.9328358
1643160704.56 126339.6
1643160705.08 93137.1818182
1643160705.21 103357.529412
1643160705.33 120065.076923
1643160705.45 140254.909091
1643160705.86 61760.3147208
1643160708.15 65033.5098901
1643160710.34 53339.6406545
1643160712.56 56298.480315
1643160714.86 48078.1167598
1643160717.17 51532.5762817
1643160719.2 53514.594401
1643160721.19 55068.9576389
1643160723.2 55913.7222636
1643160725.22 58664.1532738
1643160727.23 60762.5031299
1643160729.0 67041.868984
1643765374.32 2185.312
1643765374.54 12244.9666667
1643765374.65 92590.25
1643765374.77 82029.2307692
1643765374.99 42354.3763441
1643765375.43 61427.8313725
1643765377.67 68132.3866559
1643765379.3 77365.9909829
1643765380.97 84455.1805692
1643765382.42 88945.8859275
1643765384.17 63868.2338772
1643765386.02 65052.7473339
1643765388.01 48352.9484868
1643765390.37 44494.7076749
1643765392.44 47437.0671961
1643765394.46 47398.221172
1643765396.75 45670.6128293
1643765406.31 8614.68928846
1643765407.53 7310.58325123
1643765408.38 10283.1475862
1643765409.5 7992.86646586
1643765410.52 7139.41071429
1643765411.56 7893.17954298
1643765412.5 8578.43414634
1643765413.64 7014.26941986
1643765414.81 6706.09619048
1643765415.94 7143.328
1643765417.08 7145.6037001
1643765418.17 7154.19605809
1643765419.2 7329.75327511
1643765420.15 8476.69202899
1643765421.25 6893.35080645
1643765422.58 5711.91914191
1643765423.92 5709.97197032
1643765425.27 5717.1414713
1643765426.92 4934.82271832
1643765428.97 3630.77576385
1643765433.14 1801.61168639
1643765434.24 2612.31520645
1643765436.09 2026.33975904
1643765447.66 5733.61283186
1643765458.11 3551.48521505
1643765468.92 4472.42598684
1643765478.58 5453.88560158
1643765490.78 5204.88910891
1643765501.19 7780.63457101
1643765512.58 11229.7540741
1643765523.47 10889.5827124
1643765525.85 11541.9377778
1643765527.64 43136.9759036
1643765529.93 44768.1656805
1643765532.23 47158.7076023
1643765534.21 20530.6853933
1643765536.02 44089.5722222
1643765538.09 44144.416185
1643765540.56 48163.0528201
1643765542.72 50583.9233306
1643765545.48 54083.9796137
1643765547.26 44471.7211934
1643765549.29 46015.4737516
1643765549.42 20377.3548387
1643765549.9 70655.7931034
1643765550.05 56679.9354839
1643765550.18 86713.6666667
1643765550.3 90753.1764706
1643765550.78 40828.1275168
1643765554.0 42372.6687351
1643765556.43 43442.6904152
1643765558.96 42058.2764706
1643765561.36 46144.680429
1643765563.68 46977.0501126
1643765565.72 54436.0377483
1643765567.98 44801.8638418
1643765569.87 51966.8712803
1643765571.87 58102.1532793
