1642942961.34 1.31963285024
1642942963.24 0.422108952278
1642942963.56 0.57370485171
1642942963.87 0.701549512771
1642942964.44 0.82179290762
1642942964.93 1.03527417816
1642942966.23 2.10137516622
1642942969.14 1.06017821672
1642942971.7 0.839480978897
1642942974.9 0.606020039869
1642942976.52 0.514784026361
1642942977.33 0.534409503866
1642942977.72 0.715562789659
1642942978.17 0.880783372026
1642942979.26 1.60853619196
1642942979.53 2.48662060493
1642942979.99 3.73843796123
1642942980.44 4.40568149607
1642942980.9 5.36656743103
1642942981.39 15.1418745131
1642942990.91 6.00294187162
1642943018.87 0.344541054785
1642943019.63 0.234128747193
1642943020.04 0.205522951292
1642943020.45 0.183558819318
1642943020.86 0.172423444563
1642943021.32 1.35280613667
1642943022.38 2.77908433866
1642943025.0 2.5520575463
1642943027.86 2.25768490146
1642943035.99 0.568376732872
1642943039.28 0.459509356092
1642943041.23 0.326440054227
1642943042.15 0.302041601623
1642943045.09 0.275762331583
1642943046.97 0.406546594283
1642943048.9 0.349358404323
1642943050.86 0.52629106701
1642943051.78 0.526468875206
1642943053.7 0.458588277512
1642943055.69 0.401352988715
1642943056.65 0.528108897645
1642943058.61 0.528642749053
1642943060.57 0.462522817791
1642943062.51 0.465252187189
1642943063.51 0.532798337754
1642943065.46 0.466610720682
1642943066.41 0.533326608472
1642943067.94 0.622816757577
1642943070.38 0.666681026994
1642943072.84 0.600844341029
1642943074.28 0.725456010958
1642943075.14 0.734168498553
1642943075.69 0.753471550482
1642943076.51 1.057292789
1642943077.34 1.71555945305
1642943077.82 2.33194246727
1642943079.77 2.64301090643
1642943081.38 2.74292386603
1642943087.21 3.1391610519
1642943087.45 4.04883474461
1642943087.93 4.32166339676
1642943088.39 4.62608605582
1642943088.8 5.05104808772
1642943089.2 5.27946085503
1642943091.47 5.34404580253
1642943094.48 5.33616098353
1642943097.44 5.25507484952
1642943100.42 5.29357924425
1642943103.08 5.13926760528
1642943105.88 4.5512986952
1642943108.58 3.7988423192
1642943117.92 0.436029361608
1642943119.36 0.323050398973
1642943121.24 0.203757639669
1642943122.16 0.182171819192
1642943125.15 0.160883377816
1642943126.13 0.321490348634
1642943127.59 0.358760076558
1642943128.16 1.03540528984
1642943129.27 1.17856240503
1642943129.9 1.55208445311
1642943130.64 2.02796745792
1642943132.01 2.37902234419
1642943133.39 2.82907962082
1642943134.59 3.43022612656
1642943135.78 4.02870351412
1642943136.29 4.59435754908
1642943137.41 5.1099976206
1642943138.81 5.06403647935
1642943140.0 5.54162156419
1642943141.01 5.7960442727
1642943142.01 5.93693671756
1642943143.18 5.81359035497
1642943144.21 6.63900166475
1642943148.22 7.03932912613
1642943158.22 2.77756712814
