1642946102.94 2.17660557769
1642946103.26 3.76951808085
1642946103.5 5.27823520932
1642946103.73 6.59398094736
1642946104.5 7.72637520433
1642946105.4 21.9311494088
1642946109.2 25.4610975404
1642946113.0 24.9287616244
1642946116.8 24.0152323148
1642946119.38 24.0817343829
1642946122.68 23.4047673561
1642946125.04 23.4746319415
1642946128.91 23.3394796372
1642946132.74 23.8618087585
1642946136.22 24.1526261871
1642946139.94 24.6672572347
1642946144.22 23.8194064073
1642946152.43 18.9965465741
1642946160.12 16.1935773338
1642946165.35 15.1650010134
1642946167.16 16.3908000318
1642946168.71 18.4691402472
1642946170.2 26.8519232498
1642946171.54 46.1758967298
1642946173.22 77.2824376992
1642946175.34 73.1075351229
1642946177.54 63.5921152118
1642946179.66 57.0624878577
1642946181.65 50.173052309
1642946184.27 45.1652930216
1642946186.75 42.5876127354
1642946189.22 39.9997435969
1642946192.02 37.3880784853
1642946197.63 26.3204720203
1642946205.95 17.6727669898
1642946213.1 14.1031937771
1642946223.08 10.3998271506
1642946226.95 10.0144602029
1642946228.61 11.3833210145
1642946230.02 14.931474567
1642946231.37 20.161752396
1642946232.54 48.0482282807
1642946233.87 72.6387395449
1642946235.68 70.8129483993
1642946238.0 56.9908214332
1642946239.71 54.3576223578
1642946241.3 50.3339312845
1642946242.92 47.0971882317
1642946248.3 45.9608318673
1642946258.85 51.661146115
1642946267.37 41.4922645215
1642946279.23 31.7549813715
1642946288.96 23.3021805237
