
1642947290.37 2.1508976378
1642947290.81 3.30618219936
1642947291.25 3.88206333586
1642947291.7 4.22612073109
1642947294.18 4.45839769986
1642947295.16 6.05442631373
1642947297.47 6.11705655254
1642947300.03 6.29376049429
1642947301.01 6.57150447473
1642947302.55 7.23471166415
1642947303.14 7.8410241338
1642947304.31 7.96419926553
1642947305.29 8.21906889518
1642947306.14 8.77161994259
1642947310.86 8.89074003827
1642947315.0 9.2539897512
1642947319.03 9.78486812187
1642947322.56 10.7913232926
1642947325.43 11.6663736349
1642947328.56 12.2251249681
1642947331.54 12.8925165106
1642947334.62 13.5171644806
1642947337.43 13.9781309124
1642947340.07 13.9846958051
1642947343.01 14.3877517096
1642947347.3 12.7961571892
1642947350.11 12.8707639237
1642947352.98 12.6104085606
1642947355.2 12.7993465596
1642947362.98 12.0116931582
1642947370.56 12.5565811508
1642947376.09 12.5214754091
1642947383.19 12.0663096437
1642947389.09 11.479590869
1642947390.99 13.8370962466
1642947393.31 17.2030236391
1642947395.46 20.5976435372
1642947397.99 27.3645082286
1642947400.39 38.3602488799
1642947402.65 36.081244265
1642947404.96 36.2067524954
1642947406.94 36.2874115885
1642947408.84 37.8847561298
1642947414.55 26.8757620715
1642947416.04 28.2384527992
1642947417.62 29.7313355929
1642947419.16 30.8959239701
1642947420.66 31.6161486751
1642947422.15 55.9394067977
1642947423.53 58.2087065276
1642947425.14 57.6154965219
1642947426.73 57.5593295119
1642947427.94 60.9651329718
1642947429.47 60.4003822008
1642947430.52 63.3365681954
1642947432.59 55.2688431716
1642947434.08 58.3603177015
1642947435.49 55.4013277435
1642947437.03 50.8705138718
1642947438.41 43.0095154428
1642947438.54 49.7974857267
1642947438.66 53.583013864
1642947438.72 61.8447860881
1642947439.42 21.798068737
1642947439.53 23.8756517259
1642947439.62 27.3701622047
1642947439.72 28.1735530165
1642947442.53 25.7229032688
1642947444.73 121.330648702
1642947446.26 106.581703157
1642947448.33 82.2750281039
1642947450.68 63.3103371461
1642947452.9 62.7930699386
1642947455.32 58.5317815759
1642947457.52 52.4542517109
1642947459.56 50.9327334788
1642947461.68 51.6238625596
1642947463.74 51.9583892317
1642947465.75 52.8363361854
1642947467.7 54.146937953
1642947469.68 55.1975765735
1642947471.78 54.7994447176
1642947473.73 55.4933069587
1642947476.21 52.4603510988
1642947479.07 47.211763173
1642947482.04 42.7066110718
1642947484.69 39.7965672916
1642947487.57 36.7811830709
