1643135627.44 1.32603883495
1643135628.26 1.17940427642
1643135629.39 1.13768445132
1643135630.61 1.09116805373
1643135632.82 1.12539251761
1643135635.19 1.24333156825
1643135636.73 1.4433546037
1643135637.84 1.43644275535
1643135638.96 1.53599046765
1643135640.64 1.52236352593
1643135641.22 1.57976259172
1643135641.99 1.78592743819
1643135643.36 1.69479255572
1643135644.24 1.31178827641
1643135644.87 1.37251931558
1643135645.97 1.37141537143
1643135647.61 1.26550652823
1643135649.1 1.27803069332
1643135651.86 0.931657985758
1643135653.44 0.846629193456
1643135656.92 0.637801866355
1643135659.75 0.555550641786
1643135662.63 0.489149354255
1643135665.8 0.426444395402
1643135666.65 0.451719756984
1643135669.04 0.528969644918
1643135669.87 0.611695366998
1643135670.46 0.715324896604
1643135671.51 1.09328313124
1643135672.53 1.10206399356
1643135673.32 1.72230257408
1643135674.37 2.02284214565
1643135675.72 2.29927456037
1643135676.83 2.7681808172
1643135677.9 3.47979368985
1643135678.79 4.91009848743
1643135679.53 5.59450737598
1643135680.24 6.67602899501
1643135682.54 8.11597639423
1643135684.81 9.48441903876
1643135688.53 9.55829188229
1643135692.5 8.13074189821
1643135696.08 7.63089951207
1643135698.39 7.58499139728
1643135700.39 7.75497167098
1643135702.33 8.83192393336
1643135704.39 11.5465054715
1643135706.38 13.6030238028
1643135710.69 13.4250565607
1643135713.61 13.8267746144
1643135716.41 15.3066134619
1643135719.23 17.2526238859
1643135722.08 17.7321247131
1643135725.39 18.8660681385
1643135728.21 18.8914197104
1643135731.71 16.4755389889
1643135736.55 12.3978536856
1643135741.93 8.51552676031
1643135746.5 7.39481609287
1643135749.36 6.93676715601
1643135749.54 6.94816688657
1643135749.67 6.22868795584
1643135749.73 6.95950327554
1643135750.49 3.95317756981
1643135750.59 4.93124435613
1643135750.69 6.02844531836
1643135750.81 8.88419165871
1643135756.96 6.53264589636
1643135758.2 17.2257239894
1643135759.69 8.42742650156
1643135760.35 6.04506684234
1643135760.94 4.94630508822
1643135761.42 5.0218842642
1643135761.87 4.84839487047
1643135762.7 6.39167684002
1643135763.44 11.222601014
1643135766.95 11.5450292534
1643135770.71 11.2726540506
1643135774.67 11.0035434838
1643135778.72 10.4068615652
1643135782.8 10.3363148869
1643135787.05 8.8725549629
1643135793.59 4.79842925926
1643135797.78 4.66126464436
1643135800.13 5.00395502935
1643135802.6 5.35265744787
1643135804.66 6.01168478297
1643135805.26 10.347365429
1643135807.08 12.7671274842
1643135811.12 13.497543015
1643135815.0 14.2133154075
1643135819.27 15.0290400947
1643135824.1 15.3889173738
