1642913272.48 1.31645301205
1642913273.44 1.27024222778
1642913274.4 1.2886069216
1642913275.19 1.2164376288
1642913277.27 1.19851663717
1642913280.04 1.27551186606
1642913280.97 1.32226452206
1642913283.47 1.37453630477
1642913285.62 1.37077814142
1642913287.88 1.3738546498
1642913289.43 1.46614020827
1642913290.75 1.66063360053
1642913291.72 1.72050334035
1642913292.96 1.60431596121
1642913293.88 1.30036767791
1642913294.44 1.32948099358
1642913295.56 1.37760175718
1642913296.7 1.28209952131
1642913298.12 1.25673441569
1642913299.45 1.65154208962
1642913309.63 0.577027039265
1642913312.19 0.311424497096
1642913315.06 0.177960199219
1642913315.59 0.187212166114
1642913316.22 0.261767542914
1642913318.11 0.174587706853
1642913319.01 0.195149051512
1642913319.44 0.818999428749
1642913320.26 0.841042450604
1642913321.33 0.615415632778
1642913322.37 1.04714010338
1642913323.09 1.3168430047
1642913323.56 1.58971754209
1642913324.83 1.72643431291
1642913325.88 2.94772499577
1642913327.11 3.69492308313
1642913328.01 4.95724580174
1642913328.79 5.55014350695
1642913329.51 6.43947714837
1642913331.75 7.80219071091
1642913334.23 9.46928829875
1642913337.72 9.58130455499
1642913341.92 8.23842505519
1642913345.65 7.78345500628
1642913347.86 7.75171361709
1642913350.07 7.89611620551
1642913352.09 8.96674307479
1642913353.97 11.7379558969
1642913356.52 13.6362572285
1642913358.79 13.5815766953
1642913362.53 13.6253593647
1642913365.29 14.8375971712
1642913367.79 16.8933674281
1642913370.98 17.5898514433
1642913373.81 18.5842429904
1642913376.76 19.0550625791
1642913380.57 18.1705851721
1642913384.55 12.6888937709
1642913388.41 7.73758338027
1642913392.63 7.69540843181
1642913392.84 6.45964723164
1642913393.26 6.92408041427
1642913393.66 6.34665559464
1642913393.98 6.09531230085
1642913394.27 7.00314745013
1642913395.49 10.4626664563
1642913395.62 7.73920485097
1642913396.21 8.09810380132
1642913397.66 8.44604468312
1642913398.8 8.9239713866
1642913399.96 8.89127237302
1642913400.89 10.6799165753
1642913405.12 10.5883274412
1642913408.59 10.7816178476
1642913412.6 10.2686002654
1642913416.0 11.3584907106
1642913419.54 12.0797565924
1642913423.34 11.2398435659
1642913427.56 10.3333117368
1642913431.52 9.92517311583
1642913435.56 8.89856191643
1642913439.09 8.69852387717
1642913443.48 8.30739686781
1642913447.35 8.26923835201
1642913451.13 8.19707557654
1642913453.54 7.66236916513
1642913456.27 8.0048172068
1642913458.15 9.42556455668
1642913460.09 10.8384802704
1642913461.69 13.3542248962
1642913465.7 13.7903912448
1642913469.85 14.9648692971
