1643171879.22 2101.26153846
1643171879.58 4304.87109375
1643171879.9 5240.95754717
1643171880.12 8669.75609756
1643171880.71 8581.60566449
1643171884.03 5033.4501928
1643171885.32 13758.3209549
1643171887.05 10115.7447352
1643171888.2 14927.5619919
1643171888.97 19684.6518283
1643171889.71 17166.0337268
1643171890.25 19820.5483871
1643171890.69 20031.9711538
1643171891.12 21259.625
1643171894.88 26225.7612293
1643171897.75 30815.6399017
1643171900.61 32842.2116969
1643171903.33 34372.0826772
1643171906.07 34275.253258
1643171909.01 31601.6478313
1643171912.24 26646.7031815
1643171915.34 30892.4764818
1643171918.72 26488.8474923
1643171921.81 39062.806271
1643171925.51 23545.567928
1643171932.11 12101.0761314
1643171933.46 6260.58545136
1643171934.73 6437.31140351
1643171936.07 5713.87323944
1643171937.26 6239.82713755
1643171938.49 6351.76561086
1643171940.74 3213.44172932
1643171943.91 2273.51264368
1643171944.05 72900.8529412
1643171944.19 68353.0540541
1643171944.33 70854.4054054
1643171944.47 69950.6944444
1643171944.61 71756.3513514
1643171946.34 45248.1788079
1643171947.94 46435.9798224
1643171948.94 104887.70098
1643171950.17 64518.1910112
1643171951.52 64485.6645299
1643171952.96 63502.8658281
1643171954.32 57467.9690402
1643171955.98 34694.6591676
1643171957.81 28173.2867029
1643171959.48 41288.9311377
1643171970.92 44236.6641168
1643171981.96 33507.4111042
1643171993.11 35653.3230036
1643172005.48 17066.2319513
1643172015.79 19016.0417261
1643172026.73 10159.0527668
1643172036.28 9486.94679565
1643172047.29 9737.21292776
1643172049.77 11422.0524934
1643172051.73 25763.362776
1643172053.74 21747.4986667
1643172056.21 27038.3373134
1643172056.32 29657.1
1643172056.82 25122.8235294
1643172057.0 24717.5507246
1643172057.17 24388.21875
1643172057.34 24883.9354839
1643172058.19 18213.745509
1643172059.44 14598.4128611
1643172060.26 23648.4209726
1643172061.04 25774.5886179
1643172061.77 25724.5551664
1643172066.07 25145.0394816
1643172069.7 26219.5907496
1643172073.16 26628.3744124
1643172076.75 24129.8615039
