1642938768.2 2.185312
1642938768.49 2.07430684868
1642938768.68 2.92273306647
1642938768.9 3.82111237077
1642938769.39 4.63133586242
1642938769.92 23.3632239043
1642938772.44 34.2158020074
1642938774.39 32.3888013609
1642938777.48 27.5870372786
1642938780.78 24.7309027638
1642938783.69 23.8901938975
1642938786.8 22.0081263463
1642938789.56 19.7612736302
1642938792.38 22.2278315054
1642938795.05 26.9637936811
1642938797.22 28.4158656247
1642938799.31 31.3639453974
1642938801.18 34.5803950241
1642938803.1 39.167036849
1642938804.68 44.511922703
1642938806.43 48.2967369519
1642938808.01 52.7400870929
1642938809.73 54.1887973702
1642938811.44 53.9732259697
1642938813.54 44.1494301683
1642938816.24 33.3115197865
1642938818.79 29.3410181742
1642938821.29 26.874340492
1642938823.72 24.2362317652
1642938826.2 23.2054886703
1642938828.73 29.0820825227
1642938830.82 32.3011488473
1642938833.3 32.2962240666
1642938835.45 38.0141493296
1642938837.37 37.2110409066
1642938839.54 37.8018180424
1642938841.48 37.7247579002
1642938843.95 33.5655995883
1642938846.06 32.9817985166
1642938848.05 31.6999330145
1642938850.19 31.2361778002
1642938852.12 31.0023154132
1642938858.75 35.5929183189
1642938868.52 36.7967501301
1642938879.06 36.9033712996
1642938888.74 36.6770167117
1642938899.81 37.1398729902
1642938910.29 37.4899455159
1642938921.04 37.6276715652
1642938931.49 37.1768295171
1642938941.58 37.3097685485
1642938952.47 35.4809559723
1642938962.41 35.6391198707
