1642938072.67 2.16796825397
1642938072.95 2.0613195808
1642938073.13 2.91152576815
1642938073.31 3.82055745765
1642938073.8 4.62633889671
1642938074.33 24.0731739677
1642938076.69 34.8455522552
1642938078.98 31.2922843702
1642938081.7 27.0226855388
1642938084.67 25.0012873109
1642938087.47 27.5446483401
1642938090.09 26.6794042395
1642938092.52 25.1721739024
1642938094.91 29.4221856507
1642938097.52 34.5018915316
1642938100.11 36.6127613655
1642938103.07 35.672387805
1642938105.62 35.6222113016
1642938108.29 34.4140881194
1642938111.05 34.3849847218
1642938113.71 32.4585786561
1642938116.79 31.8191044819
1642938119.55 31.0257088116
1642938125.62 30.1161585087
1642938127.54 29.2881530911
1642938129.23 32.2219174918
1642938130.75 36.7209642808
1642938132.64 40.8448651111
1642938134.67 40.5720282187
1642938137.33 30.8674957813
1642938140.23 25.5508843308
1642938142.91 22.0761649006
1642938145.57 20.1934441462
1642938148.14 18.9355325506
1642938150.46 19.1477532732
1642938152.67 25.0964489662
1642938154.71 28.7179807909
1642938156.8 30.1105777971
1642938158.83 31.6882981608
1642938161.0 30.7934244872
1642938163.36 30.2137619144
1642938165.54 29.1637099606
1642938167.95 27.7637616736
1642938174.68 26.9961446562
1642938185.54 28.0747095164
1642938195.52 29.4969792868
1642938205.69 29.9721230577
1642938215.87 30.7016819191
1642938226.49 31.9842150583
1642938236.58 31.1126255912
1642938248.15 34.0957737627
1642938259.21 35.0061787111
1642938269.68 35.2780786392
