1642920150.62 2.185312
1642920150.98 3.61152309307
1642920151.25 4.94267135162
1642920151.61 5.54258183411
1642920152.91 6.21224026643
1642920153.99 12.5001839136
1642920155.07 13.9996675065
1642920156.24 13.8333078498
1642920164.04 14.5218446607
1642920167.73 15.4114348267
1642920172.62 14.2938714911
1642920175.65 14.3115696984
1642920181.51 12.1085746744
1642920186.1 17.260952046
1642920188.82 12.6236430943
1642920189.85 14.9872646237
1642920191.08 16.5407244625
1642920192.34 24.7869396165
1642920193.94 56.7507663359
1642920195.65 60.0317240379
1642920197.63 58.8353837641
1642920199.41 63.9582623319
1642920201.7 62.8319274213
1642920204.86 49.167801989
1642920208.03 41.2833467281
1642920214.24 27.5977982919
1642920219.76 21.3920133387
1642920225.22 17.9022549435
1642920231.18 15.5419186673
1642920240.01 17.4770101365
1642920242.94 14.0076633866
1642920245.16 15.794669984
1642920246.46 19.1965691067
1642920247.57 25.6102145997
1642920248.75 53.0861230205
1642920252.77 44.0265207717
1642920254.19 50.8213686374
1642920255.52 70.4931852269
1642920256.77 49.1156722469
1642920258.1 47.0325211172
1642920259.42 76.6752184452
1642920260.7 76.7592187846
1642920261.94 77.1201433389
1642920263.26 80.5145858016
1642920264.64 79.3757735174
1642920266.3 71.3965073002
1642920267.76 65.4749190011
1642920269.17 61.1887611357
1642920271.19 54.4064900258
1642920272.73 52.0212615674
1642920274.55 50.547983147
1642920282.78 48.8582628086
1642920293.18 44.9925064345
1642920304.03 42.7367969043
1642920314.46 40.86662994
1642920325.45 36.585634669
1642920335.59 35.6525383556
1642920344.74 32.5070174199
