1643135415.4 3.29113253012
1643135415.74 3.02594588592
1643135415.94 4.03086552747
1643135416.13 5.22751851434
1643135416.66 6.20390947295
1643135417.22 19.3126090862
1643135419.37 30.7732340182
1643135421.74 27.405354621
1643135424.02 25.6926703818
1643135425.59 25.741648084
1643135428.1 29.8059369633
1643135430.56 28.4055156642
1643135432.86 34.6217347904
1643135435.39 38.969717403
1643135438.02 35.1085738947
1643135440.71 33.4734282854
1643135443.84 32.4368016811
1643135446.51 31.5914935886
1643135449.11 31.6015658151
1643135451.41 32.1997606716
1643135453.5 33.2253483631
1643135455.56 34.9241043178
1643135461.65 10.4861648219
1643135463.24 11.2894160704
1643135465.24 11.5293410842
1643135467.13 11.8995798336
1643135468.98 11.9069805531
1643135471.14 36.0421528614
1643135473.23 35.378904108
1643135475.52 34.243782185
1643135478.18 32.6153988225
1643135480.67 29.5868437121
1643135483.11 28.4867901342
1643135485.29 27.8113312535
1643135487.64 27.0748778839
1643135490.16 27.8355363184
1643135492.39 33.7442633697
1643135494.63 34.4069803925
1643135497.06 33.1135249745
1643135498.97 32.4029972605
1643135501.08 33.2592645913
1643135502.93 34.569611031
1643135504.76 35.2626499256
1643135508.83 36.4443027532
1643135520.65 36.5410069087
1643135531.59 31.4529781336
1643135543.14 30.8691788989
1643135554.64 30.5844660784
1643135565.7 31.0771385653
1643135577.22 30.5498827407
1643135587.45 35.6294710522
1643135598.54 35.6797029944
1643135609.02 34.8109893796
