1642915642.74 2.1175503876
1642915643.36 1.88229600098
1642915643.74 2.18291726084
1642915644.12 2.54964117974
1642915647.26 2.54802223658
1642915647.81 3.82667453555
1642915648.39 4.86279259461
1642915650.05 5.08450342668
1642915651.51 5.38734344981
1642915651.84 8.15624119502
1642915652.09 9.38311968657
1642915655.4 9.87918660044
1642915657.54 11.6407950554
1642915659.36 14.3147034212
1642915661.03 16.9128735529
1642915662.74 18.8435242797
1642915666.14 21.486281188
1642915669.05 22.8227591448
1642915672.11 24.5799914469
1642915675.39 26.4348934658
1642915678.26 26.5828710321
1642915681.88 25.9118201337
1642915685.27 35.0153758206
1642915688.94 23.0553283447
1642915695.68 10.0186128053
1642915708.33 3.8982740144
1642915709.43 4.0872345433
1642915710.12 4.39993766389
1642915710.77 4.88792003
1642915711.53 6.44368914252
1642915712.64 36.6301344353
1642915714.28 39.7869598479
1642915716.16 35.269548655
1642915718.2 30.5880605391
1642915720.66 19.8700377666
1642915723.4 25.1527069477
1642915725.74 22.2055576604
1642915728.23 20.5903554831
1642915730.55 19.7647943497
1642915732.66 21.5217733168
1642915734.79 27.3710930625
1642915736.51 30.1192300669
1642915738.39 31.9806485665
1642915740.16 34.2841464034
1642915741.9 35.8888178255
1642915743.66 37.4355541296
1642915745.56 38.1670349666
1642915747.18 39.0997878934
1642915749.06 41.0362217291
1642915750.71 29.2630495422
1642915754.67 12.7846016231
1642915764.92 10.5456921291
1642915775.81 6.73857104761
1642915785.89 8.38498396167
1642915797.6 7.50151400476
1642915807.51 10.8687660092
1642915812.59 17.4689941268
1642915818.51 17.4876294366
1642915822.66 17.3409038309
1642915828.01 17.9234317296
1642915828.15 19.1879932032
1642915828.27 19.3887914305
1642915828.34 15.3755744445
1642915829.13 3.00162746896
1642915829.23 3.5301124719
1642915829.32 4.15960389072
1642915829.42 4.87959291663
1642915829.65 4.91653193066
1642915830.63 45.8303283179
1642915835.01 16.5445250565
1642915835.22 16.5967145501
1642915838.31 11.994972868
1642915839.08 8.97208345961
1642915839.74 9.09234351798
1642915840.3 14.3044762267
