1642948197.85 1.32603883495
1642948199.27 1.37483436606
1642948202.82 0.830444430666
1642948203.42 0.927599385086
1642948205.81 0.924369719904
1642948206.49 1.02292708693
1642948206.98 1.15391618205
1642948207.47 2.16015987179
1642948211.43 2.18782135317
1642948214.68 2.64657670726
1642948218.27 1.88470095037
1642948219.67 1.55963192846
1642948220.17 1.55970081799
1642948220.59 1.86875992697
1642948221.75 2.11778154037
1642948222.02 3.57327814393
1642948222.48 6.79815157294
1642948222.93 7.93993257437
1642948223.38 9.56444367869
1642948225.46 28.0860862012
1642948263.35 7.7763642601
1642948264.39 4.65104246342
1642948267.14 3.59339113617
1642948269.89 2.90777590597
1642948278.57 1.74285172508
1642948280.58 1.76565007148
1642948284.23 1.31466047438
1642948289.22 0.927059188048
1642948291.61 0.792538400245
1642948293.43 0.859674503547
1642948295.83 0.754233192391
1642948297.74 0.728828780017
1642948298.68 0.889735030824
1642948299.64 0.99185136119
1642948302.94 0.89182909744
1642948305.39 0.895783901931
1642948307.8 0.964926397398
1642948309.29 0.964722132937
1642948310.75 0.96449835046
1642948313.16 0.963276254026
1642948315.63 0.964936915744
1642948316.88 1.10892791148
1642948317.71 1.20384093799
1642948318.42 1.37807782616
1642948319.18 1.93936944213
1642948320.04 3.18692987016
1642948321.94 4.18115231441
1642948323.41 4.87365711185
1642948324.11 4.85825752247
1642948324.75 5.08072276492
1642948325.39 5.40252647809
1642948325.78 5.70159248823
1642948326.42 5.70131800579
1642948328.0 5.71872726482
1642948329.41 5.86380254645
1642948330.05 5.93483363397
1642948337.08 6.02209743076
1642948344.08 6.01944453116
1642948353.03 5.50787567331
1642948374.65 3.56782357763
1642948375.24 2.73323165398
1642948375.38 3.58534712603
1642948376.21 3.41869091294
1642948376.32 3.87955508887
1642948376.43 4.81081828304
1642948376.82 9.38966187069
1642948387.22 9.79355851127
1642948388.96 13.3329466402
1642948391.38 9.72316567501
1642948392.67 6.79456527095
1642948392.81 8.35835100972
1642948395.68 7.38409443965
