1643172339.01 2142.4627451
1643172339.28 7250.30921053
1643172339.54 7261.98039216
1643172339.78 7205.27027027
1643172340.36 8581.60566449
1643172342.89 6728.56400344
1643172345.12 7502.7295082
1643172347.04 9052.75385494
1643172349.04 7944.14332071
1643172350.52 9281.59370315
1643172351.6 10875.4893162
1643172352.62 8894.96770601
1643172353.32 11042.3586572
1643172354.0 11438.8070796
1643172354.73 11436.0330033
1643172355.58 10009.4644351
1643172356.33 11160.1907051
1643172357.14 10765.1544118
1643172357.99 10320.2253129
1643172358.76 11416.9709035
1643172359.82 8569.31646932
1643172360.44 12871.0503018
1643172361.17 12029.5721393
1643172361.93 11219.0047847
1643172362.77 10004.9256662
1643172363.44 12896.3388278
1643172364.13 12847.7122302
1643172364.82 12852.0753065
1643172365.5 12842.9143389
1643172366.14 12862.1724138
1643172366.81 12878.3504587
1643172367.42 14276.0
1643172368.01 14824.0813704
1643172368.58 15777.2118451
1643172369.13 16758.5402844
1643172369.69 17120.1252847
1643172370.31 14337.4805726
1643172370.94 14643.9619238
1643172371.54 15726.1820128
1643172372.15 14778.667364
1643172372.8 14289.1292776
1643172373.44 14327.5551181
1643172374.09 14305.4684512
1643172375.27 14285.3375681
1643172377.04 11414.1135647
1643172379.75 12878.5711806
1643172381.36 15726.3153527
1643172383.42 17152.370892
1643172385.65 13006.3572621
1643172387.74 15600.7363834
1643172389.96 12888.9608177
1643172392.65 14298.1187943
1643172395.22 16536.0271493
1643172397.54 11844.9597015
1643172399.65 16176.7113402
1643172401.77 15743.1577869
1643172403.87 4415.83155758
1643172405.9 9125.12402235
1643172408.05 15743.8455598
1643172410.4 12848.0042553
1643172410.53 7414.275
1643172411.07 2885.72972973
1643172411.1 551023.5
1643172411.75 2858.69230769
1643172411.78 533190.0
1643172412.24 11450.4563953
1643172413.55 13985.8008929
1643172414.79 14488.5111732
1643172415.98 15725.5674603
1643172417.13 14942.7477111
1643172418.25 12844.0311203
1643172419.36 10581.5571726
1643172420.23 10882.3991826
1643172420.84 12860.0308642
1643172421.46 12900.0518962
1643172422.22 11053.0079745
1643172422.99 11109.5758514
1643172423.61 14270.4077869
1643172424.42 10593.7843705
1643172425.48 7987.34337998
1643172426.28 10979.7967599
1643172427.01 13312.5334448
1643172427.59 14310.7651007
1643172428.2 15368.2881356
1643172428.78 15736.7248322
1643172429.49 12830.057554
1643172431.34 5724.71626016
1643172431.97 14229.7370518
1643172432.27 42915.4093567
1643172432.56 41297.2754491
1643172432.83 46625.375
1643172433.01 116978.35
1643172435.01 53145.0008026
1643172437.54 34212.1325993
1643172438.59 90501.2344633
1643172439.99 63025.1618217
1643172441.45 61379.7828518
1643172442.88 61702.3130699
1643172444.96 38754.4890077
1643172446.36 65071.1904762
1643172448.37 36460.1894804
1643172449.77 65168.8050761
1643172450.96 67316.7526377
1643172452.28 68981.2365714
1643172453.59 66354.5826944
1643172459.03 10961.9019685
1643172459.29 56197.4015152
1643172459.55 56148.7703704
1643172459.81 55355.3787879
1643172460.07 59929.2923077
1643172461.32 61202.8888889
1643172464.32 52433.1954426
1643172466.58 63771.8678223
1643172468.75 64631.4921212
1643172470.85 72010.0416461
1643172473.39 79789.3850746
1643172475.51 72309.3145161
1643172477.81 72016.7828638
1643172479.49 58543.8664344
1643172481.99 60796.7834037
1643172484.31 59996.803005
1643172484.42 78962.25
1643172484.83 85375.75
1643172484.96 87853.9
1643172484.99 520282.0
1643172485.11 118677.230769
1643172485.5 59062.0485437
1643172487.69 67763.9244275
1643172489.59 67267.2134921
1643172491.57 65595.4770642
1643172493.56 64852.9231349
1643172495.38 65590.5982704
1643172497.35 58008.7628793
1643172499.52 50094.3139608
1643172501.51 53219.0850461
1643172503.41 54450.7058011
1643172505.48 49304.4311111
1643172507.57 45727.03769
1643172509.63 49806.9269207
1643172512.1 42472.7464865
1643172514.49 44728.8168934
1643172517.0 39139.9413504
1643172519.57 35971.0985847
1643172522.17 37926.6788732
1643172524.64 38511.3154762
1643172527.12 40383.2901135
1643172529.65 35756.4347621
1643172531.82 41311.0356944
1643172533.93 45867.691067
1643172535.85 51014.5426195
1643172537.43 57631.1625207
