1642944735.93 3.21369411765
1642944736.22 5.46740062524
1642944736.42 7.99116258087
1642944736.6 10.4386107797
1642944738.97 12.4456626641
1642944740.32 47.1717864674
1642944742.35 77.5017136273
1642944744.74 66.1849900803
1642944747.27 56.9172412623
1642944750.01 53.2955868798
1642944752.57 49.1132035269
1642944755.26 43.3523394021
1642944765.5 22.5114136683
1642944777.24 14.6317352884
1642944802.49 7.88146565791
1642944810.11 6.33791124111
1642944815.65 5.60113583119
1642944819.96 5.80184367953
1642944823.6 6.17521792859
1642944825.65 9.25159605143
1642944826.52 13.2450175129
1642944830.58 14.3398776639
1642944831.95 19.0627371867
1642944833.75 26.5894885639
1642944835.88 31.239113765
1642944838.32 29.3277816641
1642944840.98 51.2972119651
1642944843.55 43.6562549437
1642944846.04 39.1027404867
1642944848.63 36.8297809017
1642944851.22 36.5898675933
1642944853.68 36.4531614523
1642944856.26 36.8199002392
1642944858.54 36.5268818617
1642944861.05 35.7330689795
1642944863.7 35.019171435
1642944866.11 35.0759221941
1642944868.32 35.0630987926
1642944870.21 36.4355206873
1642944872.02 38.8725748789
1642944873.87 41.9098047026
1642944875.42 46.284197383
1642944876.98 51.1130661916
1642944878.67 52.4550141383
1642944880.42 52.9014687111
1642944882.71 48.2987086118
1642944884.8 43.8505049291
1642944886.76 39.8263694783
1642944889.57 35.3404671786
1642944891.73 32.9454768912
1642944896.6 32.4500042725
1642944901.99 32.0001692248
1642944913.05 31.4079420712
1642944922.17 33.7411004588
1642944932.64 34.7497563419
