1643172856.39 2985.3989071
1643172856.67 6845.01242236
1643172856.93 7214.82467532
1643172857.23 8077.5078534
1643172858.49 11413.4915572
1643172859.94 12199.4524922
1643172861.23 14094.8016304
1643172862.44 15212.4491363
1643172863.74 12851.0244969
1643172864.94 11871.1850431
1643172867.27 4641.79571363
1643172867.95 14289.2325581
1643172868.59 12183.1871345
1643172869.26 11729.4482759
1643172869.87 14259.744856
1643172870.5 14267.9642147
1643172871.11 14299.7104723
1643172871.71 15708.8090129
1643172872.34 14693.5485149
1643172873.12 11434.4815951
1643172873.88 18005.2552504
1643172874.86 10389.4162413
1643172875.56 12681.5244755
1643172876.1 17115.1240876
1643172876.86 11413.6192
1643172877.74 9426.23962517
1643172878.46 12107.3355932
1643172879.01 17146.1098131
1643172879.71 12141.9806338
1643172883.79 2383.88932285
1643172884.24 73248.6666667
1643172884.38 72724.0909091
1643172884.52 69963.3714286
1643172884.66 72900.8529412
1643172884.8 68353.0540541
1643172886.32 74926.629124
1643172888.28 39189.3069498
1643172890.03 53682.1440329
1643172891.47 59643.3317168
1643172892.95 53026.8930876
1643172894.53 53896.9546599
1643172896.44 37677.9461942
1643172898.34 42656.2416961
1643172901.67 20349.9274437
1643172906.55 12441.1219839
1643172911.46 13668.7578108
1643172912.18 12869.4125637
1643172912.82 14299.2367906
1643172913.44 15644.1927711
1643172913.98 17172.0335731
1643172914.52 18230.8915663
1643172915.09 18580.9654378
1643172915.72 14303.1780822
1643172916.37 15203.3007663
1643172916.96 17167.8446389
1643172919.02 3980.65336788
1643172921.12 18637.267666
1643172922.73 17121.5639413
1643172925.03 17246.8833837
1643172927.33 53915.7321429
1643172927.43 74142.75
1643172927.9 61012.5714286
1643172928.05 55016.483871
1643172928.18 60032.5384615
1643172928.2 514268.0
1643172928.89 24333.564
1643172934.57 2844.3974941
1643172936.52 3363.87492183
1643172939.49 1711.35117174
1643172942.52 1917.48764585
1643172944.7 2120.86317322
1643172947.17 1428.9661304
1643172949.12 1020.22236093
1643172949.48 8607.59923664
1643172949.87 8605.11870504
1643172950.28 8168.50491803
1643172952.02 1614.04726826
1643172952.5 7157.57258065
1643172952.98 7143.30874317
1643172953.47 7123.47311828
1643172953.96 7144.24074074
1643172954.51 6130.36363636
1643172955.64 6339.85332012
1643172956.94 6258.69887834
1643172958.07 6937.19526627
1643172959.7 4768.39037433
1643172960.89 6624.08372531
1643172962.22 5952.77333333
1643172963.55 6095.12873754
1643172964.75 6427.4417521
1643172965.88 6667.38232373
1643172967.2 8334.33536896
1643172968.52 5712.78529657
1643172969.33 10135.9385066
1643172969.67 31482.7090909
1643172970.02 31431.5733333
1643172970.28 59179.015748
1643172970.5 71541.1020408
1643172970.72 79427.576087
1643172972.21 88990.2677279
1643172973.45 65603.3968073
1643172974.83 95910.1197439
1643172975.99 102276.928753
1643172978.24 32626.2605405
1643172979.31 83676.4281768
1643172980.56 59621.4796574
1643172981.92 62184.5806452
1643172983.21 60891.6228632
1643172984.8 46006.6822352
1643172986.56 46911.7426254
1643172987.99 48520.6684734
1643172989.56 50486.3088608
1643172991.11 49630.2141653
1643172992.49 51319.5197305
1643172994.08 52122.1259383
1643172995.45 51402.7769231
1643172996.9 52795.0245339
1643172998.75 41968.7407661
1643173000.18 45247.997307
1643173001.35 49800.1301843
1643173002.33 51635.1795977
1643173002.43 78962.25
1643173002.82 93137.1818182
1643173002.95 117138.533333
1643173002.98 390211.5
1643173003.0 308560.8
1643173003.4 58494.1442308
1643173005.92 52433.987596
1643173008.1 49710.6680352
1643173010.22 53457.2485981
1643173012.58 46368.4423491
1643173015.2 39710.2527368
1643173017.54 43956.3727273
1643173020.06 38739.2765022
1643173023.28 28071.8239252
1643173027.56 20814.3141499
1643173032.11 18912.4400877
1643173038.05 14033.7643657
1643173044.8 12631.2197054
1643173046.24 5558.3181473
1643173047.02 11415.7569231
1643173047.68 13935.1065421
1643173048.37 14292.4506284
1643173048.42 533076.0
1643173049.31 14279.1968504
1643173049.88 15736.7248322
1643173050.43 16474.6235566
1643173050.98 17132.3625304
1643173051.52 17171.4615385
1643173052.07 17146.1098131
1643173053.35 5909.72150814
1643173053.4 419628.375
1643173054.39 8123.49652778
1643173054.45 427387.75
1643173054.51 407226.235294
1643173054.56 407423.294118
1643173054.61 392894.666667
1643173055.17 17120.1252847
