1642943396.8 1.31963285024
1642943397.57 1.55205167789
1642943398.13 1.83169671941
1642943398.98 1.75858238746
1642943400.94 1.83799024968
1642943403.34 2.03977178721
1642943406.36 2.04679621442
1642943409.18 1.89985764892
1642943412.27 1.98924552233
1642943413.45 2.06815171934
1642943414.03 2.19543291544
1642943415.87 2.09124007064
1642943417.0 2.19787926396
1642943417.53 2.37542680671
1642943421.38 2.19208265635
1642943424.72 1.65992632461
1642943428.85 1.30646490448
1642943431.86 1.11422361098
1642943433.37 1.03332944409
1642943437.55 0.839718927021
1642943438.14 0.957066236453
1642943438.95 1.13230094714
1642943441.52 1.15744681581
1642943442.26 1.29752451938
1642943443.32 1.95155718326
1642943443.85 1.95115107043
1642943444.9 2.20267061838
1642943446.16 3.50498143623
1642943447.49 3.68180704232
1642943448.49 4.43708307116
1642943449.0 5.45321550888
1642943449.48 7.25394147506
1642943450.38 7.73803345888
1642943453.19 9.07958664443
1642943455.17 10.3489475999
1642943458.42 11.7287098458
1642943461.93 12.3200520966
1642943466.62 11.6163609542
1642943469.03 11.8724395075
1642943471.07 11.7558870548
1642943473.09 12.846795718
1642943474.91 15.0156112536
1642943476.91 19.4550996438
1642943481.19 19.7549270983
1642943484.53 20.0784349939
1642943487.53 20.6155984251
1642943490.18 21.1939357206
1642943493.06 21.6542170505
1642943496.48 22.6686987127
1642943499.36 23.2842996952
1642943503.13 22.0861570555
1642943507.73 19.4185365549
1642943513.2 16.1985468601
1642943519.67 14.1176659795
1642943523.74 13.2764853365
1642943528.41 12.4683542431
1642943533.4 12.3930625545
1642943537.51 13.0717641343
1642943541.15 13.6242781455
1642943544.48 13.1590396206
1642943544.67 12.4609443868
1642943544.8 12.6229210609
1642943545.58 9.48248940044
1642943545.92 9.23953621427
1642943546.23 9.05094244214
1642943546.56 8.76486981521
1642943547.99 8.74911557023
1642943549.63 10.9432251489
1642943551.31 10.8377731615
1642943551.43 13.2886463855
1642943553.05 13.4780848835
1642943558.9 13.2778138693
1642943565.17 12.9808696614
1642943570.32 12.9108592046
1642943573.19 11.3558450156
1642943576.0 12.5641173063
1642943578.54 14.458046505
1642943580.67 17.1433699769
1642943582.91 20.6234773933
1642943587.29 21.6205080355
1642943592.04 21.6269827684
