1643139428.23 2.185312
1643139428.52 3.904444764
1643139428.71 5.74881262211
1643139428.93 7.46120221574
1643139429.43 8.99684652604
1643139429.67 47.1320345505
1643139432.15 72.0888144929
1643139433.84 68.7229647429
1643139436.07 64.7439465931
1643139437.94 67.7941733684
1643139439.66 62.3651985192
1643139441.72 61.2123042916
1643139443.89 55.5003896964
1643139445.69 56.9421745856
1643139447.67 56.7473954112
1643139449.4 55.7038289186
1643139451.66 54.0249832992
1643139454.03 53.6895897808
1643139456.27 51.0161370585
1643139458.39 49.1531272765
1643139460.61 45.9578629295
1643139462.95 46.3968830754
1643139465.49 44.8033782591
1643139468.02 43.3254266812
1643139470.58 40.7191497411
1643139473.05 39.412429362
1643139475.7 37.0319200036
1643139478.45 36.0280615488
1643139480.69 35.9168093554
1643139482.93 37.2996838451
1643139485.04 39.0665699513
1643139486.73 42.8013876884
1643139488.61 46.7583894255
1643139490.31 49.659014593
1643139492.48 48.45035401
1643139494.86 45.2158595276
1643139497.13 40.6217631668
1643139499.5 37.5833397251
1643139501.65 35.370115713
1643139503.69 34.5580750609
1643139506.09 34.1335057327
1643139509.97 35.3972123193
1643139520.87 37.2346768482
1643139530.42 37.8858633554
1643139541.28 38.9610499809
1643139551.53 37.1953771212
1643139562.04 37.4158477114
1643139572.95 36.6508388879
1643139584.26 36.096744398
1643139594.65 35.6106134702
1643139605.26 33.9161839417
1643139617.31 33.7683897206
1643146350.26 2.22084552846
1643146350.55 3.95660206568
1643146350.75 5.81693988313
1643146350.95 7.57503567211
1643146351.49 9.1141407205
1643146351.74 46.1944267863
1643146354.12 73.8441363338
1643146356.23 66.4700858784
1643146358.35 62.2113620491
1643146360.3 65.671735946
1643146362.64 57.003462965
1643146364.96 53.5606592043
1643146367.14 51.5587803761
1643146369.57 49.5373322233
1643146371.8 47.3721824448
1643146374.29 45.6750932646
1643146377.21 43.2473140931
1643146379.66 42.4688378486
1643146382.08 42.7644869908
1643146384.33 42.9580587456
1643146386.64 44.3351419679
1643146388.76 47.46969525
1643146391.16 48.6780780015
1643146393.62 46.5641327516
1643146395.99 45.2135896818
1643146398.3 44.7166896703
1643146400.91 41.6245947283
1643146403.88 38.1510860022
1643146406.59 36.9992265266
1643146409.88 47.182360037
1643146413.42 29.999144591
1643146416.49 28.1645647048
1643146419.69 27.787287017
1643146422.06 27.8420383007
1643146424.11 30.0644487838
1643146426.04 34.1800348973
1643146427.63 39.6755354169
1643146429.54 44.379103101
1643146431.27 48.5647709456
1643146433.07 48.9795431923
1643146435.06 48.8931083704
1643146437.11 44.6618419324
1643146441.73 42.4648771896
1643146452.93 39.555989825
1643146463.57 38.0120047564
1643146473.35 36.5358520833
1643146483.33 37.292348832
1643146493.39 37.3599731516
1643146504.56 38.2573414269
1643146514.03 38.5544023803
1643146523.76 27.6676924756
1643146535.51 25.0733127843
1643146546.05 24.8474341489
