1642914407.99 3.03515555556
1642914408.5 2.69889587938
1642914409.05 2.7598470908
1642914409.59 2.79836563045
1642914415.11 2.01288719482
1642914416.07 2.21575377376
1642914416.78 2.36480838633
1642914417.38 2.74546257959
1642914418.24 3.09053119881
1642914419.78 4.97489949333
1642914420.31 6.00918897402
1642914421.34 5.93285897029
1642914422.0 7.05580781217
1642914422.29 7.96831214171
1642914425.73 9.13673149416
1642914429.17 9.70947915934
1642914432.49 10.3964112385
1642914436.43 9.99681417497
1642914438.93 10.9177149241
1642914442.4 10.5871954875
1642914447.07 7.45151591063
1642914450.29 7.39543945462
1642914451.25 7.13653248
1642914452.59 5.12356152263
1642914453.76 4.68463585709
1642914454.71 4.84844885969
1642914455.76 4.53869273148
1642914456.93 3.0867581587
1642914457.84 4.81453084134
1642914458.51 4.82875248845
1642914459.07 7.03080979998
1642914461.16 8.10041808206
1642914464.04 9.50429293494
1642914465.91 10.7011381645
1642914471.1 10.6490863627
1642914473.93 11.4443928743
1642914477.21 11.9963352324
1642914481.0 13.1515250892
1642914484.25 15.0694996804
1642914485.32 15.1257323808
1642914486.33 17.7313902077
1642914487.25 22.7979554006
1642914488.18 35.1975912162
1642914489.12 66.2080466158
1642914490.21 45.8964445415
1642914491.4 43.3049187263
1642914492.54 58.0773882434
1642914493.75 56.7288834148
1642914495.8 31.6239896529
1642914497.34 39.5714874295
1642914499.12 25.3264554772
1642914500.78 23.0574343918
1642914502.41 22.0795101824
1642914504.16 35.2283088625
1642914505.63 38.7671114611
1642914507.18 43.9586351736
1642914508.93 46.2681531227
1642914511.0 26.5832534701
1642914514.48 9.24446209721
1642914516.26 8.21085663522
1642914516.41 7.43094822723
1642914516.56 8.8166951609
1642914516.62 9.75968847513
1642914517.41 2.20850515098
1642914517.51 2.79965683177
1642914517.61 3.25790610932
1642914517.71 3.32452725376
1642914517.93 3.34985808776
1642914519.24 33.5296035435
1642914522.65 20.0562508653
1642914526.26 15.2273770516
1642914531.0 11.033376903
1642914531.19 10.9718537322
1642914531.83 12.5634038704
1642914534.32 13.9043821969
1642914537.03 12.9724872721
1642914541.78 8.97928763131
1642914542.66 8.72666876926
1642914543.71 9.7415468009
1642914544.56 11.3672157569
1642914545.24 14.8944077697
1642914546.78 68.4260743088
1642914548.79 30.1862823148
1642914550.8 41.6299027291
1642914552.77 38.4919115865
1642914555.21 35.8315465257
1642914557.28 32.5062127038
1642914559.32 34.2716117554
1642914561.32 23.9754880189
1642914563.7 31.2372886307
1642914568.85 11.3159223969
1642914573.69 8.80654139666
1642914575.23 9.22504237242
1642914577.87 8.69602026592
1642914583.14 7.04154954954
1642914587.81 10.2539451216
1642914592.43 11.8441630602
1642914595.5 10.5529801699
1642914600.39 9.28522705181
1642914604.63 12.425584768
