1642914867.27 3.1949005848
1642914867.67 2.92287280181
1642914867.93 3.85871492641
1642914868.2 4.57058443196
1642914869.13 5.15796305057
1642914870.29 9.57571727844
1642914871.69 9.82610984243
1642914873.43 1.67590899719
1642914874.29 1.50667687572
1642914874.64 1.49722210145
1642914874.94 1.49765853191
1642914875.31 1.50840652537
1642914875.96 8.71513529617
1642914879.76 10.0411435372
1642914882.88 7.04695137801
1642914886.52 9.83460581088
1642914889.08 10.3866170313
1642914892.24 11.9286597164
1642914897.77 10.0626605236
1642914901.48 9.31315308265
1642914902.81 9.11652257044
1642914903.88 9.73721262857
1642914904.89 11.7485044338
1642914905.89 12.0884975505
1642914907.65 42.4703256345
1642914909.55 34.5672769776
1642914911.64 34.4871792891
1642914913.55 35.9247015406
1642914915.2 38.9677422979
1642914918.08 28.1490742616
1642914921.25 22.4846301131
1642914925.67 9.07289526839
1642914932.19 8.76412619082
1642914936.7 7.31377818959
1642914942.53 6.18820610495
1642914947.86 5.59038624423
1642914955.54 4.7841698053
1642914957.17 8.15492659609
1642914957.99 8.69798228074
1642914959.19 10.3627877182
1642914961.24 12.5429945348
1642914962.79 22.8492651073
1642914972.51 3.27482912416
1642914974.29 2.98510713944
1642914975.28 3.09105949719
1642914976.37 3.16193167706
1642914977.49 3.1544625552
1642914978.45 26.9684422421
1642914980.67 29.6507964107
1642914982.05 30.8658609026
1642914983.77 30.2707250463
1642914985.7 28.9041966821
1642914987.57 33.8513399717
1642914989.92 33.2919189628
1642914991.94 30.046479351
1642914994.07 28.2913766129
1642914996.3 27.6350333569
1642914998.18 27.864121595
1642915004.71 29.0942549687
1642915014.53 23.1539988655
1642915015.08 0.433279303776
1642915015.2 1.9533830632
1642915015.27 2.37575490779
1642915015.95 1.11256994098
1642915016.14 1.20738738819
1642915016.32 3.50469116088
1642915016.5 3.7781782708
1642915016.79 3.3672603022
1642915017.1 38.9380354989
1642915020.26 31.5822748819
1642915022.64 28.2758112097
1642915025.03 25.0533608005
1642915026.75 25.1766627867
1642915028.81 24.8623599325
1642915031.64 33.1169875092
1642915034.0 31.9165880093
1642915036.29 33.1300204907
1642915038.43 34.1265530544
1642915040.56 35.5422323342
1642915042.67 39.5882772149
1642915044.5 42.3467588371
1642915046.21 46.0229390143
1642915053.08 7.79786051827
1642915057.6 6.27436540959
1642915058.53 6.42029842928
1642915059.59 6.44549762531
1642915060.56 6.42618137624
1642915062.11 21.2782833645
1642915063.78 35.4439592566
1642915065.55 36.144847749
