1643136074.44 2.20293548387
1643136074.73 2.09123846258
1643136074.93 2.94690385765
1643136075.13 3.85674278234
1643136075.67 4.62550347289
1643136076.25 21.9540902657
1643136077.76 34.2523731471
1643136079.64 32.198989976
1643136081.72 31.2015042212
1643136083.92 32.6297094786
1643136086.16 42.6110983375
1643136088.67 35.6343225404
1643136091.04 32.3942150629
1643136093.44 30.8253456865
1643136095.71 30.0285457304
1643136098.33 27.8519717735
1643136101.1 32.3239821156
1643136103.73 31.5279458595
1643136106.4 30.5828527892
1643136109.11 29.6337429053
1643136111.66 31.6877426189
1643136114.16 34.2782469979
1643136116.67 34.3952477314
1643136118.95 35.3425974314
1643136121.67 35.1412898352
1643136124.05 34.9758796041
1643136126.47 35.8323156785
1643136128.9 36.2152465196
1643136131.03 36.1112099172
1643136133.11 36.1593244563
1643136135.04 36.3087069903
1643136137.12 36.6112776138
1643136139.16 37.8458065022
1643136140.85 39.4727457379
1643136142.66 39.988537699
1643136144.49 41.9672640363
1643136146.38 42.3413352691
1643136148.32 41.9594210824
1643136150.11 41.8600785347
1643136151.78 41.8199238433
1643136153.8 40.7043473643
1643136155.8 36.5939799156
1643136166.28 35.7999812358
1643136177.73 35.3951956606
1643136189.72 33.812961889
1643136199.5 33.2029426819
1643136210.7 33.2079232128
1643136222.19 32.9259015218
1643136233.57 31.7917538842
1643136244.66 31.2130107802
1643136254.23 31.1663883045
1643136265.34 34.3216025772
