1642942051.71 3.08659887006
1642942052.23 2.74816352185
1642942052.63 3.17878480739
1642942053.02 3.44450690078
1642942055.36 3.51408526794
1642942056.15 4.20252050361
1642942057.29 4.47129593045
1642942059.62 4.86290323
1642942062.07 5.27818676625
1642942062.89 5.46576112944
1642942063.55 5.7269900863
1642942064.56 5.74913226864
1642942065.02 5.86326303589
1642942065.98 6.18729395539
1642942067.06 6.31352663692
1642942067.77 6.34935233619
1642942068.69 7.271796301
1642942073.27 7.28965104273
1642942077.17 7.53701209217
1642942080.79 8.07009212513
1642942084.08 8.8000836723
1642942087.08 9.36358999682
1642942089.9 9.74520056786
1642942092.6 10.4071326713
1642942096.0 10.7704867389
1642942098.71 11.1396913861
1642942101.23 11.4292442406
1642942104.16 12.2500274228
1642942106.57 12.9180065163
1642942109.19 13.2519113928
1642942115.25 13.1900332028
1642942120.58 12.99371498
1642942127.74 10.2840325153
1642942134.55 9.53591355169
1642942140.33 9.29134541808
1642942147.06 8.84638980105
1642942151.95 8.86575699758
1642942153.64 7.84544882064
1642942155.23 10.0336856916
1642942156.71 12.9296814428
1642942158.55 19.7403609304
1642942160.24 30.2389411017
1642942162.29 28.7839046385
1642942164.2 28.3642329361
1642942165.96 28.4203466078
1642942167.86 31.7909450209
1642942169.56 31.6308365427
1642942171.2 38.2980078888
1642942177.14 7.71252682405
1642942179.41 7.30480353213
1642942181.19 7.3391856865
1642942182.91 7.40938942997
1642942184.24 7.62544668867
1642942185.75 30.4422374854
1642942187.11 35.6203538236
1642942188.7 35.9317465749
1642942190.16 38.1068377575
1642942191.38 38.7107755411
1642942192.41 51.49362701
1642942193.49 43.6808965646
1642942193.63 47.0967521211
1642942193.75 47.0610811304
1642942193.81 39.7916719294
1642942194.51 1.83673753068
1642942194.61 1.93682904091
1642942194.71 2.13457426426
1642942194.87 2.26075811246
1642942195.09 2.25577222937
1642942195.91 55.6521764514
1642942198.67 41.7843143684
1642942200.77 34.7059162629
1642942202.82 29.710528147
1642942204.81 26.3614215247
1642942207.07 31.2952232669
1642942209.27 47.4034483219
1642942211.77 38.9531287748
1642942214.1 36.6116544411
1642942216.47 34.0334994234
1642942218.67 33.4257446347
1642942221.1 33.0742051743
1642942223.28 38.9587540977
1642942225.49 43.0929062594
1642942227.59 44.3558008704
1642942229.74 45.6793382961
1642942231.93 46.9302993032
1642942234.19 44.8110945128
1642942236.42 43.9914017952
1642942238.75 43.3772382429
1642942240.8 42.6927677513
1642942242.94 41.502619064
1642942245.29 40.128433843
1642942247.65 35.9608626022
1642942250.12 34.7748119938
