1643159858.73 2202.93548387
1643159858.93 12110.4065934
1643159859.04 138885.375
1643159859.14 152340.0
1643159859.36 42814.75
1643159859.87 54578.7351916
1643159862.51 58372.3753444
1643159864.69 53490.5760599
1643159866.8 62955.2516459
1643159868.61 71737.9544282
1643159870.23 78961.0153698
1643159871.79 80343.7679838
1643159873.27 76235.6639594
1643159874.99 65813.5409015
1643159876.9 57564.4766494
1643159878.86 51627.3006177
1643159881.13 48036.6807229
1643159883.12 50857.3339806
1643159885.25 51069.018123
1643159887.6 45957.7204861
1643159889.63 47643.6851972
1643159891.74 49560.6294479
1643159893.88 50977.5521996
1643159895.74 51198.2671233
1643159897.65 52752.5441279
1643159899.42 57330.253096
1643159901.06 62237.9781145
1643159902.63 66021.5112108
1643159904.21 73161.2442105
1643159905.6 82471.8799547
1643159907.1 66471.5009363
1643159909.05 48654.423953
1643159911.21 40446.6015846
1643159913.49 33494.4453738
1643159915.91 32407.5570503
1643159918.23 34124.6150259
1643159920.51 31278.9845917
1643159923.07 33125.345353
1643159925.24 34507.4494949
1643159927.17 35824.5199253
1643159930.25 37848.6279481
1643159941.53 32737.2805017
1643159952.47 40078.7397078
1643159963.51 37887.2632896
1643159974.39 39493.9446809
1643159984.53 37961.2947692
1643159995.05 36348.5707908
1643160005.6 38628.859944
1643160016.54 42778.9663753
1643160026.36 37852.2762509
1643160036.42 39778.1090426
1643160047.43 38673.7411301
1643160056.91 38443.3893295
1643764742.45 2194.08835341
1643764742.66 12382.5505618
1643764742.81 24690.7333333
1643764742.92 106638.0
1643764743.14 44760.875
1643764743.6 62908.0200803
1643764745.79 60025.983711
1643764747.37 85970.8256513
1643764749.59 49374.5433161
1643764751.32 72422.9522569
1643764753.5 51632.1714824
1643764755.8 42428.7314072
1643764757.87 44965.3467066
1643764759.97 46516.0011799
1643764762.02 46892.8013285
1643764764.08 46663.1370968
1643764766.26 48980.8906634
1643764768.35 50890.2726684
1643764770.39 48704.7117284
1643764773.04 38986.2253314
1643764775.35 41617.606437
1643764777.85 42517.8031579
1643764779.92 48014.1076067
1643764781.92 53051.4336409
1643764783.97 47385.088015
1643764786.4 39504.3664
1643764788.59 41986.7791028
1643764791.19 34805.6666667
1643764793.41 37650.6944745
1643764795.52 42786.5276146
1643764797.35 48791.4522337
1643764799.48 37475.1958121
1643764801.57 42114.9941072
1643764803.5 40096.9173967
1643764805.31 47372.1536781
1643764807.19 45140.854695
1643764808.83 50877.3458647
1643764810.3 57873.8287489
1643764811.71 64592.7258403
1643764813.25 51323.9776985
1643764814.87 53761.5351759
1643764825.67 41489.2991329
1643764836.15 40212.2465023
1643764846.55 41437.5745554
1643764858.48 37499.3010101
1643764868.86 43533.5949188
1643764879.86 37669.9001983
1643764891.42 33924.9766298
1643764901.12 36537.8075818
1643764914.52 36439.8778833
1643764923.89 43320.9818972
1643764936.37 38852.4316832
1643773708.36 2202.93548387
1643773708.58 12244.9666667
1643773708.69 92590.25
1643773708.81 88865.0
1643773709.03 42814.75
1643773709.49 61427.8313725
1643773711.68 70220.951947
1643773713.82 51654.9572547
1643773716.42 43997.8675869
1643773718.73 45195.6885157
1643773720.96 46571.3410765
1643773723.16 47089.8450119
1643773725.46 40263.8761394
1643773727.75 42344.0504834
1643773730.17 41327.5566791
1643773732.39 46289.832
1643773734.76 44104.4745575
1643773736.86 46742.7608566
1643773739.31 39098.9261645
1643773741.59 42719.1721356
1643773743.8 43819.7271106
1643773746.0 44854.9838978
1643773748.21 45191.3923166
1643773750.28 47854.9743918
1643773752.39 50506.261477
1643773754.44 45442.1392638
1643773756.34 51310.6995142
1643773758.36 49941.6451832
1643773760.43 45816.2043507
1643773762.31 50924.9440559
1643773764.27 45478.2594491
1643773766.05 48054.1879536
1643773767.99 49255.0964852
1643773769.82 44620.3857939
1643773771.92 38554.8114997
1643773774.0 40831.0644761
1643773775.84 42557.7798742
1643773777.89 40336.3048856
1643773779.77 42379.2384562
1643773781.51 42744.5609212
1643773783.4 41494.0355527
1643773794.63 42851.6343284
1643773805.63 40727.7881242
1643773815.77 36539.0434258
1643773826.33 36635.8302632
1643773838.94 42107.2382253
1643773850.43 37251.3457516
1643773861.01 34562.6641604
1643773872.3 36706.4760531
1643773883.33 25761.3333333
1643773891.87 39153.3219895
1643773905.28 39267.1340894
1643773916.64 39062.9897436
1643773927.64 42197.4537475
1643773938.02 37436.1960784
1643773949.56 33106.5415385
1643773959.25 38469.1529781
1643773970.7 35004.3534722
1643773979.95 31714.2428467
1643773990.47 30559.5960884
1643773990.99 1891.31137725
1643773991.09 98857.0
1643773991.63 2512.28235294
1643773991.66 367349.0
1643773991.68 370361.0
1643773991.96 9350.32727273
1643773992.4 47526.4921875
1643773992.52 401643.512821
1643773992.94 59848.6961538
1643773995.04 77505.7669377
1643773997.02 67129.3517941
1643773998.92 66905.5661588
1643774000.54 71977.5980736
1643774002.14 72287.4193254
1643774003.59 73836.9016716
1643774005.07 74734.2388626
1643774007.0 53334.1201923
