1643141482.72 2.16796825397
1643141483.14 3.48809227741
1643141483.47 4.51565415728
1643141483.78 5.32014979544
1643141485.05 5.99425710484
1643141486.43 11.2550820203
1643141486.88 12.6376886478
1643141487.39 13.5860433543
1643141495.21 13.1636872549
1643141496.31 13.6053744847
1643141501.4 13.2359615804
1643141509.03 10.8060943118
1643141509.98 9.85836906365
1643141510.3 11.7292424831
1643141511.29 13.4715276173
1643141512.11 16.6120388126
1643141513.07 29.9411274239
1643141515.18 66.0735154709
1643141517.5 63.3345899814
1643141519.64 59.2091284506
1643141521.99 50.8436626199
1643141525.76 41.2094071293
1643141532.03 27.8865159725
1643141538.04 21.5845787946
1643141543.09 18.4279349111
1643141547.64 16.6143981056
1643141551.3 16.3308074135
1643141553.03 20.0821951435
1643141569.0 12.5574507765
1643141588.37 9.99129208308
1643141595.94 9.21107265714
1643141597.55 9.65324212755
1643141599.12 9.73102826645
1643141600.69 16.2167921653
1643141602.68 29.5447380243
1643141604.53 53.9267971949
1643141605.84 56.1360876412
1643141607.14 56.1153971591
1643141608.36 59.5177302774
1643141609.89 62.3701409446
1643141611.97 59.0449985922
1643141613.76 53.0323019798
1643141616.07 45.3218229452
1643141618.17 39.8825835564
1643141620.08 37.5245056022
1643141622.15 37.2188156333
1643141624.06 36.4609858287
1643141625.85 37.6666351574
1643141627.78 39.0680091581
1643141629.55 39.6347401466
1643141631.42 40.9632544845
1643141633.29 41.6154137076
1643141634.96 42.5063343709
1643141636.72 43.4845957746
1643141638.48 43.4038688334
1643141648.01 41.3945967728
1643141658.67 32.2706089209
1643141668.38 24.1571673881
1643141677.51 16.292749502
1643148345.42 2.185312
1643148345.79 3.55309838178
1643148346.08 4.67980982007
1643148346.38 5.56960389364
1643148347.65 6.25477992343
1643148350.52 9.81976349318
1643148351.1 10.5531453634
1643148351.73 10.3496951259
1643148353.05 10.4245775516
1643148354.14 10.6715659511
1643148359.72 13.0511430696
1643148367.49 10.7835029955
1643148369.42 12.2368727711
1643148370.8 14.0767143686
1643148372.21 16.2332828739
1643148373.39 20.3583570378
1643148375.68 44.5133084484
1643148378.01 50.0050798097
1643148380.18 50.1725808937
1643148384.32 41.2705006782
1643148390.56 28.0388287263
1643148397.24 21.3829510005
1643148402.98 18.0043270102
1643148408.64 15.349296651
1643148410.48 16.7785348375
1643148420.95 14.136719564
1643148441.71 10.1497417924
1643148452.91 8.72030924655
1643148455.21 9.43852776032
1643148457.08 9.42278215937
1643148458.82 16.8729727183
1643148461.25 21.5364656819
1643148462.95 48.9652260141
1643148464.79 50.9747218899
1643148466.59 51.1145513088
1643148468.52 48.8226409974
1643148470.88 48.5897960953
1643148473.17 43.383221538
1643148475.69 39.2293142866
1643148478.16 34.7562827974
1643148480.56 33.0475975389
1643148482.49 34.0494874305
1643148484.83 33.2454556882
1643148487.01 34.3010724839
1643148488.99 35.8409840578
1643148491.15 36.1950441304
1643148493.22 35.3612129521
1643148495.35 35.6640955978
1643148497.73 35.3293201059
1643148499.6 35.5437887374
1643148501.64 36.5924078681
1643148504.02 36.172804882
1643148506.44 34.7442766931
1643148509.88 30.9772875821
1643148512.5 28.4948181456
1643148517.65 21.6956906453
1643148528.73 19.9432572214
1643148538.22 16.9883581715
