1642914133.03 3.25195238095
1642914133.32 3.02888167128
1642914133.51 4.13968729681
1642914133.7 5.37982016529
1642914134.2 6.42101850489
1642914134.73 22.7968222548
1642914136.72 35.6721137317
1642914138.83 33.1985441646
1642914141.65 29.0868878782
1642914144.33 27.7233412371
1642914147.08 27.6154856591
1642914149.53 25.283777285
1642914152.48 22.5943766701
1642914155.16 27.9809713821
1642914157.77 27.5513238604
1642914160.24 27.6998178023
1642914162.59 28.2960855225
1642914164.8 32.4735483864
1642914167.26 34.1445732681
1642914169.37 36.7516409949
1642914171.24 38.6779143926
1642914173.42 40.5176861883
1642914175.24 46.1817071073
1642914176.94 49.7155375432
1642914178.86 52.2171182624
1642914180.65 52.7183243423
1642914182.62 52.3302296017
1642914184.73 45.6817892765
1642914186.59 43.6553979254
1642914188.72 40.4869824222
1642914190.78 38.9559319215
1642914192.77 52.3221040509
1642914195.08 37.037263666
1642914197.49 31.3248373597
1642914199.74 30.2990137155
1642914201.97 29.6345516227
1642914203.8 29.4973362848
1642914205.91 29.8734579521
1642914207.65 35.5461973295
1642914209.17 37.7648737537
1642914211.1 38.213060571
1642914214.28 38.7133455277
1642914224.76 38.2420457965
1642914235.21 37.1315506979
1642914246.28 32.9645526228
1642914256.42 32.5500210453
1642914267.49 31.3776796117
1642914279.76 5.87784674651
1642914291.36 5.87462267214
1642914302.31 5.92514507808
1642914311.52 7.26103378854
1642914322.68 4.65432709322
