1642919478.1 2.20293548387
1642919478.39 3.92815369579
1642919478.58 5.76882506716
1642919478.78 7.51382824933
1642919479.27 9.08374414322
1642919479.59 47.8792815115
1642919482.74 72.1080145815
1642919484.79 68.7067127472
1642919487.03 62.2089871049
1642919489.17 61.2643604719
1642919491.32 54.2045886913
1642919493.32 55.387456485
1642919495.15 53.2102723436
1642919497.43 52.3642433912
1642919500.16 49.1269328369
1642919502.14 48.8111113319
1642919504.14 48.8530565121
1642919505.96 49.5227235173
1642919508.05 50.0265050048
1642919510.03 53.8976780201
1642919512.11 54.2296290491
1642919514.15 54.4037154899
1642919516.74 50.8973573347
1642919519.2 49.8201170241
1642919521.7 47.6641941561
1642919524.08 44.960923
1642919526.27 42.8622985111
1642919528.55 42.8901113843
1642919531.25 40.5610094887
1642919533.85 39.1230290252
1642919536.64 37.1811107389
1642919539.25 35.025026909
1642919541.83 33.8085752569
1642919544.05 34.7597138239
1642919546.26 35.8478399096
1642919548.12 38.9179634101
1642919549.85 42.4117543567
1642919551.93 44.0678329625
1642919554.0 44.1687822933
1642919555.81 43.9950310366
1642919557.61 43.7048122723
1642919559.18 43.8066962169
1642919569.31 45.1853835448
1642919579.96 45.322630505
1642919590.59 43.5873208702
1642919601.68 42.3801538857
1642919612.7 40.3529399658
1642919624.06 34.699799375
1642919635.18 34.5510457491
1642919646.19 34.6034389712
1642919656.38 29.0378267723
1642919668.05 29.0739466765
