1642923476.82 0.944877205119
1642923477.78 0.982068279274
1642923479.74 0.701656740682
1642923480.35 0.761491935223
1642923483.12 0.992940724897
1642923485.05 1.37207066667
1642923485.71 1.51283832996
1642923486.21 2.21022413544
1642923487.69 1.2557365004
1642923488.98 2.21202980337
1642923491.53 1.67023159697
1642923492.84 1.91307581196
1642923494.11 1.57529749963
1642923496.48 0.874225400202
1642923498.41 1.71355838405
1642923499.03 1.97139323799
1642923499.58 2.34019336627
1642923500.93 2.0455913892
1642923501.39 4.19237061603
1642923501.67 9.47252454813
1642923503.61 12.5690460016
1642923506.7 15.1279562183
1642923537.13 3.65279428921
1642923539.61 3.986354435
1642923541.77 3.34557679814
1642923544.07 2.84536177253
1642923546.78 2.45690673444
1642923547.83 3.15476338537
1642923553.19 2.47291411272
1642923557.38 1.0722404652
1642923559.22 1.25132334164
1642923562.8 0.987460909857
1642923566.21 0.763253303826
1642923568.12 0.670939082501
1642923570.03 0.664760366718
1642923571.97 0.61171896885
1642923572.89 0.670691086253
1642923574.85 0.494779566823
1642923576.78 0.693572780768
1642923577.69 0.799376466143
1642923578.64 0.936589552189
1642923581.93 0.847555393465
1642923584.41 0.903456154807
1642923586.92 0.975740797578
1642923588.38 0.975662530515
1642923589.89 0.97561370225
1642923592.36 0.980128031669
1642923594.84 0.979371554466
1642923596.02 1.13751186345
1642923596.9 1.2619087654
1642923597.56 1.45454312362
1642923598.39 2.05460719907
1642923599.19 3.50377487076
1642923601.15 4.43432584415
1642923601.68 4.82645645081
1642923603.23 4.8252673876
1642923604.96 3.64886528697
1642923605.64 3.88068569047
1642923606.32 4.08662973891
1642923612.19 5.85766342698
1642923612.43 5.864091711
1642923612.59 5.93084391338
1642923613.44 5.43032919735
1642923613.93 5.43555733387
1642923614.38 5.44229292487
1642923614.83 5.32902381825
1642923617.24 5.2707956939
1642923620.29 5.74096857071
1642923623.01 5.83923912219
1642923626.12 5.7894086703
1642923629.82 5.4045232915
1642923646.87 1.69287686949
1642923649.8 1.31316970699
1642923650.82 1.23841067649
1642923651.53 1.21637421292
1642923652.26 1.70406064943
1642923652.41 3.1710933436
1642923653.65 5.34050094959
1642923653.76 8.12990598648
1642923655.19 9.25753923631
1642923661.22 11.0574914844
1642923665.97 8.72924074438
1642923670.63 9.13562169125
1642923671.37 6.42297802408
1642923672.93 6.19106513158
1642923674.8 3.96462984105
