1643159590.08 2176.60557769
1643159590.29 12523.2613636
1643159590.4 79363.0714286
1643159590.51 96943.6363636
1643159590.74 39787.4444444
1643159591.29 57377.6446886
1643159593.64 83504.1270936
1643159595.28 76743.1878354
1643159597.72 36655.5196354
1643159601.24 27626.2387417
1643159604.79 29086.4886766
1643159615.59 10879.9508624
1643159617.53 3629.48606272
1643159617.86 31837.0738916
1643159618.11 52107.037594
1643159618.38 51262.7571429
1643159618.63 51584.8814815
1643159618.92 46039.6540881
1643159631.03 6887.96446966
1643159632.21 7134.24114833
1643159633.24 8924.77017937
1643159633.89 11979.2359551
1643159634.4 18552.0
1643159634.89 18858.7560322
1643159635.34 21357.8203593
1643159635.79 21533.3363914
1643159636.2 24297.0340136
1643159639.91 22415.9515834
1643159647.94 9109.19816514
1643159649.04 7620.94665153
1643159649.78 11412.5219512
1643159651.35 4748.75277778
1643159652.36 7761.03811659
1643159653.18 10096.4956268
1643159654.19 8027.35981839
1643159655.5 6369.26694915
1643159656.16 13031.6505576
1643159656.68 18546.5406091
1643159657.18 19795.490566
1643159657.66 19955.3757062
1643159660.71 8160.78393051
1643159671.23 13330.3992674
1643159673.25 2968.95238095
1643159675.68 6078.16293436
1643159678.05 9713.48724832
1643159679.86 10941.0870206
1643159682.18 11033.6011645
1643159684.39 12752.0244328
1643159694.62 13227.1782683
1643159696.66 8862.29950495
1643159698.32 14302.1172023
1643159700.69 10956.7105978
1643159702.84 4811.66820276
1643159707.17 1899.95762509
1643159707.98 3945.42492918
1643159710.21 1892.05898529
1643159711.92 3439.74362032
1643159722.71 4292.28721805
1643159731.62 4234.97316384
1643159733.41 5361.21635434
1643159733.51 17473.25
1643159733.62 17445.3529412
1643159733.63 139786.0
1643159734.23 4143.70967742
1643159734.25 551023.5
1643159734.53 9074.68604651
1643159734.73 16769.6086957
1643159735.63 17160.4823695
1643159736.57 20885.4626667
1643159737.43 22551.6826087
1643159738.3 23623.5052161
1643159742.7 26334.0970012
1643159746.54 26561.9996816
1643159752.09 16861.2137436
1643159758.12 14175.7774401
1643159759.2 5131.34236453
1643159759.89 8199.60162395
1643159760.62 8168.59500236
1643159761.55 8982.21026283
1643159762.8 6184.68827709
1643159764.01 9428.17571297
1643159764.72 18066.6761739
1643159765.96 6728.59386282
1643159766.21 66898.2773109
1643159766.44 56113.2631579
1643159766.68 64193.2035398
1643159766.92 62250.5840708
1643159767.16 66668.3364486
1643159768.99 73493.2401134
1643159772.48 24155.0859196
1643159774.06 79582.6864865
1643159776.06 50621.3998543
1643159778.24 42912.5928108
1643159780.78 34731.6844423
1643159783.24 37243.3470191
1643159785.96 33711.8608491
1643159788.21 34523.1002155
