1643160764.65 2194.08835341
1643160764.88 10299.5046729
1643160765.04 19156.6034483
1643160765.2 19042.5
1643160765.72 10022.7913486
1643160768.79 5527.20430487
1643160769.95 15765.6139818
1643160771.43 12212.1510015
1643160772.53 15709.8620321
1643160773.46 15712.748731
1643160774.21 17137.1346801
1643160774.88 14819.445269
1643160775.43 14400.8640553
1643160775.91 18571.6264368
1643160776.41 18579.7211796
1643160777.1 9203.36753014
1643160777.95 6996.14124975
1643160778.86 6686.43131166
1643160779.61 11987.4668821
1643160780.18 17138.5793103
1643160780.73 19090.8752998
1643160781.18 20053.015674
1643160781.67 20038.2099448
1643160782.2 17629.8646617
1643160782.73 17878.4761905
1643160783.27 17174.1487805
1643160783.86 15803.8230088
1643160784.46 15613.9042553
1643160785.07 14338.1392931
1643160785.66 14285.2212766
1643160786.29 14294.706721
1643160789.2 2453.60746322
1643160789.91 14404.2235294
1643160790.19 14410.6337209
1643160790.5 13172.203125
1643160790.83 11348.974026
1643160791.16 11498.7442922
1643160791.93 11417.7140625
1643160792.67 12000.2075163
1643160793.35 12890.8813869
1643160794.07 18018.0047945
1643160796.37 10977.9758673
1643160798.57 115104.0
1643160800.29 88440.6853933
1643160802.52 73842.3265306
1643160804.79 59823.0403226
1643160807.08 48903.7677419
1643160809.12 63404.6114943
1643160811.19 40184.6639292
1643160813.87 23682.707231
1643160816.08 33704.9442254
1643160820.54 10378.6426632
1643160825.27 12036.3388262
1643160825.98 13898.6392294
1643160826.63 15353.630137
1643160827.22 17148.796875
1643160828.86 17200.798419
1643160830.55 14903.2591241
1643160832.81 12883.5892575
1643160834.58 14286.818612
1643160834.72 9267.84375
1643160835.14 9086.9787234
1643160835.45 9169.41397849
1643160835.69 11561.8222222
1643160835.93 11513.4626866
1643160837.12 12327.0334347
1643160838.31 15679.7767768
1643160839.39 17137.2918502
1643160840.41 18604.8967136
1643160841.92 10969.918596
1643160842.98 13696.5110619
1643160843.93 12567.2320988
1643160844.87 9897.99380421
1643160846.33 4713.40497738
1643160848.32 4867.18472297
1643160849.46 6888.90258449
1643160849.66 95690.48
1643160849.86 95396.6986301
1643160850.06 97604.0666667
1643160850.27 97634.7631579
1643160850.46 118337.809524
1643160852.75 62674.1335034
1643160854.82 52903.6188605
1643160856.85 50977.5521996
1643160861.05 20013.2449799
1643160862.5 83144.4808324
1643160863.85 111865.11521
1643160865.7 53891.1938776
1643160867.12 78647.4198718
1643160868.51 85489.7687577
1643160870.32 57026.3664839
1643160872.06 63783.9739443
1643160873.58 70897.9346895
1643160875.18 63754.8126673
1643160876.97 51924.5332253
1643160879.08 42875.3902439
1643160881.24 39086.3543027
1643160883.12 42000.1262069
1643160885.56 33448.1051282
1643160887.08 63004.380123
1643160888.68 58291.9746707
1643160890.19 74381.5446118
1643160891.66 65925.5912744
1643160893.12 58657.5140914
1643160894.95 42693.2586328
1643160896.48 46328.171381
1643160898.51 42542.8303448
1643160900.26 42788.707958
1643160901.89 43537.4996054
1643160903.71 44205.9228631
1643160905.47 41799.5175097
1643160907.68 37251.7285181
1643160910.01 32975.5932773
1643160914.6 31328.4259694
1643160925.18 29688.5648456
1643160935.03 30617.9198167
1643160944.74 31061.2759815
1643160954.89 22733.7158207
1643765601.3 2185.312
1643765601.54 9928.35135135
1643765601.71 17636.2380952
1643765601.88 17199.6774194
1643765602.22 18492.7558685
1643765603.22 19703.2666667
1643765604.24 18157.1306884
1643765605.31 17612.6355556
1643765606.67 12199.9343854
1643765609.27 5051.67115463
1643765610.01 16994.0868114
1643765610.71 14289.2325581
1643765611.35 12206.9824219
1643765612.02 11815.2212066
1643765612.58 15714.8208617
1643765613.17 15738.5657895
1643765613.74 15719.9977427
1643765614.3 16828.2873563
1643765614.86 17176.4861111
1643765615.51 14282.1494253
1643765616.15 15701.9625247
1643765616.61 18595.6744186
1643765617.2 11239.281066
1643765617.87 9185.57848002
1643765618.84 6116.88561139
1643765619.67 7134.14488349
1643765620.29 14637.9672131
1643765620.85 17186.264637
1643765621.32 20048.3866279
1643765621.78 19982.3035714
1643765622.26 19996.2991453
1643765622.72 20053.3841642
1643765630.48 10174.9921697
1643765631.65 7298.41517387
1643765632.4 11425.0468498
1643765633.15 11891.9857595
1643765633.82 12864.2715596
1643765634.52 38595.0897887
1643765635.29 34371.8892356
1643765636.07 10952.2527132
1643765636.63 17199.2723112
1643765637.0 30710.5400844
1643765637.23 68640.0
1643765639.44 55824.2624113
1643765640.84 26410.7591241
1643765644.12 45158.9341142
1643765645.74 47814.227349
1643765648.58 57460.4291667
1643765650.54 61639.8478682
1643765653.41 28784.7695606
1643765655.89 28434.5418251
1643765659.15 20806.4453871
1643765664.64 10426.4726242
1643765665.29 15500.2402344
1643765665.87 17167.8446389
1643765667.54 14280.0390335
1643765669.68 17200.798419
1643765671.82 16236.5526839
1643765674.03 14232.6561955
1643765676.3 14286.818612
1643765676.43 12894.3913043
1643765676.85 11542.9189189
1643765677.09 13019.1679389
1643765677.32 12793.8196721
1643765677.54 12964.7394958
1643765678.51 15499.0853503
1643765679.59 17137.9617068
1643765680.61 18135.9685315
1643765682.13 11724.387574
1643765683.7 13353.3827273
1643765684.89 11825.8319007
1643765686.7 6124.82430806
1643765689.08 10669.2088157
1643765690.0 7841.87578419
1643765690.19 96461.5820896
1643765690.39 96253.2777778
1643765690.58 99677.5833333
1643765690.78 99485.1285714
1643765690.98 98923.0405405
1643765693.23 50352.0312699
1643765694.88 64722.8533007
1643765696.61 57047.0441176
1643765701.0 20566.1471487
1643765702.5 70580.7381818
1643765703.89 78766.5648051
1643765705.37 77697.964176
1643765706.94 64353.3336229
1643765709.12 43340.3974209
1643765710.51 75193.0388151
1643765712.74 39648.1357673
1643765714.62 50257.1911663
1643765716.49 55074.9131109
1643765718.38 48618.7011747
1643765720.3 48388.0467163
1643765721.96 49863.7151751
1643765723.72 50381.074361
1643765725.42 50936.2003094
1643765726.98 51005.178392
1643765728.77 51276.5762579
1643765730.33 52112.0974576
1643765731.85 55912.7103984
1643765733.93 41547.7495146
1643765736.03 33210.6362059
1643765738.11 35863.6850862
1643765740.01 39570.0418027
1643765741.72 41495.1281669
1643765743.47 45660.3286454
1643765745.02 47734.1365159
1643765746.75 40234.8738147
1643765748.83 38274.5625752
1643765750.66 37352.1418637
1643765756.29 34245.149399
1643765767.25 39293.3471295
1643765778.25 37054.1911049
1643765788.32 38363.6764886
1643765798.3 15020.7608879
