1643159166.4 2194.08835341
1643159166.61 11131.7878788
1643159166.74 46295.125
1643159166.85 118486.666667
1643159167.07 45801.8255814
1643159167.57 61669.6732283
1643159170.09 64699.7625954
1643159172.17 53093.3688119
1643159174.92 40517.8102637
1643159178.05 33860.0815747
1643159180.96 36099.4365393
1643159183.78 37387.6940123
1643159186.26 38607.7784062
1643159189.44 29910.7063733
1643159192.33 34058.9820175
1643159195.21 31940.966879
1643159198.04 33560.9806397
1643159200.87 34583.8824824
1643159204.02 32191.6087311
1643159206.5 39005.3737721
1643159209.4 31138.4795099
1643159212.27 32865.6737185
1643159215.2 33947.8845649
1643159221.59 12740.6630305
1643159223.17 72296.1057143
1643159224.93 61828.6202003
1643159226.6 61207.5480132
1643159228.51 51085.3469813
1643159230.27 39059.8977183
1643159232.14 50118.8368892
1643159233.9 51705.4355426
1643159235.97 44057.665336
1643159238.15 46681.3487916
1643159240.06 47533.2893175
1643159242.04 40149.3623457
1643159244.07 39555.8600601
1643159246.05 41913.4088094
1643159248.13 40841.4558547
1643159250.08 41520.7798785
1643159251.91 38979.7960705
1643159253.97 42286.7411067
1643159255.73 42159.4640235
1643159257.88 35338.7482436
1643159269.07 34015.5721505
1643159279.57 36113.1400778
1643159289.33 35452.3586207
1643159300.67 42692.5535581
1643159311.62 37627.5661664
1643159321.72 30480.2697652
1643159332.52 40691.1969697
1643159343.51 39567.6428571
1643159354.47 38622.988189
1643159364.9 34964.5777049
1643764016.18 3176.3255814
1643764016.42 10804.3823529
1643764016.54 82149.7894737
1643764016.66 128567.0
1643764017.03 62715.371134
1643764017.47 60015.697318
1643764019.78 57190.7483131
1643764022.43 42078.903384
1643764024.79 45223.2417236
1643764027.9 31131.0600746
1643764031.17 29589.062995
1643764034.05 32486.3986071
1643764036.49 36791.8319451
1643764038.96 38181.4150121
1643764041.25 45174.2169866
1643764043.7 38241.4728012
1643764046.02 41946.8122041
1643764048.34 43579.9118136
1643764050.79 39079.5606736
1643764053.79 31253.420307
1643764056.37 34668.2883349
1643764059.15 35215.2685266
1643764061.66 38780.6253746
1643764064.09 37924.6423135
1643764070.4 12929.8094021
1643764072.92 37428.3410814
1643764074.72 60015.1931818
1643764076.42 67473.863428
1643764077.91 64117.3265683
1643764079.58 73707.1558704
1643764081.4 37813.7653137
1643764083.28 48797.8415623
1643764085.45 41745.9959112
1643764087.33 43677.4873892
1643764089.18 44980.6134163
1643764091.59 33262.8823232
1643764093.78 35427.6806283
1643764096.0 36135.0720222
1643764098.46 29198.6111111
1643764100.63 31786.8392265
1643764102.99 32969.3235747
1643764104.95 35532.914604
1643764110.36 39244.8517555
1643764120.46 38685.6538953
1643764132.58 33126.9851279
1643764142.3 37660.014652
1643764155.26 37447.1478318
1643764166.69 36603.8566689
1643764177.9 36474.9558486
1643764188.88 37196.9390582
1643764199.37 39620.0503311
1643764211.42 37587.1226054
1643773343.5 2202.93548387
1643773343.71 12523.2613636
1643773343.83 92590.25
1643773343.95 106638.0
1643773344.16 42354.3763441
1643773344.67 51357.695082
1643773347.04 61196.165343
1643773349.05 63933.5946349
1643773351.28 49374.5433161
1643773354.07 39224.8429713
1643773356.45 41895.2176351
1643773358.95 38494.8053398
1643773361.39 36809.8671569
1643773363.92 37438.0921178
1643773366.35 38846.6628314
1643773368.52 42117.0083987
1643773370.72 47044.7728614
1643773372.9 48773.7932961
1643773374.78 57845.7719941
1643773376.51 59486.847191
1643773378.16 60913.0421488
1643773380.16 53252.3572841
1643773382.17 50284.2046632
1643773384.0 52053.948468
1643773385.92 55207.9352727
1643773387.97 44194.9206444
1643773393.95 13626.7449318
1643773395.15 95478.5797665
1643773396.91 55960.6940419
1643773398.8 53585.481972
1643773401.14 38772.0169306
1643773403.42 25511.8935892
1643773406.06 32694.0279048
1643773408.35 34338.0889603
1643773410.9 32008.8420276
1643773413.41 32864.5244511
1643773415.84 28890.0298861
1643773418.32 30941.0839658
1643773420.78 31944.038961
1643773422.89 32764.3388383
1643773425.35 33020.2021605
1643773427.8 27408.6825776
1643773439.67 32381.2135193
1643773450.75 39544.2127937
1643773462.18 37298.3670462
1643773473.33 37522.5693431
1643773483.73 39144.6146978
1643773495.01 41821.085671
1643773505.96 43010.3603786
1643773516.73 40877.0015221
1643773525.79 40892.8749146
1643773538.45 35078.3277712
1643773548.86 26861.9551637
1643773559.6 6095.23349264
1643773569.95 11081.5042373
1643773579.33 11415.5438336
1643773589.24 12595.6642547
1643773600.63 12063.4948301
1643773609.04 11993.1058824
1643773619.45 13089.3684971
1643773619.89 1176.86904762
1643773619.91 296571.0
1643773619.92 296571.0
1643773620.44 5145.63855422
1643773620.66 17403.1734694
1643773620.78 86713.6666667
1643773620.9 85711.3333333
1643773621.32 54315.9910714
1643773621.43 505293.451613
1643773623.63 69529.6874487
1643773625.91 51748.4221954
1643773632.16 15248.02073
1643773634.08 56872.0115883
1643773636.11 55278.0208473
1643773638.11 53616.8350237
1643773640.12 49111.9221714
1643773642.14 51974.0421885
