1642947498.78 2.16796825397
1642947499.09 3.78080807642
1642947499.32 5.3473902378
1642947499.54 6.807394743
1642947500.12 8.14904722266
1642947500.74 28.3384199207
1642947502.89 39.836244126
1642947508.28 34.2716404521
1642947517.22 23.1101242751
1642947522.16 20.7986454601
1642947526.43 19.1587365608
1642947528.82 17.5843777461
1642947531.55 17.6117469292
1642947534.12 21.6816557961
1642947538.52 21.719329339
1642947543.64 20.3370830285
1642947545.93 22.0365546559
1642947547.58 26.6343567774
1642947549.14 32.2089076561
1642947552.21 36.486604723
1642947555.24 46.6204884462
1642947560.16 35.7929913241
1642947564.21 29.1316397863
1642947568.2 24.3367357306
1642947572.38 22.6924354989
1642947575.73 21.9932901383
1642947579.09 23.567452605
1642947582.95 23.5597688482
1642947586.41 23.9503469564
1642947590.19 24.5097767251
1642947593.57 24.4663768746
1642947597.05 23.9948240123
1642947600.74 24.036593058
1642947603.72 24.3547734772
1642947608.67 21.7936528049
1642947612.39 20.9205007854
1642947615.71 20.5854069989
1642947619.44 20.3292453294
1642947623.97 18.4533650007
1642947627.69 19.1600794185
1642947630.83 19.6200253963
1642947631.79 23.0799315902
1642947632.81 28.1676924348
1642947634.85 36.1037918376
1642947636.07 51.7641759703
1642947637.48 71.4943100657
1642947639.17 59.9131023918
1642947641.19 50.1740527996
1642947646.24 50.8022514198
1642947656.99 46.6771334391
1642947666.17 41.8661773348
1642947676.58 40.0678144165
1642947686.54 39.3507057499
1642947696.59 39.4031529207
