1643138021.06 3.2714251497
1643138021.36 3.02819021848
1643138021.58 4.10364765744
1643138021.79 5.15569621773
1643138022.65 5.75371189526
1643138023.69 12.7702803172
1643138025.2 11.2863926725
1643138026.46 9.63665524021
1643138027.57 8.50312329165
1643138028.8 7.69754610582
1643138031.78 3.94406876052
1643138033.0 3.58748970304
1643138033.28 3.58487625244
1643138033.53 3.47253035693
1643138033.87 3.59640656178
1643138034.41 8.56188317416
1643138036.64 10.9835569759
1643138039.08 11.4673305304
1643138041.65 12.1962833863
1643138043.57 13.125088579
1643138047.1 14.7351082497
1643138051.6 17.1539435566
1643138055.82 17.4688787833
1643138060.64 17.4819391206
1643138063.99 17.74485726
1643138065.67 14.4151607118
1643138066.98 17.3945101805
1643138068.75 21.1852586854
1643138071.82 25.0711905608
1643138074.14 27.869987925
1643138078.53 13.0770551583
1643138082.01 10.5765441674
1643138085.68 9.19272808012
1643138089.47 8.60619566711
1643138092.28 8.18081964179
1643138095.19 14.9157113289
1643138098.16 19.3221682752
1643138101.6 19.4148590555
1643138104.68 20.4299264415
1643138107.62 19.7863205132
1643138110.38 21.0426914823
1643138113.37 20.7839040008
1643138116.21 21.3739636919
1643138119.59 19.9243191524
1643138122.06 20.5839959673
1643138126.63 13.5485608593
1643138129.99 13.1280762714
1643138133.09 12.6499467219
1643138136.54 12.7582614326
1643138140.04 11.8577422279
1643138144.08 16.9538288704
1643138148.21 15.2918667295
1643138149.34 11.9245295669
1643138150.8 13.6549349105
1643138151.79 17.3653712869
1643138152.8 25.0360265688
1643138159.47 41.1652112646
1643138169.38 28.773959328
1643138178.62 24.8808818885
1643138188.86 19.4847291652
1643138189.41 0.362249861289
1643138189.54 1.92520561143
1643138189.6 2.16730604538
1643138190.31 0.947641874836
1643138190.5 1.05114223914
1643138190.68 3.31570826137
1643138190.89 3.21696174865
1643138191.18 2.95417872574
1643138191.46 36.0541409951
1643138194.04 32.7568172589
1643138196.25 31.4472863067
1643138198.64 32.5760616489
1643138200.81 33.5882365233
1643138203.19 40.836130476
1643138205.55 42.0444959063
1643138208.14 33.4087105142
1643138210.66 32.0216128464
1643138213.07 31.1007588821
1643138215.63 30.3791849946
1643138218.07 29.6912184852
