1642916100.18 2.20293548387
1642916100.54 2.03385600588
1642916100.78 2.74477094382
1642916101.01 3.43358127112
1642916101.78 4.04280952031
1642916102.15 10.7773599687
1642916102.49 14.0673878149
1642916103.45 14.3501639612
1642916107.47 14.5789630047
1642916110.44 14.1453947847
1642916113.2 19.0425946709
1642916116.0 18.7089639368
1642916118.15 19.0009157208
1642916120.56 18.6829629455
1642916122.68 20.5886065857
1642916126.35 20.4563542149
1642916129.96 22.0649218743
1642916133.75 21.7370388383
1642916138.12 21.5984468439
1642916146.55 8.11751421969
1642916152.09 5.06384821622
1642916153.81 5.07199592449
1642916156.36 6.78271827893
1642916158.7 6.5625560945
1642916160.38 5.56015753075
1642916161.14 13.6997263206
1642916162.51 15.7004044245
1642916164.2 21.1800395989
1642916166.37 29.1864430249
1642916168.63 32.7243867571
1642916171.14 29.3124115327
1642916173.52 26.5134018179
1642916176.01 24.191997165
1642916178.2 23.5295657231
1642916180.65 22.9466015764
1642916182.89 25.8323032676
1642916184.9 23.1132542644
1642916188.62 16.9120725946
1642916195.8 5.95024332842
1642916205.67 3.81443388127
1642916207.51 3.68798167912
1642916216.17 2.31767809927
1642916219.48 2.19947034518
1642916220.52 2.64451917794
1642916221.29 3.6989156033
1642916222.06 3.95528049102
1642916222.87 18.7589180382
1642916224.1 37.847697025
1642916225.37 42.668621135
1642916226.6 42.1712119079
1642916228.04 28.220796927
1642916232.06 43.6507887167
1642916237.91 49.3558819578
1642916242.93 27.5730253713
1642916248.51 26.2588303724
1642916253.23 19.0150238384
1642916263.77 22.6785918279
1642916274.71 16.383783696
1642916285.21 7.45172974243
1642916294.52 2.85188970024
1642916295.09 0.681617022243
1642916295.23 1.20873627473
1642916296.29 0.857084172537
1642916296.67 0.735160235764
1642916297.01 0.699306485633
1642916297.26 2.50101169612
1642916297.72 2.67649959365
1642916297.84 4.63317128632
