1642918636.31 1.95117142857
1642918637.2 2.19837458479
1642918638.24 2.04210163931
1642918639.0 2.19968954235
1642918641.51 2.08107603886
1642918644.28 2.03243332111
1642918647.36 1.92420730937
1642918649.76 2.00701804237
1642918651.1 1.81430860677
1642918652.27 1.98285931899
1642918653.36 2.10049213538
1642918655.2 2.01620981778
1642918656.16 2.10329757287
1642918656.7 2.36666912783
1642918661.0 2.12526513216
1642918663.87 1.90601102584
1642918667.89 1.63236619823
1642918670.9 1.31701990979
1642918673.94 1.1051176112
1642918676.71 0.833578812081
1642918677.56 1.20040431879
1642918680.15 1.21503947495
1642918680.9 1.53114852719
1642918681.92 1.97022422373
1642918682.98 1.40716955638
1642918683.76 1.54760956009
1642918684.14 2.53293115419
1642918685.28 2.74022784053
1642918687.17 4.55751150113
1642918687.69 5.64172518899
1642918688.09 7.55916452308
1642918688.98 7.88239176734
1642918691.86 8.67709781963
1642918693.75 10.3269043002
1642918696.64 11.7319194475
1642918700.42 12.471611569
1642918704.58 11.7573398356
1642918707.2 11.8481774444
1642918709.48 11.7203448918
1642918711.48 12.6019393506
1642918713.55 14.5919159429
1642918715.38 18.9361840291
1642918719.55 19.6482048855
1642918723.17 19.9542601468
1642918726.04 20.8538681065
1642918729.0 21.4860661673
1642918732.05 21.6812168169
1642918735.01 22.6511407632
1642918738.5 23.3285278117
1642918741.85 21.9189538972
1642918746.58 19.2712831014
1642918752.72 15.9997083115
1642918758.05 14.084903434
1642918762.83 13.2359066523
1642918767.48 12.4872116957
1642918771.93 12.3586486157
1642918777.0 13.1181036625
1642918781.41 13.4691241432
1642918785.65 12.7748775393
1642918789.32 12.2662211716
1642918789.5 11.9353775365
1642918789.63 11.9250836226
1642918789.69 14.3147567223
1642918790.48 10.3781986761
1642918790.59 12.6429990593
1642918790.68 16.4104720752
1642918790.77 22.5804312248
1642918798.53 15.8091104831
1642918800.12 26.2236791361
1642918802.01 16.9414339552
1642918802.13 16.9595055957
1642918809.21 12.9850650517
1642918810.06 14.8384854261
1642918813.65 16.2610032887
1642918816.66 19.9117702299
1642918819.06 17.0214512518
1642918821.6 20.1257208444
1642918823.95 20.575822749
1642918828.32 21.3848323492
1642918832.79 15.3757605046
1645577651.28 1.94422775801
1645577652.23 2.12497384397
1645577653.5 1.82765363276
1645577654.36 1.92944955058
1645577656.93 1.87159938422
1645577659.45 1.87259330131
1645577662.19 1.84004207441
1645577664.6 2.02480799088
1645577665.45 2.09452617052
1645577666.41 2.19007740876
1645577668.46 2.15325712817
1645577669.56 2.27534027854
1645577671.11 2.12565526798
1645577671.98 1.87000095028
1645577673.12 1.95092742694
1645577675.63 1.54345619667
1645577678.69 1.26107377526
1645577681.79 1.12625006171
1645577684.81 1.1191418285
1645577689.4 0.666394889889
1645577690.05 1.10538633706
1645577692.88 0.780616833555
1645577693.29 1.3421859087
1645577693.71 1.53443929776
1645577694.74 2.15530990302
1645577695.77 1.56878488905
1645577696.57 2.38131866205
1645577697.77 2.54457747775
1645577699.11 3.74200670268
1645577700.11 4.46505016662
1645577701.2 5.57451933445
1645577701.63 7.73274976386
1645577704.57 8.5814018787
1645577706.48 10.6636923336
1645577709.26 11.7210997193
1645577712.92 12.5631580429
1645577716.99 11.9065440235
1645577719.93 11.8376408749
1645577722.22 11.7125067821
1645577724.15 12.4670940201
1645577726.1 14.3602355371
1645577729.84 15.1215098074
1645577732.24 15.8774925577
1645577736.18 16.0320829785
1645577738.89 16.6358612352
1645577741.89 16.9966200491
1645577744.93 21.1897495451
1645577747.89 22.3726818437
1645577751.28 23.1194160508
1645577754.6 21.8057126251
1645577759.5 19.0946317873
1645577765.73 15.9909632807
1645577770.92 14.1026012513
1645577775.73 13.2515340426
1645577780.36 12.4680310668
1645577784.78 12.3765108062
1645577789.89 13.1343408097
1645577794.26 13.4729664948
1645577798.44 12.7858933124
1645577802.09 12.3167818646
1645577802.28 11.9342423927
1645577802.41 12.3936163376
1645577802.48 15.0734340033
1645577803.41 10.8354334757
1645577803.52 13.3199439036
1645577803.66 17.4907953696
1645577803.76 23.0500358369
1645577811.49 15.9471897136
1645577813.13 26.0148676061
1645577815.01 16.8942943373
1645577815.17 16.9005818022
1645584086.08 1.93733333333
1645584086.94 2.22561857743
1645584088.01 2.03357213047
1645584088.77 2.19148252621
1645584091.28 2.07279161448
1645584094.06 2.02753629411
1645584097.14 1.90883582066
1645584099.18 1.98267204135
1645584101.05 1.8729988713
1645584102.21 2.05583017153
1645584103.41 2.12415401208
1645584105.13 2.07931599072
1645584106.09 2.19823900547
1645584107.4 2.2258751864
1645584109.07 2.00222220393
1645584110.02 2.07816701103
1645584129.37 1.94422775801
1645584131.37 1.87033924403
1645584132.81 2.00042309807
1645584135.01 1.82680325626
1645584137.34 1.84737826644
1645584139.72 1.87159524762
1645584141.66 1.95190987088
1645584143.67 2.00082806591
1645584146.07 2.04250623187
1645584146.79 2.19262043452
1645584147.37 2.32560413779
1645584148.92 2.24680154853
1645584150.35 2.0735203976
1645584151.74 2.20236454899
1645584154.68 1.65482536395
1645584158.19 1.12730234537
1645584161.25 1.0025988192
1645584164.27 0.906279225243
1645584167.66 0.573169118826
1645584168.46 0.881112033655
1645584170.45 0.652878166012
1645584171.11 1.01953421145
1645584171.87 1.23341966472
1645584172.89 1.56669141693
1645584173.68 1.1916839907
1645584174.46 1.99676291855
1645584175.72 2.49924474519
1645584177.05 2.62583656249
1645584178.02 4.43577794431
1645584178.59 5.45087030265
1645584179.08 7.17772640537
1645584179.95 7.6896938836
1645584181.33 8.89913725975
1645584182.45 9.85497819906
1645584183.4 11.9190468713
1645584184.5 14.6305208093
1645584186.8 15.8839270519
1645584190.3 14.953923261
1645584194.04 12.9554591193
1645584197.15 11.4315920608
1645584199.2 11.3129719322
1645584201.1 11.7556133417
1645584202.85 13.2552747917
1645584204.7 16.065087326
1645584206.21 19.7846249243
1645584208.25 20.0701238295
1645584210.26 19.9230309854
1645584212.28 18.896572716
1645584214.12 18.9703616834
1645584215.58 19.1238693259
1645584217.17 20.2822046484
1645584218.77 22.1277489623
1645584221.94 18.5582633611
1645584223.85 18.5570779054
1645584225.49 18.3403709761
1645584227.17 17.8105503595
1645584229.14 17.2940726989
1645584231.02 21.2826337683
1645584233.04 20.2520535795
1645584235.0 18.8837788933
1645584235.2 16.438209942
1645584235.34 16.8145077738
1645584235.4 19.6823031416
1645584236.26 12.5421467503
1645584236.47 14.6130847607
1645584236.67 17.8066941843
1645584236.87 24.4594335948
1645584239.25 17.8626269396
1645584241.04 18.9425440178
1645584244.84 17.0773515775
1645584246.45 13.3326471639
1645584247.71 11.2171013942
1645584248.82 11.263503374
1645584250.45 12.2825524003
1645584251.88 13.4918868878
1645584253.12 13.9666632188
1645584254.36 13.9927785858
1645584255.77 13.9336670683
1645584257.18 13.5259150486
1645584259.5 13.6815154584
1645584262.43 13.4144281861
1645584265.23 13.1523996139
1645584267.6 13.5611656983
1645584270.24 13.7121477103
1645584272.93 13.0853041029
1645584276.16 12.7459335825
1645584279.15 12.34354465
1645584282.35 11.5472302514
1645584285.38 11.0571876209
1645584288.87 10.5541409004
1645584292.39 10.223197249
1645584295.54 9.8660057289
1645584298.81 9.73693739226
1645584300.86 10.5163325823
1645584302.76 11.6524268356
1645584304.76 13.2278085912
1645584306.52 15.6809787439
1645584309.39 16.5282984492
1645584311.1 17.0956073971
1645584312.54 18.0691597184
1645584314.26 18.7711132782
1645584315.91 19.224760726
1645584319.4 17.1292806306
1645584321.21 16.9982214489
1645584322.76 12.0376378157
1645584325.77 14.6774037221
1645584328.98 12.9798352456
1645584330.78 15.4802563839
1645584332.92 15.1351154838
1645584334.72 14.9340969365
1645584336.33 17.0405133462
1645584338.07 20.2128117542
1645584343.9 21.7188856256
1645584350.92 22.0141388923
1645584356.79 22.6837497297
1645584373.9 6.34241750035
1645584392.26 3.9266674089
1645584413.45 2.58731319737
1645584416.18 2.45178093791
1645584417.49 2.36169085227
1645584419.12 3.1527962298
1645584421.17 4.47426472764
1645584422.8 10.5739369024
1645584422.93 15.6726455101
1645584423.61 6.45878190505
1645584423.81 7.61944611068
1645584423.99 8.6758089094
1645584424.18 9.63419992819
1645584427.02 8.8450468584
1645584428.77 24.2837684246
1645585307.8 1.25304587156
1645585308.46 1.73210488064
1645585309.47 1.61971111721
1645585310.06 1.81116117632
1645585312.71 1.77726906349
1645585315.48 1.94822581579
1645585318.56 1.82664988808
1645585321.03 2.00474385008
1645585324.47 1.31448692478
1645585325.84 1.27618580348
1645585327.58 1.31922297398
1645585329.24 1.36548714249
1645585333.95 0.964441709701
1645585335.52 1.17004315479
1645585338.89 1.03879331722
1645585340.43 0.981593484194
1645585342.96 0.925657335085
1645585345.44 1.07222250427
1645585348.38 0.82748531309
1645585349.29 1.34954492146
1645585351.87 1.28630562261
1645585352.61 1.46481475005
1645585353.65 1.98059335463
1645585354.68 1.44596448335
1645585355.47 1.64492161691
1645585355.86 2.54933437644
1645585356.93 2.74928772459
1645585358.12 4.58676505031
1645585359.16 5.76797642088
1645585359.66 7.68748968808
1645585360.55 7.88051828433
1645585361.86 8.62805809665
1645585363.01 9.96948921407
1645585363.98 11.8011724319
1645585364.95 14.603908816
1645585367.59 15.8537254752
1645585370.43 14.9414971184
1645585374.38 13.043961477
1645585377.81 11.5260489743
1645585379.68 11.3931004332
1645585381.78 11.8432666024
1645585383.45 13.3371266819
1645585385.18 16.1919857305
1645585386.99 19.8571826759
1645585390.69 15.6674141419
1645585392.99 15.5235109034
1645585394.67 15.5994187479
1645585396.17 15.7279444821
1645585397.79 16.1101113946
1645585399.41 21.1338551868
1645585401.02 22.8743873356
1645585402.81 23.2480641186
1645585404.36 22.8342586073
1645585406.19 22.0627271763
1645585407.83 22.4410413579
1645585409.45 22.0508291982
1645585411.55 21.4355095988
1645585413.67 20.4049896174
1645585418.79 13.6714865162
1645585421.54 8.60587858647
1645585421.74 7.37066314143
1645585421.88 7.48859837826
1645585421.93 8.33164701683
1645585422.68 8.599480656
1645585423.15 9.9587251273
1645585423.58 10.1385275188
1645585424.09 9.94649167099
1645585426.93 8.31190173801
1645585428.26 10.784362991
1645585429.68 11.0378007771
1645585429.87 13.5968909494
1645585431.01 15.8061375987
1645585432.98 17.4396086197
1645585434.65 17.6477649515
1645585436.19 17.5657555984
1645585437.52 13.8434608302
1645585438.79 13.4884887658
1645585439.94 13.8330055161
1645585441.29 13.6736257905
1645585444.0 13.673049009
1645585446.86 13.6948146201
1645585449.29 13.9413197663
1645585452.03 13.2218444532
1645585454.97 12.8695519725
1645651889.65 1.93733333333
1645651891.42 1.93801860927
1645651892.87 2.04440471675
1645651894.65 1.93785867825
1645651897.07 1.90190691499
1645651898.74 1.97709783051
1645651901.03 1.96176946687
1645651903.5 1.93996697183
1645651905.96 2.08917621206
1645651907.8 2.04618134734
1645651908.58 1.96858082377
1645651909.07 2.12402308695
1645651909.58 2.23366564445
1645651910.83 2.20153809398
1645651912.58 2.19380067428
1645651914.0 2.23683377498
1645651921.48 1.55276652012
1645651925.1 1.20374081575
1645651929.77 0.661983749584
1645651930.39 0.6960917764
1645651932.42 0.576922291009
1645651933.33 0.642785659485
1645651933.76 1.10991210333
1645651934.58 1.62379591892
1645651935.65 1.16324986035
1645651936.43 1.88940245595
1645651937.41 2.36472147514
1645651938.2 2.55834365854
1645651939.22 2.72658542872
1645651940.01 4.6444723038
1645651940.87 5.80720783743
1645651941.65 7.57980128912
1645651942.57 7.85755668702
1645651943.34 9.27500005485
1645651944.09 10.1514567211
1645651944.75 12.0209539396
1645651945.4 14.2456664815
1645651946.04 16.2480141617
1645651946.73 17.6772893554
1645651947.38 18.7450598916
1645651948.21 17.8411395996
1645651949.29 15.3245525893
1645651950.3 13.7464072864
1645651951.56 12.167265557
1645651952.69 10.9385307714
1645651953.91 10.1045178758
1645651955.2 9.77247944642
1645651956.45 9.23192015907
1645651958.06 8.59776201363
1645651959.03 10.2855630725
1645651959.8 11.4599193069
1645651960.57 13.3467270809
1645651961.33 15.8538331715
1645651962.14 21.8104940104
1645651962.96 17.6995501597
1645651963.68 18.1219942671
1645651964.43 18.6915558753
1645651966.79 12.0676271903
1645651967.49 12.2129797158
1645651968.13 12.6447623544
1645651968.27 13.1179149379
1645651968.46 13.1893837945
1645651968.53 14.7659836065
1645651969.21 11.507430152
1645651969.59 11.2683684968
1645651969.94 11.0329299296
1645651970.27 10.5993384458
1645651971.24 9.54654847605
1645651972.36 17.7919439542
1645651973.56 17.7079924825
1645651974.72 17.4646693582
1645651975.62 17.8805023608
1645651976.39 18.6454281685
1645651977.03 19.7088966406
1645651977.66 21.1492853133
1645651978.23 22.6998598576
1645651978.81 23.801091483
1645651979.36 25.0013142145
1645651979.94 25.8811347417
1645651980.52 26.5273725619
1645651981.08 26.8347754342
1645651981.66 26.2940139059
1645651982.25 25.6963661488
1645651982.83 25.1638462868
1645651983.36 24.6537366842
1645651983.96 24.0837545405
1645651984.53 23.584011461
1645651985.13 22.975948095
1645651985.74 22.3811687066
1645651986.34 21.8732627407
1645651986.98 21.591288623
1645651987.56 21.5377925549
1645651988.13 21.81212783
1645651988.74 21.8801908796
1645651989.34 21.8748838474
1645651989.96 21.8814994071
1645651990.53 21.8725181714
1645651991.08 21.8934525991
1645651991.68 21.9105007101
1645651993.26 21.923943911
1645651999.43 21.2616278357
1645652005.31 16.0910499034
1645652009.88 11.8388547805
1645652014.74 11.0623580461
1645652019.07 10.4923085597
1645652023.49 9.97756837797
1645652028.08 10.7882759522
1645652032.39 13.3820630044
1645652037.44 12.9783032707
1645652041.54 11.1980064526
1645652046.1 10.7540944028
1645652050.29 10.4117061216
1645652055.42 9.70992922284
1645652059.04 6.30327059974
1645652063.0 8.95809187369
1645652067.26 9.60691668977
1645652071.55 10.5227367738
1645652075.81 11.7604895466
1645652080.03 14.7971074535
1645652083.86 18.7162910114
1645652088.11 19.4117094104
1645652092.56 15.2098252517
1645652096.78 15.1086005197
1645652096.91 17.7041690289
1645652097.6 6.84068570227
1645652097.82 7.34867988914
1645652098.01 7.89043308226
1645652098.21 9.75550350737
1645652099.15 9.67303711488
1645652100.0 47.8522532424
1645652101.04 35.9192805567
1645652102.07 28.5880733582
1645652103.0 23.5609528462
1645652103.8 25.5362761994
1645652104.45 25.6046693997
1645652105.02 25.684881159
1645652105.56 25.7851318123
1645652106.15 26.0206034593
1645652106.73 26.179007317
1645652107.33 26.1267616678
1645652107.92 26.1142277004
1645652108.45 26.238315383
1645652108.99 26.5439423283
1645652109.52 26.9519795556
1645652110.04 27.5615402624
1645652110.51 27.9604099603
1645652110.99 28.4974525097
1645652111.44 29.1623936249
1645652111.91 30.1567453344
1645652112.37 30.9775857476
1645652112.91 31.4596594145
1645652113.38 31.7715226076
1645652114.01 28.6810620021
1645652114.47 28.6663660781
1645652114.92 29.0847306214
1645652115.36 29.7260000292
1645652115.88 30.2250684237
1645652116.32 34.499345092
1645652116.78 34.2140798553
1645652117.26 33.3684815434
1645652123.22 6.95238529251
1645652132.89 4.05915055844
1645652138.0 2.84667263212
1645652141.59 2.28424467041
1645652145.19 1.92456473417
1645652148.55 2.05823116714
1645652153.61 1.93192687211
1645652162.38 1.55270127283
1645652170.87 1.26226515268
1645652173.41 1.3024873223
1645652175.64 1.35464141486
1645652176.79 1.59938835497
1645652181.04 2.41121608001
1645652185.27 5.31084034366
1645669398.2 1.32282808717
1645669399.62 1.37471810953
1645669400.74 1.4615637326
1645669401.46 1.66575634674
1645669403.5 1.74138203841
1645669406.25 1.87139967289
1645669409.33 1.99221979487
1645669411.82 1.97630671339
1645669412.89 1.91429802547
1645669413.87 1.88495149502
1645669414.46 2.04492519162
1645669416.03 2.0524206258
1645669417.0 2.3063186283
1645669418.44 2.20492413951
1645669419.98 2.17538120658
1645669421.09 2.17451276602
1645669425.38 2.12314116788
1645669428.41 1.62029508826
1645669432.44 1.376533192
1645669435.51 1.20120722263
1645669438.56 1.02305037213
1645669441.16 0.767641914308
1645669441.81 1.23896732853
1645669444.63 1.23853150304
1645669445.4 1.56327614318
1645669446.18 2.02267609928
1645669447.22 1.44414268417
1645669448.02 1.51420032653
1645669448.56 2.19259231556
1645669449.54 2.36127010581
1645669450.84 3.78321572611
1645669451.88 4.56432864617
1645669452.91 5.76290234419
1645669453.34 8.08958959312
1645669456.17 8.74370233775
1645669458.23 10.7297863504
1645669461.05 11.8404989949
1645669464.79 12.513545835
1645669469.35 11.7564899103
1645669471.54 11.9769678747
1645669473.8 11.8532105834
1645669476.15 12.3645953443
1645669477.95 14.2513079306
1645669479.88 18.3742684729
1645669483.43 18.8735591612
1645669487.23 19.0023318394
1645669490.15 20.5902060227
1645669492.63 21.2135114799
1645669495.73 21.5708118988
1645669498.59 22.4090995834
1645669501.75 23.2833997194
1645669505.11 22.5963075897
1645669508.89 20.3254132005
1645669514.55 12.4916669407
1645669520.54 14.6022728586
1645669524.64 13.6828019746
1645669529.67 12.7892684405
1645669533.57 12.5753458425
1645669537.28 12.7070394947
1645669540.26 13.7023423676
1645669540.43 13.9717939435
1645669540.61 13.871451046
1645669540.66 17.370254709
1645669541.4 12.1047595911
1645669541.5 14.8643049779
1645669541.6 18.9610976008
1645669541.69 24.8366669532
1645669547.83 17.8557189529
1645669553.59 28.1070296067
1645669560.59 18.3521953627
1645669562.47 13.491151718
1645669563.84 11.1561615756
1645669563.95 13.4977104677
1645669570.66 9.18117231956
1645669571.98 11.8048068683
1645669574.73 13.2195943125
1645669577.72 14.0686317981
1645669580.29 12.3857497946
1645669582.47 14.8712958866
1645669584.56 20.0409391843
1645669588.53 21.0408738899
1645669592.69 21.9612834831
1645669597.02 15.9124878441
1645669603.81 18.7988579656
1645669609.18 17.9215821751
1645669612.84 18.0994403572
1645669616.31 18.5955948058
1645669619.74 19.2659676894
1645669622.81 23.90454691
1645669625.88 27.16044141
1645669628.6 28.8132470961
1645669695.38 546.328
1645669695.49 486.984245386
1645669695.59 349.176091135
1645669695.68 357.643118212
1645669696.76 374.851446675
1645669697.62 361.269993079
1645669698.28 369.442559044
1645669698.95 452.331201479
1645669699.62 480.155309731
1645669700.36 482.786285097
1645669700.99 500.8326264
1645669701.72 496.596680815
1645669702.26 487.275024818
1645669702.83 477.776019311
1645669703.54 480.664167682
1645669704.09 468.295567128
1645669704.66 462.809492372
1645669705.22 477.811040513
1645669705.81 491.578264536
1645669706.41 491.323970468
1645669706.97 495.028916785
1645669707.63 498.865865843
1645669708.43 498.392704267
1645669709.03 488.787564101
1645669709.65 488.066054767
1645669710.25 495.105778303
1645669711.53 281.328162872
1645669718.53 47.8270887343
1645669728.75 20.7659412787
1645669734.56 12.0372207656
1645669736.07 8.34457387561
1645669737.58 6.50052433325
1645669738.27 3.93620683408
1645669739.88 3.68482245545
1645669741.44 3.63270750938
1645669742.99 3.56634630785
1645669744.73 4.83267307961
1645669745.5 3.37067684045
1645669747.2 3.34557823385
1645669749.08 4.55963743592
1645669749.77 4.50074197434
1645669750.59 4.30498214439
1645669751.37 4.33853795492
1645669753.06 4.32484166116
1645669755.01 4.28091624492
1645669756.89 4.2029008848
1645669758.94 4.24056711975
1645669759.81 4.12996539084
1645669761.76 4.02003753075
1645669764.03 3.91613572838
1645669764.67 4.07861834303
1645669766.93 4.00619974519
1645669767.84 3.99772238025
1645669769.94 4.00869096273
1645669772.42 3.95514384041
1645669774.92 3.76082620295
1645669775.09 3.70265900068
1645669836.73 273.164
1645669836.84 227.714058362
1645669836.94 206.199103144
1645669837.04 216.942502483
1645669838.12 239.605686016
1645669839.04 258.586444278
1645669840.06 273.636290425
1645669840.94 341.276426023
1645669841.65 384.48271845
1645669842.35 393.43975694
1645669843.1 395.715299955
1645669843.74 472.512447275
1645669844.32 480.395350381
1645669844.95 502.320942813
1645669845.51 520.974151252
1645669846.31 523.624731183
1645669846.97 517.430916139
1645669847.82 511.278683728
1645669848.47 501.594434702
1645669849.12 491.735512738
1645669849.75 480.174674602
1645669850.44 491.396735744
1645669851.09 500.938172393
1645669851.71 500.797210617
1645669852.44 484.850499388
1645669853.18 495.107252058
1645669853.79 487.997015863
1645669854.35 492.818699068
1645669854.91 492.548122326
1645669855.58 515.475781153
1645669856.15 514.521549899
1645669856.71 520.456708836
1645669857.32 508.716090832
1645669857.88 519.625590215
1645669858.45 517.620781538
1645669868.47 532.216990671
1645669878.61 519.327438066
1645669891.32 510.719967471
1645670029.31 182.109333333
1645670029.45 178.851303298
1645670029.53 208.538067677
1645670029.63 244.942356481
1645670030.75 271.373142864
1645670031.65 309.278560814
1645670032.49 394.26877551
1645670033.15 440.342542524
1645670033.98 422.339050282
1645670034.65 418.837287704
1645670035.31 456.902708094
1645670035.98 457.93662419
1645670036.58 446.983585215
1645670037.2 466.268204365
1645670037.83 479.707423567
1645670038.43 493.156174764
1645670039.05 511.479786811
1645670039.67 529.01927919
1645670040.27 534.837634941
1645670040.92 532.922896754
1645670041.49 541.566624856
1645670042.09 542.947198725
1645670042.71 540.902268094
1645670043.28 537.993123818
1645670043.86 540.482306262
1645670044.45 540.214477292
1645670045.04 531.449696261
1645670045.75 525.782493118
1645670046.33 524.167484387
1645670047.04 516.862598802
1645670047.63 510.491889369
1645670048.19 507.335406021
1645670048.79 507.915441391
1645670049.33 509.901073317
1645670049.89 511.741587291
1645670061.06 500.158970041
1645670071.58 502.070434575
1645670081.8 346.282044226
1645670083.84 465.761258956
1645670085.88 451.938669212
1645670111.96 450.923398852
1645670114.02 444.738106153
1645670136.7 448.579529506
1645670148.79 444.55215952
1645670159.28 459.010688959
1645670169.83 467.738503061
1645670181.34 467.043643182
1645670191.85 463.550104394
1645670201.94 487.234755358
1645670213.94 475.280197827
1645670222.54 463.727010968
1645670233.22 445.474522188
1645670243.74 439.449544639
1645670255.78 419.324431086
1645670265.32 406.221153301
1645670275.88 402.87372589
1645670284.94 402.054179668
1645670294.9 406.524845898
1645670304.29 393.089089767
1645670313.65 383.396610676
1645670313.69 268.609085317
1645670314.04 270.503282657
1645670314.14 284.352482398
1645670314.23 280.187075209
1645670314.33 240.267477322
1645670315.65 251.570083223
1645670316.37 355.290647162
1645670317.02 349.63676568
1645670317.9 363.525648838
1645670318.71 505.847223688
1645670319.37 506.926148819
1645670320.12 513.237201679
1645670320.88 516.204114328
1645670321.51 516.496328586
1645670322.27 516.382084822
1645670322.88 518.897297478
1645670323.5 510.45507133
1645670324.14 505.170848836
1645670324.94 503.231396422
1645670325.72 504.591224672
1645670326.36 499.750664089
1645670326.96 499.707432348
1645670327.58 503.486168243
1645670328.21 500.940961928
1645670328.82 496.910136766
