1643172552.43 2185.312
1643172552.65 10396.6698113
1643172552.81 20201.5090909
1643172552.97 20507.3076923
1643172553.31 17663.4843049
1643172554.41 17462.761427
1643172555.73 13649.7026316
1643172556.91 15725.5674603
1643172557.92 17040.2795824
1643172560.18 5873.64611006
1643172562.08 4145.40560352
1643172563.2 8043.98892246
1643172563.71 15782.7651515
1643172564.2 17514.704607
1643172564.65 21455.8390093
1643172565.11 21551.9099099
1643172565.54 22832.652459
1643172570.23 20526.2750784
1643172574.5 20617.0977267
1643172578.3 23805.4379496
1643172582.18 21345.1436432
1643172586.57 20560.9127004
1643172591.53 24229.678288
1643172594.24 33236.7585594
1643172595.7 72851.1621881
1643172597.12 89565.52237
1643172598.69 64915.4679543
1643172601.89 19678.6743477
1643172604.2 37773.4684783
1643172608.62 18047.7496902
1643172612.34 22115.7517134
1643172615.73 22500.3978933
1643172619.67 20234.752265
1643172622.51 27441.0595289
1643172625.32 27157.3974948
1643172628.63 24311.7412329
1643172631.81 21875.0657328
1643172635.02 24041.2108367
1643172638.0 23506.2213303
1643172640.46 27177.2220123
1643172643.64 23115.3305726
1643172646.24 25877.057233
1643172649.53 21253.021831
1643172652.28 26203.1721453
1643172656.21 15677.4949324
1643172660.07 18452.618606
1643172663.1 21362.2784858
1643172666.02 21598.2819107
1643172669.76 19352.699422
1643172670.34 15877.4678492
1643172674.26 17044.5230769
1643172678.48 15621.3996815
1643172678.81 37481.6615385
1643172679.11 46140.25
1643172683.31 112081.5
1643172693.52 114666.58209
1643172702.91 12856.1358936
1643172714.77 35723.7909284
1643172724.39 21127.327957
1643172734.38 28982.3266129
1643172734.89 1902.70481928
1643172735.35 53386.0
1643172735.56 18143.7340426
1643172735.68 82149.7894737
1643172735.8 90753.1764706
1643172736.19 60833.91
1643172736.63 56549.0866426
1643172739.41 50450.410119
1643172741.05 83951.9412916
1643172743.31 49488.1132835
1643172745.6 45541.0704148
1643172748.05 42109.8447746
1643172750.35 43309.2839978
