1642939405.88 1.31963285024
1642939406.56 1.17705279476
1642939406.96 1.28189295958
1642939407.34 1.51391416758
1642939408.63 1.61141652401
1642939409.31 2.41503300114
1642939409.95 3.45821867108
1642939411.98 3.87156820733
1642939413.69 4.33724283743
1642939414.93 6.12491133199
1642939415.24 6.94021556554
1642939415.85 8.76964072394
1642939420.41 9.27293965784
1642939424.61 9.77280600819
1642939428.15 9.9346925971
1642939431.28 9.78742601491
1642939434.74 11.8051066758
1642939439.92 8.08595277441
1642939443.23 8.11907212698
1642939444.29 7.38256866918
1642939445.8 5.01668350767
1642939446.31 4.50955358217
1642939447.25 4.62633122958
1642939447.71 4.3593831442
1642939448.88 4.28092343556
1642939449.96 6.48305589424
1642939452.61 6.45305638075
1642939455.06 6.97267331303
1642939457.0 7.84480392128
1642939458.03 8.74608847666
1642939459.15 12.8031048763
1642939465.41 11.0417280561
1642939469.54 11.7483980749
1642939473.23 11.8776429804
1642939477.15 10.5795541732
1642939478.65 10.9239272012
1642939479.91 16.7421163809
1642939481.59 20.0096571625
1642939483.72 24.4088989752
1642939485.63 31.3954017783
1642939487.71 28.4611404709
1642939489.64 30.0548264052
1642939491.97 30.2024681611
1642939494.18 29.1630919022
1642939496.16 28.1330130298
1642939498.31 28.5530235507
1642939500.21 28.4807471037
1642939502.08 33.4549887357
1642939505.78 17.2916046442
1642939508.72 15.3778910316
1642939511.75 14.3703009099
1642939514.18 13.7777778912
1642939516.54 13.0808551672
1642939519.51 17.3420710814
1642939523.64 13.7989363603
1642939526.43 13.5951150436
1642939529.98 12.7228298514
1642939534.67 9.74405206188
1642939535.61 10.6982798021
1642939536.42 13.5977892933
1642939536.56 16.237213472
1642939536.67 16.4689292422
1642939536.74 21.9883813766
1642939537.43 3.43562887544
1642939537.64 3.45749823375
1642939537.83 3.47440768796
1642939538.03 3.44175369469
1642939538.58 3.16960514307
1642939538.7 47.1726237899
1642939541.24 44.2567845875
1642939543.19 42.2755237916
1642939545.25 38.8314110587
1642939547.07 43.9580964129
1642939549.3 38.266643792
1642939551.67 35.7235018647
1642939553.7 33.3500134917
1642939556.82 25.8384574419
1642939562.22 10.9426423409
1642939566.99 8.95047457788
1642939570.05 8.53185077817
1642939575.68 6.95197713045
1642939577.74 6.58577612593
1642939579.87 11.6064698372
1642939583.36 10.3613546825
1642939585.61 9.5860149781
1642939587.38 10.6014570183
1642939592.97 9.81778731506
1642939599.9 8.8250465396
