1642922573.07 2.13409375
1642922573.56 3.11445650078
1642922574.01 3.67741563628
1642922574.46 4.03979993484
1642922576.68 4.34779001391
1642922577.41 6.26715571092
1642922580.01 6.46240346192
1642922582.32 6.84835292641
1642922582.68 7.62750256741
1642922583.4 8.12295714512
1642922584.79 8.12000388731
1642922585.35 8.24245834732
1642922586.27 8.46030411577
1642922591.59 8.46683076879
1642922596.01 8.86290415498
1642922600.1 9.27467603095
1642922600.84 10.4941333111
1642922604.37 11.3900182074
1642922607.08 12.4473555365
1642922609.96 13.260313876
1642922613.15 13.7430450531
1642922616.06 14.0391571063
1642922618.81 14.5977667323
1642922621.64 14.1815744717
1642922624.59 14.1928724838
1642922627.37 14.5343782774
1642922633.34 14.4789352857
1642922639.3 14.0868656105
1642922645.96 13.4908615903
1642922652.99 12.780200013
1642922659.25 12.4472785548
1642922665.82 11.9397578743
1642922670.45 12.4335534649
1642922671.93 15.2252261426
1642922673.59 19.4318820023
1642922675.21 25.8792652266
1642922676.77 41.893873237
1642922678.11 64.9526728918
1642922679.55 63.0708546339
1642922681.66 56.8414416129
1642922683.21 58.1138110111
1642922684.56 58.3072029839
1642922686.26 56.0061543248
1642922687.57 58.4387201945
1642922689.1 63.0506951346
1642922690.5 63.8172370724
1642922695.98 32.6446638007
1642922698.24 29.8352765796
1642922700.18 28.6017119484
1642922701.68 28.867586868
1642922703.2 28.5939648147
1642922704.65 49.3362459527
1642922706.21 55.9216242094
1642922707.87 80.1084760769
1642922709.14 61.7577233046
1642922710.4 62.4822946637
1642922712.4 57.203081751
1642922713.58 61.8791958057
1642922714.62 66.0154719198
1642922715.38 66.0171052277
1642922715.51 67.4183242831
1642922715.62 65.9568669394
1642922715.67 89.2442685708
1642922716.39 23.5778338966
1642922716.49 24.5254578064
1642922716.58 25.7813297234
1642922716.67 27.5367213294
1642922719.47 24.9313269308
1642922721.52 110.088805516
1642922723.32 91.597746337
1642922725.2 77.4276724359
1642922727.36 63.8322862979
1642922729.58 66.8313970467
1642922731.72 63.0151020892
1642922733.91 58.6102271427
1642922736.07 54.2537282067
1642922738.38 52.2526784857
1642922740.42 52.143218185
1642922742.39 52.3405346841
1642922744.52 53.3254366386
1642922746.53 54.5362287774
1642922748.8 52.679918669
1642922751.11 51.3457407801
1642922753.39 49.0438026958
1642922755.71 47.2354002419
1642922757.85 45.6350176183
1642922759.99 45.8744705347
1642922762.08 45.8599921877
1642922764.7 44.9384893906
1642922767.17 43.1529952162
1642922769.6 41.9832158688
1642922771.61 41.9739738204
