1642919060.48 3.08410967742
1642919060.76 5.50556934671
1642919060.95 8.08520352017
1642919061.15 10.4922517801
1642919063.57 9.01429032682
1642919064.94 43.2643834007
1642919067.4 60.9723212282
1642919069.85 55.3797900434
1642919072.3 52.8118514023
1642919075.24 49.0932325323
1642919078.48 42.2033290746
1642919081.22 39.997996167
1642919083.75 37.8783934573
1642919086.31 36.2732129832
1642919088.71 38.0713529045
1642919090.97 41.4556644359
1642919093.09 45.1461260541
1642919094.88 49.9957734634
1642919096.77 55.6944784474
1642919098.68 59.2695210007
1642919100.85 58.364228843
1642919103.24 56.7369433963
1642919105.66 51.5158320833
1642919108.0 46.8401892404
1642919110.86 41.4454810071
1642919113.49 39.3873551344
1642919116.22 37.2322796485
1642919118.69 36.4396631696
1642919121.12 36.0105942794
1642919123.29 37.9079294084
1642919125.19 40.3775038814
1642919126.78 43.8671821619
1642919128.46 48.9073244428
1642919129.75 55.384909412
1642919131.29 60.845500512
1642919132.88 64.7062924062
1642919134.2 67.9534070656
1642919135.98 64.3340162017
1642919137.75 58.5046894137
1642919139.44 54.9415164544
1642919143.47 50.1458549598
1642919153.81 45.6728097309
1642919165.41 43.514742986
1642919176.03 59.0422873762
1642919187.12 37.2626234291
1642919197.78 36.8736724969
1642919209.19 36.7730757659
1642919219.55 37.022677373
1642919229.67 37.1821117124
1642919241.57 40.5968016947
1642919251.63 40.6771226486
