1642919920.8 2.185312
1642919921.09 3.90878766897
1642919921.28 5.71993860091
1642919921.47 7.46062354772
1642919922.06 8.92883282376
1642919922.68 39.9851782287
1642919925.19 57.3768136302
1642919927.29 55.9504289578
1642919930.19 48.9886162463
1642919932.67 49.1248572831
1642919935.28 47.6712162644
1642919938.01 42.8481470216
1642919941.27 36.8692720261
1642919952.06 20.9935816026
1642919963.14 14.259061344
1642919984.23 8.37979671291
1642919993.7 6.27668719406
1642920000.49 5.44656731954
1642920004.77 5.58708859257
1642920008.0 5.98709251014
1642920011.18 7.80444423657
1642920012.17 11.6226928475
1642920015.95 13.6541395983
1642920018.28 17.8808512472
1642920019.84 23.1409993189
1642920021.55 32.1422684601
1642920023.77 31.2130209221
1642920026.19 53.588804787
1642920028.3 50.3174500338
1642920030.67 45.4999456638
1642920032.95 43.0981445707
1642920035.13 42.8233601915
1642920037.31 43.6791647224
1642920039.66 41.9865811147
1642920042.29 39.7901056833
1642920044.98 26.498273636
1642920047.72 33.4859796565
1642920051.12 29.0101088984
1642920054.2 26.755291659
1642920057.2 25.2641784686
1642920060.14 24.8427606237
1642920062.4 25.6761123906
1642920064.75 27.546183428
1642920067.16 29.4341268285
1642920069.44 30.7935190735
1642920072.04 31.2912674752
1642920074.37 30.9274120974
1642920076.65 30.9123840558
1642920079.3 30.9890238206
1642920081.27 31.9294043927
1642920083.75 32.7506225696
1642920085.77 34.3243999554
1642920087.5 36.7462979126
1642920094.32 39.6612624899
1642920105.44 39.2348842689
1642920115.97 39.7202972395
