1643161219.44 2142.4627451
1643161219.72 6802.75925926
1643161219.97 7168.27741935
1643161220.22 7156.91275168
1643161221.03 5716.91872279
1643161224.35 3706.07509582
1643161227.44 5338.13413379
1643161228.77 13700.4079516
1643161230.41 9958.45491525
1643161231.44 14231.7770115
1643161232.09 19998.935167
1643161232.68 17326.856833
1643161233.17 17123.2191781
1643161233.62 20009.0588235
1643161234.1 19971.8616715
1643161234.56 21233.0946746
1643161235.02 21493.7006173
1643161238.89 28213.4940754
1643161242.16 30617.6301901
1643161245.21 33650.3987288
1643161247.78 35520.3763855
1643161250.72 32287.7002398
1643161253.62 32228.6475716
1643161256.71 27954.1772625
1643161259.63 30559.9480676
1643161262.98 27261.9385351
1643161266.62 23713.508018
1643161271.99 16853.018544
1643161280.11 9217.92864721
1643161281.65 5105.74448669
1643161283.77 3528.7586727
1643161287.26 2839.95419757
1643161287.64 26524.3141762
1643161287.99 31626.4657534
1643161288.13 70251.75
1643161288.27 97096.7777778
1643161288.41 109488.043478
1643161290.14 50056.6423638
1643161291.57 69482.7966102
1643161292.91 63154.9714599
1643161294.93 43608.2017663
1643161296.57 45142.4449686
1643161298.46 43865.2485465
1643161300.46 26498.8776135
1643161302.6 34609.3610938
1643161304.67 36265.1992945
1643161306.53 37130.0058632
1643161308.44 38095.3121547
1643161310.59 35898.6021445
1643161312.59 37430.2299652
1643161314.65 41033.1111111
1643161316.53 40904.4016678
1643161325.51 34489.6384217
1643161335.4 43732.9804059
1643161345.74 15585.6816327
1643161355.47 16577.7548379
1643161363.68 20297.1548131
1643161373.83 22746.5112816
1643161383.75 21624.0685343
1643161387.77 9892.12358932
1643161387.89 17445.3529412
1643161388.38 28472.5333333
1643161388.56 26648.609375
1643161388.72 27383.2631579
1643161388.88 28570.4444444
1643161389.56 25777.0805085
1643161390.38 24982.6108453
1643161394.6 28186.4612571
1643161398.68 24284.994056
1643161403.53 20364.3703265
1643161407.37 25274.5352923
1643161411.23 24676.7988592
1643161414.86 26197.3237529
1643161418.13 27138.4636791
1643766122.34 2142.4627451
1643766122.61 6887.79375
1643766122.87 7214.82467532
1643766123.12 6879.87096774
1643766123.94 5725.22819767
1643766127.15 3717.15638348
1643766130.31 5193.81208278
1643766131.64 13700.4079516
1643766133.27 9965.2109905
1643766134.29 14150.4525714
1643766134.94 19998.935167
1643766135.53 17402.3551198
1643766136.02 17217.5619835
1643766136.46 19947.3024691
1643766136.94 20087.6405797
1643766137.4 21170.460177
1643766137.85 21427.5661538
1643766141.55 28042.3201285
1643766144.64 30428.7053606
1643766147.5 33269.7700042
1643766150.06 35130.9728313
1643766153.03 32798.954933
1643766155.88 32255.4266722
1643766159.04 27290.788609
1643766161.98 30845.5550589
1643766166.15 26062.8736805
1643766170.59 18484.6795
1643766174.38 23090.9614178
1643766181.86 9837.67615004
1643766183.46 4847.69241877
1643766184.69 6398.08659982
1643766186.9 3270.30320421
1643766190.2 2182.48612863
1643766190.57 27704.784
1643766190.76 31223.0
1643766190.91 72822.5833333
1643766191.05 71949.2857143
1643766191.18 120681.136364
1643766192.88 46549.7918244
1643766194.28 60245.2136126
1643766195.55 73445.3924485
1643766196.63 81103.3757062
1643766197.84 72113.0011947
1643766198.98 78473.7487047
1643766200.32 57527.3367769
1643766202.1 45125.899049
1643766203.67 34268.0128668
1643766205.16 50010.8902992
1643766207.29 38859.0855223
1643766209.09 37119.8203179
1643766211.02 39025.6203523
1643766218.4 39032.7811671
1643766229.85 35930.5801887
1643766241.37 42629.2148704
1643766251.75 9825.1953685
1643766262.77 9724.88734177
1643766273.1 5631.21376812
1643766282.16 9722.60238095
1643766293.19 10105.7149938
1643766295.2 11465.6240506
1643766295.31 37071.375
1643766295.79 30506.2857143
1643766295.97 26648.609375
1643766296.13 26455.0169492
1643766296.29 26149.220339
1643766296.95 25722.5835095
1643766297.7 27053.7081174
1643766302.34 24099.1438726
1643766307.06 20264.2616911
1643766310.96 25289.4002351
1643766314.93 24986.8945792
1643766318.54 26244.7053001
