1643159380.95 1322.82808717
1643159381.56 1623.51129363
1643159382.06 2848.93076923
1643159382.57 2626.55172414
1643159384.99 1718.56762653
1643159387.69 1752.98493045
1643159390.21 2258.11754828
1643159392.54 2209.91553749
1643159395.62 1890.2432341
1643159397.28 2849.47783572
1643159399.57 1548.26513761
1643159400.68 2599.64015905
1643159403.37 874.783165244
1643159406.15 893.954783259
1643159408.51 791.639768168
1643159409.39 1428.88471503
1643159411.28 631.908431044
1643159412.41 1431.59061278
1643159414.28 1431.27621483
1643159416.83 328.596230159
1643159417.34 2042.64005602
1643159418.09 1542.29173167
1643159419.89 422.398108628
1643159420.57 1783.06227758
1643159420.92 4333.2962963
1643159421.26 4301.08438819
1643159421.65 3559.3869863
1643159422.13 2863.56639566
1643159423.1 2041.25167673
1643159424.04 2040.84965095
1643159424.67 3339.60486322
1643159425.07 6122.18112245
1643159425.47 6137.13784461
1643159426.01 4088.79742659
1643159427.11 7452.16438356
1643159428.24 7545.9186747
1643159429.11 9410.77583893
1643159429.87 11580.5657686
1643159430.57 13021.501773
1643159431.19 14300.0060729
1643159431.78 16739.6035635
1643159432.3 18520.0966921
1643159432.81 19688.8421053
1643159433.35 20028.5521628
1643159433.87 18796.2285714
1643159434.4 18591.6215539
1643159440.31 11107.8852076
1643159441.7 6304.49525453
1643159442.75 8570.74587459
1643159443.75 8202.44902635
1643159444.95 7151.05860113
1643159445.88 10299.0280971
1643159446.52 14331.2235294
1643159447.08 18585.7681499
1643159447.65 18245.8255814
1643159448.23 17148.796875
1643159448.86 17798.7811861
1643159449.44 18394.1126126
1643159450.05 17169.0778947
1643159450.68 18372.9066937
1643159450.8 18535.6875
1643159451.3 23727.1111111
1643159451.5 21588.7468354
1643159451.69 22297.8
1643159451.87 21427.8333333
1643159452.64 21572.3085106
1643159453.52 22833.9606414
1643159458.56 20094.0467046
1643159463.73 18495.1248114
1643159467.65 25446.4308102
1643159471.64 24302.7209438
1643159475.93 21762.885094
1643159480.13 21666.4751366
1643159485.69 15060.5954673
1643159493.99 10260.8826132
1643159494.83 9858.08819346
1643159495.59 11594.1615509
1643159496.25 12848.6328413
1643159496.92 13970.0477099
1643159497.58 14053.4886364
1643159498.28 12853.9344828
1643159498.98 13820.9982639
1643159499.55 14439.9819413
1643159500.12 16374.3386005
1643159500.72 15392.3763676
1643159501.42 12670.5364121
1643159502.05 14111.0240481
1643159502.67 14258.1397206
1643159503.31 14474.4280079
1643159503.96 13111.4923954
1643159504.6 12862.1724138
1643159505.26 12854.7637363
1643159505.91 12853.7669173
1643159506.57 12843.8701299
1643159507.24 12873.9702602
1643159507.82 15680.940133
1643159508.38 17120.1252847
1643159508.99 14425.9835391
1643159509.64 13971.9636711
1643159510.33 12861.8686515
1643159511.57 11599.6765189
1643159521.72 14289.1292776
1643159534.38 7784.3828877
1643159543.7 6807.788899
1643159553.75 5963.04621212
1643159556.74 9253.89769821
1643159559.2 23109.211838
1643159561.69 21473.325779
1643159564.12 24853.4353741
1643159566.12 21056.2378378
1643159568.59 21248.4807122
1643159571.93 14957.3168658
1643159577.45 11509.8619476
1643159578.04 15684.3862661
1643159578.66 16130.3313008
1643159580.25 17205.4934211
1643764262.35 1326.03883495
1643764263.01 1432.33695652
1643764263.77 1428.91222571
1643764264.19 2708.23717949
1643764266.2 2096.30494944
1643764268.91 1759.10236526
1643764271.93 1868.3001042
1643764274.6 1920.98665096
1643764277.27 2180.93637783
1643764279.42 2153.25073892
1643764280.71 2862.78032231
1643764282.57 1503.8746406
1643764283.6 2494.68030973
1643764284.54 2861.51076555
1643764286.13 1690.2265943
1643764287.5 2081.77593032
1643764290.17 1043.34521944
1643764293.11 923.834275618
1643764295.54 810.447619048
1643764298.02 821.87595582
1643764298.94 1429.84803922
1643764299.74 1430.69319826
1643764301.55 589.630257009
1643764304.14 289.903662559
1643764304.62 2043.84899068
1643764305.24 1964.07899807
1643764307.07 429.621775794
1643764307.91 1021.31838392
1643764308.27 4278.49596774
1643764308.62 4291.91358025
1643764309.0 3839.16423358
1643764310.44 2045.375
1643764311.59 1686.67722827
1643764312.13 4069.99835796
1643764312.53 6144.46793003
1643764312.96 5870.15897895
1643764313.51 4088.0275974
1643764314.03 6491.40586797
1643764315.04 8393.288
1643764316.1 7653.52437703
1643764316.97 10156.8675676
1643764317.67 12859.360424
1643764318.34 13932.5139665
1643764319.01 14851.3603774
1643764319.53 18555.2512821
1643764320.05 19020.6589744
1643764320.58 20053.1322751
1643764321.09 19433.2712766
1643764321.64 18549.5428571
1643764326.83 11508.9736447
1643764327.72 10007.6984127
1643764328.77 8717.98810811
1643764329.75 8568.49237984
1643764330.81 8561.0819849
1643764332.03 7151.9644485
1643764333.09 8305.57945946
1643764333.83 14291.6321839
1643764334.4 18603.6127563
1643764334.98 18450.9321267
1643764335.64 17155.0056818
1643764335.75 19771.4
1643764336.15 17795.3333333
1643764336.36 18538.1630435
1643764336.55 17940.7586207
1643764336.74 18814.6829268
1643764337.63 17306.9445235
1643764338.57 20422.5514993
1643764339.48 21056.3748309
1643764344.21 21552.0934439
1643764349.79 17340.2839009
1643764354.22 21436.598407
1643764357.97 25229.7166974
1643764362.06 21743.7068824
1643764365.92 22008.2441383
1643764370.78 18378.6997669
1643764377.29 9189.44416832
1643764378.67 4438.33395176
1643764379.44 10830.4183515
1643764380.29 10041.5706447
1643764381.28 8568.40877598
1643764382.19 9521.43295019
1643764383.02 11587.9112082
1643764383.64 12871.0503018
1643764384.29 13816.8228571
1643764384.91 14297.3902439
1643764385.59 12853.1747748
1643764386.23 13646.125969
1643764386.87 14201.4473161
1643764387.42 17026.7633411
1643764387.96 16538.7170264
1643764388.61 12837.5793499
1643764389.26 13789.1964637
1643764389.87 14276.0
1643764390.49 13985.5474747
1643764391.11 13824.742515
1643764391.78 12858.3709091
1643764392.49 12891.483705
1643764393.16 12864.2715596
1643764393.85 12865.0299296
1643764394.55 12839.3828671
1643764395.16 14778.667364
1643764403.22 17120.9157175
1643764413.32 8261.51872872
1643764424.54 7504.27281846
1643764434.87 5051.48312155
1643764444.9 8890.10810811
1643764447.39 9547.04890605
1643764449.89 20654.1798365
1643764451.86 21746.7559524
1643764453.83 22914.1411765
1643764456.85 18503.1989664
1643764459.32 16277.5817556
