1642939191.13 2.20293548387
1642939191.42 2.09029866098
1642939191.62 2.9441700264
1642939191.81 3.83018605381
1642939192.37 4.60132140137
1642939192.96 20.9184258238
1642939195.26 30.2359002111
1642939197.3 28.0257390557
1642939199.42 26.8805218464
1642939201.11 26.6644886097
1642939203.65 37.7424463633
1642939206.15 38.6524519092
1642939208.76 36.8085035623
1642939211.27 35.8342754585
1642939213.82 38.0508593429
1642939216.0 38.4307157092
1642939218.15 38.7144111222
1642939220.13 38.7693263644
1642939222.36 40.3005035282
1642939224.81 40.151184922
1642939227.05 40.2999049338
1642939229.29 40.227545142
1642939231.21 42.2336622084
1642939233.3 42.2046012915
1642939235.44 43.7015106994
1642939238.11 32.934746767
1642939241.04 28.0246969659
1642939243.66 25.7063475387
1642939245.89 24.9692706488
1642939248.21 24.1801054855
1642939250.35 25.4583768654
1642939252.18 33.6636478034
1642939254.12 36.8949776933
1642939256.13 38.0300600154
1642939258.09 39.7412908033
1642939260.27 39.4440224932
1642939262.06 38.6508253522
1642939264.01 42.2740192716
1642939265.78 42.6037345631
1642939267.39 42.7167618148
1642939269.45 41.0371876627
1642939271.29 40.133341224
1642939275.11 39.5029233451
1642939287.74 38.4164306019
1642939297.72 36.4507071442
1642939309.2 37.3847470017
1642939319.76 36.4609946761
1642939330.26 35.2854981353
1642939341.41 34.632327066
1642939352.41 34.5775155381
1642939361.67 15.3937564439
1642939373.16 13.4612683431
1642939383.13 13.4222984945
