1643136930.41 2.19408835341
1643136930.77 2.02148225014
1643136931.03 2.72530222555
1643136931.3 3.31556914981
1643136932.26 3.81284714135
1643136933.63 8.13698587501
1643136935.43 2.0949822687
1643136936.26 1.8579459084
1643136936.78 1.8579196636
1643136937.23 1.84494001006
1643136938.18 1.84641769806
1643136939.1 8.22136554571
1643136942.47 9.66067108232
1643136946.31 9.44752469785
1643136949.33 9.91182132231
1643136951.99 11.4155339645
1643136957.52 6.80377551809
1643136961.69 6.31400607266
1643136964.47 6.49116259696
1643136965.51 7.23533783507
1643136966.43 8.21291967154
1643136967.53 13.3646061556
1643136968.55 20.7320416485
1643136970.88 29.4632037828
1643136973.11 28.9468715865
1643136975.21 29.455507431
1643136977.12 31.8753440181
1643136979.83 29.9506401936
1643136982.95 22.8264320901
1643136987.49 14.355690446
1643136993.86 8.72323751787
1643136998.43 7.35342564723
1643137004.67 6.20063576401
1643137009.78 5.62051172541
1643137012.76 5.20831656832
1643137017.48 6.88646877278
1643137018.38 7.34951575284
1643137019.21 8.77762532027
1643137020.84 10.566011587
1643137022.14 14.2335365848
1643137023.58 35.0868578638
1643137025.05 35.1659014981
1643137028.84 33.4515289954
1643137030.02 36.1090512105
1643137031.21 38.2413465311
1643137032.7 42.3732479733
1643137033.99 43.8677731895
1643137035.18 54.1964893194
1643137037.08 39.5364125749
1643137038.53 37.5178414981
1643137040.05 37.3267117246
1643137041.41 37.3008421134
1643137042.97 34.9695482419
1643137044.86 46.2544109067
1643137046.4 44.8957799335
1643137056.16 35.4318021034
1643137065.8 31.8872436723
1643137075.07 30.0848886995
1643137085.49 27.6194268097
1643137094.09 25.0088372508
1643137094.64 0.423076915126
1643137094.75 2.05041770646
1643137094.81 2.47681835483
1643137095.5 1.08567141878
1643137095.7 1.17777907946
1643137095.9 2.97471797925
1643137096.09 3.0163996098
1643137096.36 2.78744815019
1643137096.6 36.1323378995
1643137098.77 34.7830800852
1643137101.55 33.8672372233
1643137104.61 28.247391947
1643137107.37 26.7836938014
1643137114.23 8.1238766912
1643137116.72 6.99308631566
1643137119.6 6.01773538871
1643137120.81 6.29409598117
1643137122.04 6.47788954966
1643137122.43 18.9102830519
1643137124.46 22.262956185
1643137126.09 32.262533444
1643137127.65 35.2795188889
1643137129.17 39.5438288183
