1642918214.67 0.386644019816
1642918215.15 0.352018505477
1642918215.76 0.311071081777
1642918216.41 0.352748429121
1642918217.99 0.791212842195
1642918218.61 1.5362389814
1642918219.74 0.989833651712
1642918222.65 0.988208901584
1642918225.22 0.987940212628
1642918229.48 0.571044375696
1642918231.11 0.945656920552
1642918231.84 0.934756091392
1642918232.33 1.13075592657
1642918233.55 0.897271075624
1642918233.83 1.71232345684
1642918234.1 3.05636593244
1642918234.56 3.83343946719
1642918234.83 4.54903619763
1642918235.04 15.2544407304
1642918241.1 9.70133764834
1642918292.02 0.339388327467
1642918294.26 0.101918796962
1642918296.22 0.0640034495571
1642918299.2 0.0395134677387
1642918301.11 0.0323912121202
1642918302.99 0.0428907059682
1642918304.9 0.167911197794
1642918305.82 0.187579634519
1642918307.75 0.298340405659
1642918309.7 0.417316302017
1642918310.62 0.481779604083
1642918313.0 0.51243052974
1642918315.42 0.500965971848
1642918317.87 0.417979401465
1642918320.29 0.629510621421
1642918321.74 0.654168385898
1642918323.15 0.736572036532
1642918327.2 0.661632795619
1642918328.86 0.680020592434
1642918329.72 0.791371505308
1642918330.38 0.895500230699
1642918331.18 1.04997677632
1642918331.81 1.91636831596
1642918333.78 2.5006715428
1642918335.25 2.72973986205
1642918336.81 2.94883579485
1642918338.34 2.32083973339
1642918339.81 4.35089636895
1642918341.21 4.76793748052
1642918341.82 5.09245005581
1642918343.18 5.22370830737
1642918344.52 5.45620254179
1642918346.01 5.4555864681
1642918346.59 5.41860583877
1642918348.16 5.33513708316
1642918349.72 5.20100503608
1642918350.13 5.13271948196
1642918356.75 5.20493872301
1642918382.66 0.821261657526
1642918383.5 0.647259372014
1642918383.77 0.625398672534
1642918384.24 0.623783424062
1642918384.64 0.844375740018
1642918385.03 1.36419640756
1642918385.41 2.53088973517
1642918386.16 3.07479994374
1642918386.9 3.30205651405
1642918387.95 3.57956741729
1642918390.48 3.9745378595
1642918392.88 4.4275185225
1642918394.87 5.39485539955
1642918395.45 5.76445646141
1642918396.6 6.08824014826
1642918396.71 4.81242824469
1642918397.77 4.93836978804
1642918398.78 5.20239060445
1642918399.75 5.30176078648
1642918400.56 5.65701527431
1642918401.64 6.68233192346
1642918411.74 3.22683317744
