1643171038.84 1316.45301205
1643171039.43 1654.07949791
1643171039.76 4916.29646018
1643171040.06 5331.9
1643171041.33 3458.25899912
1643171041.94 9202.28194726
1643171042.55 10954.8594705
1643171044.24 10739.4119241
1643171045.89 9891.39461279
1643171047.28 10001.3295638
1643171048.09 15517.4664634
1643171048.66 17990.2725225
1643171049.1 20096.3826367
1643171049.57 18308.572238
1643171050.14 15714.8208617
1643171051.06 8937.46699875
1643171052.34 6013.78151986
1643171052.93 15708.8090129
1643171053.52 15991.9008621
1643171054.09 17138.5793103
1643171054.86 12400.1479751
1643171055.78 8087.12010114
1643171056.66 9646.05319149
1643171057.17 18560.2005277
1643171057.69 18528.6025974
1643171058.2 18578.8944591
1643171058.83 14089.4043393
1643171059.52 13081.1675579
1643171060.13 14308.3921162
1643171061.02 8776.54117647
1643171061.87 9748.19583333
1643171062.54 12343.3285199
1643171063.1 15733.7409091
1643171063.62 17851.0206186
1643171064.1 20091.2045455
1643171064.59 20704.5041322
1643171065.05 21440.4525994
1643171065.59 17608.0409639
1643171073.2 8712.42207424
1643171074.38 7350.88761707
1643171075.03 14316.3466667
1643171075.7 13604.482243
1643171076.42 12877.383821
1643171077.48 8436.46409432
1643171078.78 6143.07979626
1643171079.8 8316.2073991
1643171080.73 9486.96370463
1643171081.76 8038.40484048
1643171083.89 5576.01488692
1643171086.5 14949.348643
1643171088.57 24018.4761905
1643171090.97 10459.3242542
1643171093.28 40831.9776536
1643171096.67 2431.41023284
1643171096.89 24433.9473684
1643171099.11 24355.6548673
1643171101.33 30047.59375
1643171103.57 21624.0227273
1643171105.82 21570.942446
1643171107.85 28652.2317768
1643171107.98 34014.5076923
1643171108.37 35171.9529412
1643171108.69 11998.5698492
1643171108.98 12139.9133333
1643171109.28 11612.5032258
1643171109.7 52217.9484979
1643171110.09 69618.2088889
1643171110.46 77032.9752475
1643171112.93 56971.3705179
1643171115.05 52992.5055419
1643171117.37 33764.1606637
1643171119.68 50182.1837607
1643171122.03 46564.4738696
1643171124.56 36737.8321918
1643171127.08 38974.1087494
1643171129.61 38028.6380999
1643171132.06 37971.2150429
1643171134.57 39088.6715686
1643171138.55 23022.1450337
1643171142.72 21493.2260964
1643171146.17 26489.3065377
1643171149.15 28523.5220588
1643171152.7 26652.5324975
1643171157.69 17052.231935
1643171161.49 22187.4354408
1643171167.81 12940.8303785
1643171168.71 10190.1606368
1643171168.96 57607.483871
1643171169.19 70562.8365385
1643171169.42 80193.5465116
1643171169.6 113797.525424
1643171169.79 106343.954545
1643171171.21 65304.4092702
1643171172.56 106898.293803
1643171173.86 71352.8663697
1643171175.31 44162.1177349
1643171177.17 44833.5650102
1643171178.81 47393.1385214
1643171180.54 50718.3553655
1643171182.43 40588.960396
1643171184.24 39542.3910653
1643171186.18 41520.8751617
1643171187.91 41429.4300144
1643171195.3 20474.417232
1643171205.18 15364.3758559
1643171217.18 13873.0597907
1643171227.24 570619.769231
