1642946825.52 2.185312
1642946825.81 3.9001114988
1642946826.0 5.74960095717
1642946826.19 7.54430081773
1642946826.85 9.01797991355
1642946827.44 42.2890839391
1642946829.91 63.7163933053
1642946831.77 59.604898445
1642946834.49 50.8025363071
1642946837.37 49.3651232229
1642946840.58 44.7381155568
1642946843.57 39.4174976944
1642946846.39 34.9877027863
1642946849.2 33.6507297785
1642946851.74 34.1100700675
1642946854.56 35.0401945499
1642946858.66 31.9423357186
1642946863.36 28.0534792975
1642946864.96 31.0145851858
1642946866.5 33.7573050579
1642946867.86 38.2196079218
1642946869.48 50.3633483835
1642946871.72 75.5291203656
1642946874.16 64.6661525494
1642946876.72 56.1925064885
1642946879.44 48.2489209639
1642946882.0 43.1532210816
1642946884.76 39.4963082317
1642946887.25 37.8846190423
1642946890.02 36.4469829852
1642946893.05 34.4652591148
1642946895.59 33.292253559
1642946898.13 33.6753399528
1642946900.43 33.7829761679
1642946902.97 33.2827073177
1642946905.27 34.8117147758
1642946907.52 35.6744122242
1642946912.42 27.9668330723
1642946918.78 20.31565669
1642946925.01 15.8858948074
1642946934.24 11.9220286249
1642946937.57 11.308789673
1642946940.6 11.985358467
1642946943.63 13.741894284
1642946946.4 16.4016775497
1642946950.46 23.2784556061
1642946962.77 24.2303099856
1642946973.9 23.3444298188
1642946985.18 22.3507455339
1642946996.39 21.5622447904
1642947005.88 20.2888902942
1642947018.0 19.4592520516
