1643161686.16 2150.8976378
1643161686.47 5769.87958115
1643161686.77 5727.23195876
1643161687.03 6969.80392157
1643161687.71 7148.74228675
1643161690.14 7146.02965328
1643161692.5 7141.19366682
1643161694.41 9146.7813041
1643161696.37 8252.09044944
1643161697.89 9097.46216018
1643161699.16 9113.21217547
1643161700.0 11140.4198047
1643161700.86 8549.89740082
1643161701.55 11418.5971731
1643161702.28 11436.0330033
1643161703.06 11126.8
1643161703.88 9991.33285509
1643161704.65 11437.9765625
1643161705.51 10291.5977809
1643161706.32 10804.7565217
1643161707.23 10338.8246753
1643161708.05 9324.94460641
1643161708.75 12884.2486679
1643161709.5 11550.6009852
1643161710.3 10631.1654247
1643161711.09 10684.9787557
1643161711.78 12870.8612613
1643161712.48 12829.6066434
1643161713.15 12842.9143389
1643161713.79 12886.8598848
1643161714.47 12854.7637363
1643161715.1 13408.2431373
1643161715.72 14303.4008264
1643161716.3 15289.615894
1643161716.88 15750.7884187
1643161717.45 17159.2123288
1643161718.0 16692.9238095
1643161718.65 14300.072407
1643161719.26 15268.4553015
1643161719.83 15768.3102679
1643161720.49 14289.1292776
1643161721.14 14078.139265
1643161721.79 14305.4684512
1643161722.47 14285.3375681
1643161724.69 12391.3493151
1643161727.38 13129.3044248
1643161729.04 14577.0846154
1643161731.11 17152.370892
1643161733.92 11440.246696
1643161736.0 15703.372807
1643161737.71 12845.1952462
1643161740.41 14529.9801802
1643161742.09 13145.5467626
1643161744.69 17103.7133621
1643161746.81 16243.6956522
1643161749.43 15710.9631902
1643161751.23 5243.13493976
1643161753.77 8142.55832502
1643161755.43 15713.5105973
1643161757.73 13661.9049774
1643161757.85 13480.5
1643161758.29 7363.5862069
1643161758.64 7226.74152542
1643161759.06 4970.84713376
1643161759.71 2857.04444444
1643161760.24 9630.70171149
1643161761.62 13680.4340611
1643161762.86 14515.5419776
1643161764.04 15709.9821606
1643161765.18 15080.8223819
1643161766.3 12857.3686397
1643161767.39 10840.743344
1643161768.28 10537.8377309
1643161768.9 12833.62423
1643161769.52 12874.3545817
1643161770.27 11268.6764228
1643161771.06 10857.4674735
1643161771.66 14270.4077869
1643161772.47 10860.9866469
1643161773.51 8172.07268722
1643161774.35 10530.059322
1643161775.08 13202.1475954
1643161775.66 14278.8214286
1643161776.27 15271.2252632
1643161776.85 15666.6280624
1643161777.53 12853.1747748
1643161779.2 6413.76798959
1643161780.05 9812.26373626
1643161780.36 42915.4093567
1643161780.65 43104.03125
1643161780.93 44760.36
1643161781.11 118961.033898
1643161781.29 119968.491228
1643161783.24 74915.2463312
1643161784.66 67732.4249471
1643161785.98 69341.1162047
1643161787.44 69399.9020021
1643161788.76 64308.5353749
1643161790.98 35199.0313006
1643161793.01 38456.7073171
1643161794.4 63224.3725275
1643161795.77 73783.0724138
1643161797.18 57249.441675
1643161798.35 79210.7375328
1643161799.65 68145.9325084
1643161801.56 40177.8225108
1643161807.26 11819.7171872
1643161807.53 56148.7703704
1643161807.79 56207.0
1643161808.05 59929.2923077
1643161808.3 60174.2689076
1643161809.56 60046.1904762
1643161811.52 53510.3945455
1643161813.37 55083.6580579
1643161815.81 64627.1240951
1643161818.32 69750.6460391
1643161820.51 69060.5006418
1643161822.35 73571.1019185
1643161824.46 64293.7104592
1643161826.91 65894.0746951
1643161828.78 63160.0790861
1643161828.89 70188.6666667
1643161829.28 93137.1818182
1643161829.41 97615.4444444
1643161829.44 390211.5
1643161829.46 308560.8
1643161829.86 62393.7538462
1643161832.22 73243.1856436
1643161834.1 75272.3703375
1643161836.18 65048.4336619
1643161838.27 54468.2462025
1643161840.21 57898.1547536
1643161842.12 59008.1959799
1643161844.11 57967.3238304
1643161846.14 54891.9071637
1643161848.25 54982.3026499
1643161850.15 56558.2512746
1643161852.07 59794.0993641
1643161854.05 60731.8278751
1643161855.87 64511.1502463
1643161857.51 69824.4539823
1643161859.15 71224.1623318
1643161860.72 70598.4492337
1643161862.62 61432.5673004
1643161864.38 66075.5846809
1643161866.19 67463.4205776
1643161868.06 52244.2608396
1643161870.05 54867.1755556
1643161871.95 57855.0219092
1643161873.79 54167.7593819
1643161875.68 55030.2311956
1643161877.67 56583.2711733
1643161879.63 48825.0089409
1643161881.38 51292.5414407
1643161883.53 41003.5255307
1643161885.61 37757.7336476
1643766539.9 2150.8976378
1643766540.18 7156.14935065
1643766540.44 7214.82467532
1643766540.7 6879.87096774
1643766541.37 7135.79166667
1643766544.05 6352.02635848
1643766546.88 5838.89718574
1643766549.16 7466.49646726
1643766551.44 6925.37529467
1643766553.12 8050.48504551
1643766554.39 9024.34219858
1643766555.45 8570.47317597
1643766556.44 7192.14614499
1643766557.23 9807.17147193
1643766558.12 9035.50977836
1643766558.96 9981.6216968
1643766559.73 10898.2143975
1643766560.68 8830.28347407
1643766561.46 11415.7569231
1643766562.24 11452.0460829
1643766563.13 10474.8618421
1643766563.86 10590.9139073
1643766564.62 11423.3574803
1643766565.45 10006.1394026
1643766566.2 11377.2121212
1643766567.06 9672.25412088
1643766567.88 10278.1697842
1643766568.58 12807.2164049
1643766569.31 11456.2209302
1643766570.08 10377.2086553
1643766570.84 10983.8826291
1643766571.49 12829.6510319
1643766572.16 12867.7434944
1643766572.82 12873.9702602
1643766573.51 12696.7755835
1643766574.23 12891.483705
1643766574.87 13587.2635659
1643766575.51 14300.072407
1643766576.11 15692.5790598
1643766576.67 15946.282167
1643766577.24 17199.2723112
1643766577.83 15754.1082251
1643766578.48 14332.8735632
1643766579.11 15711.0199601
1643766579.71 15462.7094017
1643766582.37 14265.4942308
1643766584.71 10691.2327221
1643766586.91 12841.6695958
1643766589.59 14268.8791209
1643766592.14 17213.3125
1643766594.3 14302.1172023
1643766596.48 14796.5853211
1643766599.08 15650.8008565
1643766601.36 12323.1723602
1643766603.45 17205.4934211
1643766606.19 12804.435
1643766608.38 15738.8860759
1643766610.69 12099.2385185
1643766612.54 6717.7199341
1643766614.75 15725.421875
1643766614.87 15609.0
1643766615.27 14727.1724138
1643766615.51 14453.4830508
1643766615.72 13007.05
1643766615.95 12856.7
1643766617.09 12861.2917548
1643766619.7 6406.58364008
1643766621.29 10873.9769392
1643766622.56 14542.5431193
1643766625.62 5049.40563768
1643766626.78 12198.6660099
1643766627.95 9931.17853659
1643766630.64 3131.19600157
1643766631.19 14302.0022883
1643766631.84 12357.4110899
1643766632.68 9733.47752809
1643766633.72 7834.91921397
1643766634.39 12896.2203704
1643766635.04 14023.5727969
1643766635.68 14521.0215264
1643766636.28 15728.443038
1643766636.98 13893.3595113
1643766637.61 12871.0503018
1643766639.65 3776.07079646
1643766639.95 42892.1707317
1643766640.25 41234.1734104
1643766640.53 43198.7791411
1643766640.72 109897.353846
1643766640.92 107919.632353
1643766642.7 59557.1396744
1643766644.99 39005.1794322
1643766646.45 67869.5630975
1643766648.34 48618.7011747
1643766650.42 43578.7469512
1643766652.55 36867.0161105
1643766654.4 45643.485614
1643766656.26 45768.2466991
1643766657.96 45447.8977612
1643766660.33 34767.4866738
1643766661.75 62302.2036474
1643766666.99 11855.3840923
1643766668.49 58039.1256781
1643766670.1 47534.0976821
1643766671.71 51899.038693
1643766671.98 57454.1678832
1643766672.23 56980.6929134
1643766673.54 65554.8395324
1643766674.77 66272.7430233
1643766676.05 60484.6622807
1643766677.75 147023.859014
1643766679.16 163591.005076
1643766680.4 68686.8840413
1643766681.46 86307.0879765
1643766682.56 73444.8774105
1643766683.87 66910.5235546
1643766685.22 57297.8435155
1643766686.46 61343.36374
1643766687.93 56499.354512
1643766689.35 44925.3734403
1643766694.05 49121.0375
1643766704.75 38601.5950591
1643766705.27 1891.31137725
1643766705.28 296571.0
1643766705.29 296571.0
1643766705.57 14727.1724138
1643766705.67 121822.214286
1643766705.73 390211.5
1643766705.77 154280.4
1643766706.47 23716.9239766
1643766706.98 47611.2370821
1643766709.19 73129.1535807
1643766711.01 66049.9491917
1643766712.69 75823.6378855
1643766714.3 79458.3247619
1643766715.98 74455.0878623
1643766717.3 92965.1805393
1643766718.42 110755.352507
1643766720.09 70649.3028674
1643766722.1 52682.8215739
1643766724.55 42449.7612867
1643766727.04 40955.7729841
1643766729.97 35298.5539084
1643766733.13 32389.8329228
1643766736.02 33693.2291048
1643766738.62 35064.1203616
