1642942266.14 2.185312
1642942266.5 2.01849648165
1642942266.75 2.73373576252
1642942267.06 3.18320110156
1642942268.3 3.57869388668
1642942268.78 7.3559436016
1642942269.32 8.0457288698
1642942270.54 8.94960964972
1642942273.24 4.87329871181
1642942274.23 3.90577094266
1642942275.78 3.46849240765
1642942276.48 3.46840429952
1642942276.76 3.45052347313
1642942276.99 4.78344788422
1642942277.29 8.84067832073
1642942279.61 11.7401786875
1642942282.04 12.3053631891
1642942284.84 12.5394276138
1642942286.93 13.3703067861
1642942291.23 15.2671452347
1642942295.19 17.8750956033
1642942299.76 18.0462350931
1642942305.26 16.3259316007
1642942307.83 15.2131840739
1642942309.29 14.9716649262
1642942310.76 18.1359452474
1642942314.06 19.8806579599
1642942316.65 25.5897863644
1642942321.11 13.7676164188
1642942325.03 11.2138715766
1642942328.7 9.50659907734
1642942332.7 8.88267673579
1642942336.0 8.51516804985
1642942338.98 15.0074980435
1642942342.16 19.0393935473
1642942345.62 19.6889761067
1642942348.76 20.3138780769
1642942351.71 20.3873678458
1642942354.69 22.5021060574
1642942357.68 22.190590345
1642942360.82 22.6687616056
1642942363.93 21.6577296414
1642942367.7 17.0074512493
1642942371.89 14.9730894415
1642942375.05 14.6844815544
1642942378.31 14.4199775516
1642942381.58 14.2172551468
1642942385.68 13.5864001537
1642942389.89 14.6178185258
1642942392.21 14.7953917849
1642942393.23 12.6340582761
1642942394.08 15.5793666299
1642942395.01 23.0942285281
1642942396.94 32.6967944273
1642942398.16 43.5241437974
1642942399.63 37.5683982967
1642942407.17 32.0703347714
1642942417.54 26.8820888937
1642942425.9 24.9363535501
1642942436.46 21.2094654684
1642942437.01 0.26612831984
1642942437.13 1.51486330935
1642942437.18 1.68650543894
1642942437.86 0.780681682217
1642942438.05 0.840615760802
1642942438.23 3.28167650416
1642942438.41 3.72638711331
1642942438.64 3.63134824658
1642942438.75 70.7370900882
1642942441.7 40.7006666031
1642942444.2 32.758076547
1642942447.06 25.2631860264
1642942449.74 21.0048100181
1642942452.46 16.6627487351
1642942455.0 18.8998626367
1642942457.95 17.3088324724
1642942460.7 22.5257350507
1642942463.75 26.5183949889
