1643136719.19 2.19408835341
1643136719.58 2.02682622407
1643136719.77 2.72406997331
1643136719.97 3.56610215885
1643136720.2 4.39893191055
1643136720.85 17.9524537329
1643136722.84 41.8550175678
1643136724.99 38.4186945183
1643136727.05 35.7096142621
1643136728.81 34.6404576388
1643136730.56 45.2862385258
1643136732.48 51.0559848268
1643136734.49 49.5933062636
1643136736.66 47.7841282064
1643136738.8 45.9291914343
1643136740.69 43.7607065752
1643136742.85 42.5087431698
1643136745.2 41.7125135142
1643136755.63 3.82082370527
1643136760.44 2.49919260649
1643136765.97 1.77786118732
1643136772.24 1.34420016879
1643136773.72 1.06401350993
1643136775.55 1.9400275173
1643136779.36 1.35975194688
1643136782.49 1.11108403599
1643136784.63 1.03308968109
1643136786.79 0.976909745262
1643136791.38 0.788835470736
1643136793.34 1.43298851859
1643136794.67 1.66215863306
1643136795.84 1.80935896314
1643136796.45 1.92928341443
1643136797.86 3.48262140349
1643136803.56 3.87360379245
1643136808.0 4.11808034551
1643136810.79 4.68660967453
1643136814.48 5.27454623397
1643136815.89 5.7611692868
1643136816.7 7.95704119287
1643136821.15 9.57871297066
1643136822.5 12.541857497
1643136824.09 19.7405741272
1643136825.66 21.8980909207
1643136832.94 21.6632517508
1643136842.68 29.6185391896
1643136853.74 28.5960321928
1643136863.29 30.9147241608
1643136875.23 28.9516194311
1643136880.8 27.807506026
1643136886.63 28.7399874695
1643136891.63 31.9106008734
1643136893.88 30.7726005778
1643136895.93 33.9470080508
1643136898.12 35.5214142602
1643136899.79 34.9293711201
1643136902.55 36.2629690663
1643136904.18 36.0541174834
1643136906.57 35.3159531359
1643136908.33 34.519142025
1643136908.47 32.1092800116
1643136908.58 29.6697466796
1643136908.64 27.306180245
1643136909.42 2.42823756452
1643136909.53 2.66913439604
1643136909.62 2.99070407694
1643136909.72 3.30875585647
1643136910.36 2.88686182773
1643136910.56 67.422715085
1643136913.09 50.3316087283
1643136915.35 39.0969766087
1643136917.35 32.5059487314
