1642922787.4 2.19408835341
1642922787.75 3.60861614192
1642922788.05 4.96522730437
1642922788.36 5.78823677895
1642922789.59 6.51749764895
1642922790.86 13.3317627295
1642922792.0 14.9167083019
1642922796.0 6.83790048612
1642922796.97 6.20688398785
1642922797.98 8.88334652996
1642922798.32 9.15230815087
1642922798.89 9.35851749693
1642922801.54 14.6616444233
1642922804.54 19.5250498639
1642922808.96 20.927742972
1642922812.88 21.2020533051
1642922817.03 21.3710098991
1642922821.68 20.7984930783
1642922827.71 29.776038051
1642922830.26 31.7338246632
1642922831.9 44.9660926449
1642922835.25 48.7906821728
1642922838.19 29.7914843326
1642922842.9 32.1933515333
1642922846.8 28.336348501
1642922850.7 24.1245892514
1642922854.62 22.7945608547
1642922858.16 21.8230266108
1642922861.6 23.5869688185
1642922865.69 23.448379888
1642922869.23 23.8522594696
1642922872.67 24.5223397339
1642922875.89 24.5508352677
1642922879.17 23.9022504605
1642922882.34 24.5647897886
1642922885.72 24.3638399325
1642922889.99 22.2143364489
1642922894.0 20.6310500211
1642922897.43 20.3472680079
1642922900.55 19.8377592156
1642922904.7 18.907571544
1642922908.49 19.1009718142
1642922912.62 18.7115571527
1642922915.55 19.0582531548
1642922916.59 22.0003702228
1642922917.65 27.4615109176
1642922918.92 36.3442377114
1642922920.45 52.4142018277
1642922922.16 68.0568336731
1642922923.84 59.7728412993
1642922925.77 50.9276376194
1642922927.66 46.328315684
1642922929.39 44.1104718422
1642922937.96 40.0087141422
1642922947.5 38.4683366903
1642922957.45 37.5777028595
1642922967.52 36.5705444312
1642922978.11 34.9400472572
