1643140356.17 2.19408835341
1643140356.45 3.90972769943
1643140356.64 5.70733377161
1643140356.83 7.40878998484
1643140357.38 8.88756254252
1643140357.97 38.8274621382
1643140360.12 56.9197938793
1643140363.66 46.0269972301
1643140368.5 35.0159774039
1643140374.07 27.6249649305
1643140377.35 25.9540121256
1643140381.25 22.6506163944
1643140382.68 25.5247475786
1643140384.23 31.1513239422
1643140385.8 44.2939461668
1643140387.2 54.9647931215
1643140393.44 41.960701074
1643140396.61 35.7256029271
1643140399.48 32.016605387
1643140402.15 29.7171606041
1643140404.11 28.3571874903
1643140405.89 41.5051103989
1643140407.27 49.6046064956
1643140409.38 53.80766977
1643140410.97 62.235000194
1643140413.06 60.737042194
1643140417.06 43.831896313
1643140420.84 33.7610639423
1643140422.45 35.1148581677
1643140424.11 34.4066923382
1643140425.86 35.5188563355
1643140427.5 44.7323071249
1643140429.21 59.742372707
1643140430.94 57.3669423761
1643140432.62 55.6288464598
1643140434.49 53.9319784128
1643140437.03 45.8660562492
1643140448.06 19.6812545062
1643140454.57 15.0418056087
1643140460.56 12.1703417975
1643140461.75 12.4240664526
1643140462.92 13.1601542933
1643140464.03 21.8071989455
1643140465.29 34.3898770636
1643140470.37 72.6732448282
1643140481.55 64.8616599012
1643140492.15 53.5502845486
1643140502.32 44.6934543414
1643140512.53 40.7860505241
1643140522.46 38.7667321982
1643140530.99 37.1764443353
1643140543.64 37.3532620819
1643140554.35 37.974687791
1643147229.9 2.19408835341
1643147230.18 3.89672162871
1643147230.4 5.66819624829
1643147230.61 7.26403007649
1643147231.13 8.77233922569
1643147231.69 26.7812988883
1643147236.03 40.4593605778
1643147241.35 31.159124858
1643147246.2 25.0089197581
1643147248.42 32.7189570088
1643147251.39 22.3735813554
1643147252.82 26.9350180591
1643147254.15 34.9756490944
1643147255.62 53.3632837129
1643147257.09 69.1634368768
1643147258.65 91.8881105572
1643147265.21 42.5981475138
1643147268.32 36.262447016
1643147271.21 22.9330247823
1643147273.8 29.5123352526
1643147275.8 28.0726611482
1643147277.8 41.4897536236
1643147279.31 68.8187562434
1643147281.67 51.9707228037
1643147283.72 57.1017683917
1643147285.61 58.3076295649
1643147292.34 32.5359442435
1643147294.0 31.8405844013
1643147295.95 32.5121387379
1643147297.88 32.1209303306
1643147299.69 32.0731665658
1643147301.57 55.7679231598
1643147303.7 53.4106253864
1643147305.76 53.2215468769
1643147308.02 48.9178387351
1643147318.52 21.2006205964
1643147325.14 15.7114848296
1643147332.29 12.4926027341
1643147333.64 12.7998151949
1643147334.81 13.3278978834
1643147336.09 21.1999137275
1643147337.46 33.1634993124
1643147339.11 72.376508948
1643147341.69 53.9888899974
1643147343.09 51.1288378735
1643147347.71 49.6741272534
1643147358.5 49.8472968385
1643147369.18 45.4773562302
1643147379.13 49.7131034122
1643147389.78 43.987480045
1643147399.59 40.0739217564
1643147411.29 36.1104338683
1643147422.32 36.6275369708
