1643138231.46 2.15939920949
1643138231.83 1.98689380134
1643138232.14 2.58568635612
1643138232.44 3.08345618082
1643138233.6 3.49767779405
1643138234.12 6.83960054715
1643138234.65 7.94460814601
1643138236.05 8.49434217337
1643138237.45 8.72706405029
1643138238.02 8.56574827894
1643138240.34 3.52504997241
1643138241.1 3.48012370159
1643138241.49 3.39046321581
1643138241.89 3.34494718672
1643138242.27 3.40526924095
1643138242.98 9.56391962213
1643138246.32 9.52194117736
1643138250.15 9.5459494537
1643138256.73 4.99154978973
1643138258.49 5.4775945012
1643138259.37 6.2737285856
1643138260.43 7.2805560294
1643138261.43 9.20905802465
1643138262.42 25.2551278329
1643138264.51 30.6481496985
1643138266.56 30.8463858393
1643138269.16 29.0193842752
1643138271.41 29.3025373458
1643138275.41 15.306729416
1643138281.6 8.8723074832
1643138287.3 6.97581267288
1643138291.7 6.1592578333
1643138293.88 5.56561029194
1643138296.18 5.32733499607
1643138298.46 8.66831332342
1643138299.13 10.9346231049
1643138300.13 13.6941015526
1643138302.15 16.0886452158
1643138328.26 0.783142453923
1643138329.99 0.618114734385
1643138331.29 0.514285738533
1643138332.94 0.414950620584
1643138334.21 0.370802042041
1643138335.83 3.01770991232
1643138337.07 4.84142302926
1643138342.5 4.84204597316
1643138343.62 4.27050251746
1643138344.37 5.29470939973
1643138345.16 7.87513976168
1643138346.21 13.0359473524
1643138347.47 37.1716052069
1643138349.06 39.2838251381
1643138351.17 24.2639866872
1643138352.58 23.1678466132
1643138354.11 21.1339956001
1643138355.64 19.5994403892
1643138357.48 18.7709903637
1643138358.97 43.1768026773
1643138365.53 35.3156342216
1643138374.54 28.47133633
1643138375.09 0.364035181376
1643138375.2 2.10787836895
1643138375.27 2.55338973689
1643138375.97 0.977136446159
1643138376.17 1.03412014887
1643138376.37 2.64445604802
1643138376.56 2.5688842968
1643138376.79 2.50047925888
1643138376.9 52.6711422583
1643138379.27 49.781678056
1643138381.12 46.4294604548
1643138382.91 45.6806980562
1643138384.86 39.7085799619
1643138387.12 38.5170127316
1643138389.09 38.403890649
1643138391.04 37.1269636753
1643138393.91 29.9532678579
1643138398.28 15.2400865579
1643138401.72 13.5021955102
1643138408.6 8.94365221924
1643138412.32 8.09103565517
1643138420.67 6.212845771
1643138423.77 5.7316336478
1643138427.6 4.84522447025
1643138430.39 6.23249433596
