1643137808.75 2.12578988327
1643137809.25 1.90357789871
1643137809.66 2.3188157982
1643137810.05 2.626691845
1643137811.87 2.88743453621
1643137812.79 4.07898833391
1643137813.73 4.53044185816
1643137816.02 4.88039833896
1643137817.92 5.14141116282
1643137818.44 6.08467504435
1643137818.78 6.55474010676
1643137819.95 6.77309278071
1643137820.22 6.97299667127
1643137821.15 6.96434408431
1643137822.01 7.24175366055
1643137826.31 7.90958782046
1643137830.46 8.28734141405
1643137834.33 8.56022657938
1643137837.59 9.24882732586
1643137840.2 9.28914367934
1643137842.92 9.97113071044
1643137847.12 9.16363926216
1643137850.08 9.5432227894
1643137852.56 9.91550210305
1643137855.56 9.73015772051
1643137858.15 9.72005401632
1643137860.88 12.4108290245
1643137863.95 12.1493211301
1643137866.37 12.561661579
1643137871.86 12.7942697278
1643137879.44 9.34783486855
1643137886.18 8.84199818277
1643137892.34 8.80899321632
1643137898.47 8.33062377173
1643137903.77 8.1788942073
1643137905.27 7.90386965722
1643137906.52 10.2253369326
1643137908.22 13.1728535025
1643137909.88 19.7066417981
1643137911.34 32.3577578871
1643137912.97 31.6721961927
1643137914.93 30.2829287013
1643137916.61 32.8581287058
1643137918.09 34.9280914193
1643137919.54 34.8289549695
1643137921.08 34.9648591387
1643137922.82 47.1670471316
1643137924.62 43.1313748083
1643137930.14 7.92131562924
1643137931.57 7.99135108799
1643137933.2 7.85331992465
1643137934.78 7.94465932196
1643137936.04 8.25552456754
1643137937.57 37.7635101216
1643137938.94 38.1337038265
1643137940.44 38.0767293917
1643137941.97 39.8158927518
1643137943.1 40.8595066659
1643137944.05 52.2446459323
1643137944.72 51.968171005
1643137944.85 57.9587512376
1643137944.98 28.2158390245
1643137945.03 34.0918872569
1643137945.73 1.82741553711
1643137945.84 1.92437600355
1643137945.93 2.01333608276
1643137946.03 2.31924908291
1643137946.21 2.31953194955
1643137946.93 75.6486378635
1643137948.91 57.4222368129
1643137951.09 41.7739355813
1643137952.83 35.0933962242
1643137954.72 29.243436581
1643137956.68 33.6226711318
1643137958.48 32.732959206
1643137960.03 61.1325184977
1643137962.06 49.4095007799
1643137964.06 48.4685825676
1643137965.94 47.4949096058
1643137967.83 46.3854353166
1643137969.75 44.4183382488
1643137971.69 52.1687798292
1643137973.68 52.2902422264
1643137975.61 51.9241457349
1643137977.48 51.6950408008
1643137979.25 52.1574043957
1643137981.0 52.2470984814
1643137982.92 53.091266184
1643137985.12 46.589443944
1643137987.27 42.2121015454
1643137989.36 40.0593811592
1643137991.54 36.5305262971
1643137993.79 34.5885480111
1643137996.54 30.8411954529
1643137998.99 29.406679714
1643138001.68 27.8424286165
1643138004.4 25.9500593862
1643138006.96 24.4377845458
