1643171460.42 2176.60557769
1643171460.63 10299.5046729
1643171460.79 20201.5090909
1643171460.94 20507.3076923
1643171461.28 19214.4243902
1643171462.34 18363.5369285
1643171463.38 17464.2659933
1643171464.75 13198.4779351
1643171467.61 5436.24019245
1643171468.54 15792.9158163
1643171469.45 13185.8264249
1643171470.24 12065.9833837
1643171470.77 15703.4547739
1643171471.3 15840.504902
1643171471.87 15750.5363636
1643171472.42 16651.4756381
1643171472.96 17152.6083744
1643171473.58 14699.4076305
1643171474.21 14781.3585657
1643171474.73 18499.4590571
1643171475.36 11510.8371891
1643171475.97 9175.14629948
1643171476.93 6303.29509906
1643171477.77 7007.6867902
1643171478.42 13718.2923077
1643171478.95 17174.1487805
1643171479.44 19464.1089918
1643171479.93 19996.0081744
1643171480.39 20048.3866279
1643171480.85 19982.3035714
1643171488.43 10296.093256
1643171489.99 7290.19616205
1643171490.72 11442.7206612
1643171491.41 12087.6020942
1643171492.09 12881.7923497
1643171492.81 18048.077187
1643171493.57 15360.6247261
1643171494.31 11920.6150082
1643171494.86 17159.1752336
1643171495.21 31820.7342342
1643171495.45 67712.4504505
1643171495.7 55560.2900763
1643171495.94 72638.4466019
1643171497.09 79923.1319261
1643171498.57 49455.1172291
1643171500.39 59807.4415512
1643171502.87 35422.3486638
1643171504.75 36848.3714095
1643171507.33 37977.5062687
1643171509.08 38229.4519573
1643171512.02 24609.739202
1643171514.29 31459.879209
1643171517.36 20022.8993616
1643171523.51 10806.5759986
1643171524.1 17205.4934211
1643171524.76 14306.6312849
1643171525.44 15767.3985507
1643171526.54 17193.6547368
1643171528.66 17205.2995781
1643171530.87 15536.6089194
1643171530.98 14828.55
1643171531.41 13777.0322581
1643171531.65 14095.1322314
1643171531.86 14452.2777778
1643171532.07 14418.728972
1643171533.11 14297.0411281
1643171534.89 9802.3135169
1643171536.24 12934.8802993
1643171537.33 17136.6183784
1643171538.33 17403.6978673
1643171539.14 18591.0600601
1643171540.27 10313.5339412
1643171541.02 12841.9308682
1643171541.59 14302.0022883
1643171542.17 14142.0700219
1643171542.89 11436.0330033
1643171543.81 9027.40377358
1643171546.3 4122.42816068
1643171547.9 6971.71904762
1643171548.21 38647.09375
1643171548.41 102127.150685
1643171548.62 99511.1875
1643171548.75 106504.454545
1643171548.94 99367.5616438
1643171551.25 49535.7654076
1643171553.22 49679.9155759
1643171554.72 70275.7941176
1643171559.06 18900.4902863
1643171560.56 68991.5510778
1643171561.97 70490.0425963
1643171563.52 62940.9420916
1643171565.08 62055.5620629
1643171566.41 81650.6424168
1643171567.95 72118.2088799
1643171569.17 74853.8247664
1643171570.59 61072.2694836
1643171572.01 68178.5786749
1643171573.53 53989.5239362
1643171575.3 47958.6801471
1643171577.1 50569.3050987
1643171578.58 51553.9238351
1643171580.2 53006.8315442
1643171581.84 47771.3727121
1643171583.52 47941.6854647
1643171585.1 51427.6179966
1643171586.9 39188.2209711
1643171588.89 40108.6501951
1643171590.59 41571.5237053
1643171592.21 43571.8894155
1643171594.03 43659.7961565
1643171595.57 44760.3166667
1643171597.31 46341.0348567
1643171598.94 44932.3923664
1643171600.44 44845.2321278
1643171602.04 51224.9418033
1643171610.99 52617.015748
1643171621.97 34753.3139535
1643171631.76 34803.3460011
1643171642.15 33403.7567926
1643171652.15 24616.465262
