1643137596.38 2.19408835341
1643137596.74 2.0261464713
1643137596.98 2.73508616846
1643137597.22 3.42189113392
1643137598.0 4.01715608257
1643137598.39 10.5076571165
1643137598.8 13.3413827125
1643137599.68 13.7936300938
1643137603.27 14.1271259883
1643137605.76 14.5672231992
1643137608.85 19.9943601498
1643137611.19 20.8365140137
1643137613.81 19.228713639
1643137615.97 19.4257471742
1643137618.2 19.1060385691
1643137621.9 19.6108100637
1643137625.59 19.6047017871
1643137629.2 22.2473820488
1643137633.35 20.9546997497
1643137638.0 18.486381769
1643137646.28 7.33653822189
1643137650.65 5.91005255954
1643137652.61 5.84862168067
1643137655.46 5.43428427769
1643137657.4 5.5741218966
1643137658.6 8.93957434204
1643137659.38 14.1902014384
1643137661.28 16.2234179321
1643137662.84 24.4990483333
1643137664.47 32.0290307366
1643137666.64 32.7193774715
1643137668.6 33.807872086
1643137670.88 31.9398191321
1643137672.88 33.7232715136
1643137674.93 31.486127852
1643137677.08 32.368311631
1643137679.0 32.4549383693
1643137681.06 35.1057483957
1643137683.09 37.9393327349
1643137686.37 16.52346888
1643137693.49 6.27225194311
1643137703.56 3.64036130741
1643137705.34 3.48835620499
1643137713.03 2.36967417598
1643137716.86 2.14844359379
1643137718.3 2.42813854748
1643137719.22 4.62137004454
1643137720.07 4.88475419623
1643137721.12 14.1199892779
1643137723.86 27.6154112688
1643137732.69 33.7128012198
1643137740.62 28.9762653969
1643137746.71 25.5005791895
1643137751.94 25.2652750758
1643137757.69 18.4160477666
1643137762.37 10.3092376591
1643137767.34 9.80097572421
1643137778.0 8.33414616113
1643137788.52 2.27359442067
