1643161892.48 2167.96825397
1643161892.69 11600.4947368
1643161892.82 38313.2068966
1643161892.95 42655.2
1643161893.21 33380.9915254
1643161893.88 35762.7785388
1643161897.25 36391.8802061
1643161899.77 48446.5748165
1643161905.6 16237.7035849
1643161914.23 10516.9848733
1643161914.85 21430.4378947
1643161915.38 19722.6691358
1643161915.87 17123.2191781
1643161916.36 17658.2677596
1643161916.86 18530.0427807
1643161917.44 15807.8986784
1643161918.11 12872.3826248
1643161918.58 21530.3088235
1643161919.05 21507.9478261
1643161919.52 21423.2241379
1643161920.02 21342.8820375
1643161920.42 23604.8413284
1643161924.93 19953.4340786
1643161929.18 20734.9431345
1643161933.26 20929.3937138
1643161938.01 24251.394247
1643161941.52 25038.5093126
1643161943.2 74887.0651068
1643161945.09 47539.7961696
1643161948.02 20592.3170456
1643161950.58 32684.8816759
1643161954.2 20955.2756329
1643161958.01 22488.717747
1643161961.32 22810.5639017
1643161964.46 23711.9821363
1643161968.08 21829.8001326
1643161970.81 26512.9225076
1643161973.71 26556.9238599
1643161976.69 23945.5899533
1643161979.68 22179.7143408
1643161982.95 23643.1944751
1643161985.58 26088.6824171
1643161988.13 27485.6930783
1643161991.3 22321.935888
1643161993.85 26606.0496894
1643161997.59 19676.907177
1643162000.37 24640.9680069
1643162004.78 13993.4074074
1643162008.19 21837.3920357
1643162011.01 22022.296023
1643162011.48 22450.504451
1643162011.96 22909.4857955
1643162012.44 21063.1815562
1643162016.12 20264.0820363
1643162019.99 15322.1232445
1643162020.5 19598.625
1643162030.08 20008.2850575
1643162040.48 12099.2385185
1643162049.9 11922.9707602
1643162059.33 17987.2059574
1643162063.61 893.286144578
1643162063.63 296571.0
1643162063.64 296571.0
1643162064.09 4699.57317073
1643162064.12 551023.5
1643162064.33 15927.0
1643162064.44 102853.6
1643162064.88 51994.7948718
1643162065.02 474669.606061
1643162067.76 60068.5251595
1643162070.28 43954.3463115
1643162072.98 41980.4043902
1643162075.49 42961.5041195
1643162078.15 38864.4997636
1643162081.12 34856.8347253
1643162083.72 35826.3974237
1643162086.7 34917.9016829
1643162089.22 38634.0691542
1643766776.73 2202.93548387
1643766776.95 10396.6698113
1643766777.11 20963.8301887
1643766777.27 20507.3076923
1643766777.6 20096.7193878
1643766778.61 19979.7155612
1643766779.97 12892.0140845
1643766781.14 15725.5674603
1643766782.17 16767.946347
1643766783.29 12790.9566116
1643766786.86 2118.60181485
1643766787.8 9984.60125
1643766788.32 15782.7651515
1643766788.77 19408.1861862
1643766789.22 21389.617284
1643766789.46 21910.6916667
1643766789.9 22907.7598684
1643766794.69 20628.6639538
1643766798.97 20692.7964857
1643766802.91 23713.031054
1643766806.83 21601.6356975
1643766811.38 20405.1088659
1643766816.5 49588.340643
1643766818.8 39972.9786096
1643766820.28 74862.8313609
1643766821.54 90661.7955936
1643766823.08 65840.3544078
1643766826.27 19671.3123296
1643766828.5 37427.6693592
1643766833.0 17844.3200196
1643766836.71 22129.5395885
1643766840.05 22538.6899251
1643766844.02 20064.3304323
1643766846.74 27582.8127421
1643766849.54 26788.2895387
1643766852.66 24474.3615756
1643766855.91 22081.2846265
1643766859.06 23882.755401
1643766862.16 23187.1323529
1643766864.63 27834.6294146
1643766867.79 23547.7890682
1643766870.4 25340.3309797
1643766873.45 22264.3238657
1643766876.39 24707.0693312
1643766880.35 15924.0669145
1643766884.28 17808.0554273
1643766887.34 21227.0238361
1643766890.35 21751.5820189
1643766894.0 19682.0306312
1643766894.61 14794.9132231
1643766898.5 16923.9818953
1643766902.51 48233.8983884
1643766902.83 37290.4285714
1643766903.17 37084.6869159
1643766906.51 37183.436019
1643766916.23 97248.8734177
1643766928.13 12799.4176471
1643766937.91 36792.8970803
1643766948.14 31690.9919355
1643766957.73 28253.211478
1643766958.25 1868.92899408
1643766958.36 59314.2
1643766958.38 296571.0
1643766958.39 296571.0
1643766958.4 296571.0
1643766958.93 2364.20245399
1643766958.97 275511.75
1643766958.99 555541.5
1643766959.27 9238.34730539
1643766959.85 32358.462766
1643766960.41 42450.1273713
1643766962.96 61417.8905797
1643766964.5 89373.8375
1643766966.56 56285.0418574
1643766968.81 49221.9710914
1643766971.41 39310.5772358
1643766974.37 32781.8515916
