1643141257.67 3.29113253012
1643141257.98 5.44929673907
1643141258.2 7.62800505612
1643141258.48 9.49760205857
1643141261.23 11.141373001
1643141262.64 30.761009743
1643141265.96 35.5709458424
1643141273.56 23.7070536146
1643141278.17 20.836543787
1643141281.31 18.9299137287
1643141284.86 16.6649666773
1643141287.23 16.7336713114
1643141289.54 20.3814801139
1643141293.93 21.240626718
1643141298.32 21.4679561417
1643141303.38 20.877061254
1643141305.76 22.4065174961
1643141307.31 25.8763804491
1643141308.67 31.8146633735
1643141310.71 39.2867550207
1643141313.82 49.2054884486
1643141317.15 45.195292069
1643141321.65 34.0981110901
1643141325.48 27.9974088759
1643141329.52 24.5209796433
1643141333.08 23.7528945241
1643141336.6 23.0532492001
1643141340.14 23.9673203188
1643141343.78 23.6960126635
1643141347.44 23.8682489554
1643141350.56 24.3456606691
1643141353.6 24.375724221
1643141357.08 24.2634811307
1643141360.44 24.4453112528
1643141363.65 24.8238521468
1643141368.55 21.7388963643
1643141371.88 20.9230564951
1643141375.4 20.5568934392
1643141378.75 20.304418603
1643141382.5 18.9159825729
1643141386.53 19.64738219
1643141390.2 19.033804439
1643141392.12 20.8375165908
1643141393.24 24.4531962083
1643141394.26 31.8434233068
1643141395.66 43.0029361289
1643141397.12 64.0001929601
1643141398.64 66.6824545404
1643141404.86 55.4348249754
1643141415.89 46.5060732419
1643141425.56 41.9134937872
1643141437.88 39.369235504
1643141448.31 37.0478944778
1643148131.02 2.17660557769
1643148131.31 3.85638705751
1643148131.52 5.59118257998
1643148131.74 7.16911748056
1643148132.36 8.53038167403
1643148132.68 32.9778071925
1643148137.86 32.732327631
1643148146.27 20.8827089777
1643148150.27 18.7538945381
1643148153.57 17.0331893621
1643148156.36 16.1923726546
1643148159.04 17.1372707364
1643148161.6 21.2562206748
1643148164.05 21.6991154594
1643148168.74 21.9427642483
1643148174.23 19.7533053282
1643148176.7 21.5197678169
1643148178.54 24.9578749561
1643148181.88 18.639898796
1643148184.66 29.9600696664
1643148189.42 31.7729381344
1643148193.64 27.8811271906
1643148197.68 24.0394255371
1643148201.67 22.8427902285
1643148205.1 21.8680931041
1643148208.79 23.5858732908
1643148212.64 23.5805586591
1643148216.31 23.9284831371
1643148219.64 24.8207008158
1643148223.23 24.6757917477
1643148226.64 24.4821069776
1643148230.2 24.2884536269
1643148233.85 24.3541172323
1643148238.92 21.1073040567
1643148242.45 20.4543612826
1643148246.08 20.1261659148
1643148249.59 19.8616055406
1643148254.21 18.2687245335
1643148258.42 26.5892775382
1643148260.14 20.9539789367
1643148262.0 23.2694735694
1643148263.12 28.2489232194
1643148265.13 36.0820750544
1643148266.5 53.5910038332
1643148267.67 59.3467760029
1643148269.04 64.311583436
1643148270.37 62.3289810931
1643148271.83 68.5752413481
1643148273.57 64.4656002234
1643148275.12 60.3108117877
1643148283.59 54.1223343074
1643148294.17 48.1638253588
1643148304.56 43.9416414711
1643148315.12 41.644920921
1643148325.06 38.964317623
