1642940481.97 1.31963285024
1642940482.67 1.18059719726
1642940483.05 1.24689211622
1642940483.41 1.48569233542
1642940484.14 1.70969859899
1642940484.8 2.77733660239
1642940485.44 4.41196083824
1642940487.36 5.0391368514
1642940487.85 6.26573317292
1642940488.25 7.65938052026
1642940489.06 9.18148102823
1642940492.31 10.5562307296
1642940494.16 13.4186944629
1642940496.07 15.4378496242
1642940497.97 16.5978470261
1642940499.54 18.992330877
1642940502.91 21.3302055352
1642940505.81 24.1726480063
1642940508.94 25.3507631098
1642940512.54 25.1632978905
1642940515.53 26.7420254653
1642940519.33 25.317412161
1642940524.29 16.2287978941
1642940529.26 14.227041849
1642940539.68 5.54160671632
1642940545.23 4.01849669269
1642940546.49 4.11897989363
1642940547.56 4.48019233259
1642940548.48 4.9913555983
1642940549.29 8.983012348
1642940550.17 28.7553708478
1642940552.14 31.4217875014
1642940554.26 31.7393908957
1642940556.31 30.2693077645
1642940558.6 29.4913912859
1642940560.74 33.313693024
1642940562.68 31.9680886542
1642940564.74 30.888444966
1642940566.6 31.2202391463
1642940568.32 36.9542620658
1642940570.1 39.669225805
1642940571.98 40.030566667
1642940573.75 40.8886741086
1642940575.42 42.0815780928
1642940577.17 41.6037580943
1642940579.2 38.5680511269
1642940581.04 38.1991050088
1642940582.82 37.4726166052
1642940584.77 36.1416214699
1642940586.58 36.1713901237
1642940590.14 15.9069881006
1642940600.88 13.0499517496
1642940611.21 11.7003501697
1642940620.89 10.0350142542
1642940632.13 8.94379649686
1642940636.98 10.1634201046
1642940641.74 13.2405638963
1642940646.67 12.0530134067
1642940651.5 12.9021943518
1642940656.92 13.1696734041
1642940657.47 0.645826076706
1642940657.61 1.51990870661
1642940658.45 1.03751963062
1642940658.67 1.09656881519
1642940658.77 1.17677973081
1642940658.86 3.97929397779
1642940658.99 5.52390271766
1642940660.25 22.2195842169
1642940663.92 22.9619940581
1642940667.49 17.1861059599
1642940670.72 13.8859512882
1642940671.48 12.4824637871
1642940674.02 14.1014823766
1642940676.56 13.9083248895
1642940678.67 20.272830861
