1642915081.67 2.20293548387
1642915081.96 2.09123846258
1642915082.15 2.94746405659
1642915082.39 3.66500584641
1642915082.72 3.11626391541
1642915083.02 11.641504765
1642915084.94 7.75548486787
1642915085.85 6.74444327274
1642915086.09 6.82538319624
1642915086.75 6.6218624084
1642915087.35 6.35699202718
1642915088.02 19.4293949478
1642915092.84 17.6596523962
1642915097.77 16.3011656237
1642915101.67 15.7417766419
1642915103.9 14.0357066567
1642915105.83 16.2837158457
1642915107.71 20.1914589393
1642915109.57 26.5525999527
1642915115.84 11.2477018621
1642915117.92 11.3395667714
1642915120.53 10.7772519374
1642915123.29 7.17875424342
1642915124.68 9.24554121454
1642915125.63 27.1750061403
1642915127.57 19.8351447339
1642915129.09 21.9258533076
1642915130.71 34.977938904
1642915132.27 41.7129636006
1642915133.83 33.2543323019
1642915135.77 45.349902971
1642915142.36 5.41374786081
1642915144.94 5.03531311682
1642915146.32 5.08041105833
1642915148.38 4.80059832665
1642915150.1 4.90154003461
1642915151.67 32.0975513921
1642915153.28 35.4315425013
1642915154.76 35.5163615275
1642915156.39 37.0791944126
1642915158.1 37.4017863288
1642915163.82 5.92088669845
1642915172.67 3.43275205852
1642915176.76 2.64501955156
1642915181.83 1.96758609916
1642915183.09 1.94050600257
1642915183.88 2.8371741133
1642915184.65 8.41047016331
1642915186.32 11.8453351763
1642915195.05 29.4666168181
1642915204.93 28.7766861746
1642915216.51 18.1149588001
1642915226.7 23.3470684936
1642915232.01 22.9471341045
1642915237.48 24.0157178093
1642915247.12 29.4722140965
1642915258.18 29.778659751
1642915268.12 30.2723180129
1642915278.18 28.2705217196
