1643140100.6 2.185312
1643140100.96 3.60411514358
1643140101.22 4.92822725604
1643140101.58 5.50920977672
1643140102.81 6.21021823448
1643140103.88 12.4959858006
1643140104.93 14.0619649154
1643140106.08 13.9262476368
1643140113.89 14.723182188
1643140117.56 15.4362556199
1643140122.55 14.2259750113
1643140125.53 14.2117970151
1643140131.3 12.0348518641
1643140135.92 12.2683020615
1643140138.66 12.5239679827
1643140139.59 15.0276348124
1643140140.47 17.0535857966
1643140141.34 27.0601122191
1643140142.98 46.9907769751
1643140144.73 74.6878090126
1643140146.27 73.8921174224
1643140148.23 69.8352351076
1643140149.95 66.7566049444
1643140151.6 63.3163018416
1643140154.68 51.7157340258
1643140157.65 43.2652214317
1643140163.34 29.6877794257
1643140169.17 22.2068175689
1643140174.25 18.1524282718
1643140180.47 15.6442743732
1643140186.73 13.6366471256
1643140192.4 13.3683662691
1643140194.07 15.7038575293
1643140195.7 18.4355298386
1643140197.23 23.7601412057
1643140198.98 33.3420173608
1643140209.23 21.4587777202
1643140211.38 20.7982564055
1643140212.65 21.3092145033
1643140213.81 21.6486096998
1643140215.26 22.1168819915
1643140216.98 57.1170384285
1643140218.77 59.2323688181
1643140220.49 54.7580499579
1643140222.07 50.9312342357
1643140223.78 48.6849783704
1643140225.41 50.004957531
1643140227.17 48.9305170843
1643140229.13 47.5862963305
1643140230.74 46.4967809255
1643140232.5 45.5950757885
1643140236.76 44.8000784486
1643140247.1 43.8347425374
1643140258.23 43.0704244663
1643140267.76 40.9480408017
1643140278.41 37.9541345031
1643140288.63 36.2612041836
1643140298.85 30.0761761178
1643147016.56 2.16796825397
1643147016.92 3.56958378361
1643147017.19 4.85979700159
1643147017.48 6.00670508181
1643147018.36 6.98426817667
1643147019.47 16.1932940103
1643147020.6 18.735503808
1643147028.47 16.4024571714
1643147029.64 15.7046935956
1643147033.49 10.7486959159
1643147033.91 9.03283358337
1643147034.2 7.85234989225
1643147035.03 7.76661584581
1643147035.64 10.7851251964
1643147038.26 11.0757784571
1643147041.14 12.5847279097
1643147047.94 11.2886162524
1643147051.99 11.5896644199
1643147053.11 12.9540963113
1643147054.03 14.2717247995
1643147055.67 16.5343611025
1643147057.62 44.6041989394
1643147059.52 58.3079269996
1643147061.56 59.6327870288
1643147063.59 58.9951597511
1643147066.28 50.885749243
1643147070.12 40.4096570232
1643147073.26 36.0847986986
1643147080.4 23.2561759587
1643147085.68 19.1941374429
1643147091.59 16.2859279948
1643147096.44 15.2053519651
1643147105.73 11.9380868866
1643147107.84 14.3910679227
1643147109.46 16.5762112147
1643147111.01 20.6474052394
1643147112.35 26.1506071922
1643147116.05 43.1397996397
1643147123.9 23.7090969472
1643147125.52 23.5709236342
1643147127.19 23.3136608385
1643147128.67 22.9641793085
1643147130.11 26.8289478145
1643147131.66 58.8131346765
1643147133.18 60.3024398221
1643147134.55 63.2809903787
1643147136.19 60.0036957984
1643147138.19 53.9960864021
1643147140.21 50.4765091035
1643147141.96 47.2676420591
1643147144.16 42.6975257748
1643147146.09 41.240754707
1643147147.85 41.4939260978
1643147149.78 41.7350020426
1643147151.59 40.626742305
1643147159.84 41.3279587395
1643147169.46 41.7318642145
1643147178.91 40.2074702468
1643147188.5 35.9574379309
1643147197.61 34.0563542966
1643147200.81 6.36843878561
1643147201.28 25.8429150206
1643147201.39 29.0437558945
1643147201.49 34.0577657297
1643147201.58 44.7652674118
1643147206.59 57.349093598
1643147209.24 66.747672303
1643147211.45 55.4176245449
1643147213.6 47.6593124525
1643147215.58 42.2710554164
