1642918850.11 2.185312
1642918850.39 3.89578784129
1642918850.59 5.70832886523
1642918850.78 7.41895586744
1642918851.29 8.96483749185
1642918851.88 30.1011175746
1642918854.35 41.4307551221
1642918858.06 46.6366902911
1642918862.82 35.7533462434
1642918874.1 20.1691704815
1642918886.58 13.4182008095
1642918891.18 11.5029414834
1642918893.6 11.2528936671
1642918896.23 11.2069723976
1642918901.38 8.28064342401
1642918905.58 13.0178958759
1642918911.61 11.3057806767
1642918915.91 10.1328211475
1642918918.37 9.97520665109
1642918924.77 8.95619714095
1642918932.32 7.61878236871
1642918936.02 8.27385854284
1642918939.02 8.59763145522
1642918940.96 8.76784521557
1642918942.93 11.2468482384
1642918945.46 15.9379193614
1642918950.6 17.724532084
1642918957.53 16.8599044732
1642918977.78 9.35265780665
1642918986.83 8.27323651395
1642918989.29 8.29318482897
1642918991.4 8.35202904362
1642918993.33 8.93815860142
1642918995.02 15.7047957598
1642918998.02 20.6288171746
1642919001.09 22.9475806721
1642919004.12 24.4386124697
1642919009.23 21.8339051738
1642919014.04 19.3237441162
1642919020.51 21.4809003814
1642919027.15 13.0596348392
1642919028.76 13.8639709908
1642919030.22 16.3342673624
1642919031.51 20.0584122233
1642919032.77 31.1577311256
1642919034.61 58.161320678
1642919036.5 55.6879557181
1642919038.2 51.8756546626
1642919040.26 46.6553510513
1642919041.94 43.147434763
1642919044.15 40.9799632233
1642919046.37 39.3938495578
1642919048.36 37.7684524877
