1642913690.91 2.19408835341
1642913691.26 2.0261464713
1642913691.51 2.72205059525
1642913691.7 3.55995299443
1642913692.25 4.28658611885
1642913692.88 15.7115171325
1642913693.43 29.4469473168
1642913695.55 29.1772529499
1642913698.19 27.3618322491
1642913700.9 27.0238795358
1642913703.47 34.2276103117
1642913706.07 37.3798868723
1642913708.33 34.769176222
1642913710.74 33.9345434068
1642913713.11 36.2012972461
1642913715.25 38.9760630974
1642913717.82 38.6288672254
1642913720.25 38.962745584
1642913722.37 40.3875296243
1642913724.65 41.7107788831
1642913726.53 42.5352142003
1642913728.51 43.8985836259
1642913730.4 46.4076928734
1642913732.18 47.5073182919
1642913733.79 50.8212073013
1642913735.94 44.3678351239
1642913738.18 40.667559987
1642913740.78 32.0198794075
1642913743.29 28.7611845298
1642913746.23 25.1181159044
1642913748.8 23.8517796173
1642913751.09 23.0335734213
1642913753.6 27.0648659122
1642913755.58 27.500109558
1642913757.49 31.9686609489
1642913759.68 33.3766194182
1642913761.5 34.9728440171
1642913763.72 35.9428370995
1642913765.5 36.8195573914
1642913767.11 41.319052591
1642913768.78 41.7703447651
1642913770.51 41.6417424457
1642913775.61 36.1666381435
1642913787.26 35.173228463
1642913797.67 26.948929757
1642913808.21 25.8232798039
1642913819.07 24.3229788818
1642913830.15 24.1345429905
1642913841.14 24.5231946489
1642913852.22 30.9470178443
1642913862.27 30.9119363578
1642913872.61 31.5590261868
1642913883.14 31.535549293
