1642921367.47 2.20293548387
1642921367.82 3.63932112711
1642921368.05 5.07444979765
1642921368.29 6.34832662881
1642921369.04 7.47516613217
1642921369.95 19.5270681747
1642921373.64 24.9832038819
1642921377.24 25.1425442298
1642921381.0 24.486312809
1642921384.03 23.4694805522
1642921386.71 23.7069622973
1642921389.2 23.4223202553
1642921392.87 23.3246825748
1642921396.66 23.7340126585
1642921400.27 24.7184760929
1642921404.23 23.9809300396
1642921408.68 23.2245579341
1642921417.65 17.9487844687
1642921423.8 16.3809512665
1642921429.29 15.280374416
1642921431.17 16.6692572514
1642921432.72 18.9934532591
1642921434.23 29.1828197725
1642921435.78 42.4372205827
1642921437.24 71.8380193462
1642921438.99 73.4706825019
1642921440.71 70.4133832715
1642921442.87 64.9024224318
1642921444.66 61.3859281899
1642921446.68 58.251252942
1642921448.58 57.7727866602
1642921450.28 56.3750629366
1642921452.22 57.1592835543
1642921454.34 37.9053365129
1642921458.12 39.1648963937
1642921466.09 22.5181854833
1642921475.41 14.3563361295
1642921485.66 10.4468394517
1642921489.71 9.79607843018
1642921491.46 10.3793664401
1642921493.56 12.7138510577
1642921495.23 18.4693525475
1642921497.26 24.0528421239
1642921499.66 40.4855664339
1642921501.78 37.7726396074
1642921504.07 36.3539423084
1642921506.09 34.6140955339
1642921508.18 34.1564618688
1642921510.36 35.5296545427
1642921520.58 37.3986051948
1642921529.16 35.5900266224
1642921540.67 27.8804813566
1642921551.55 22.2114899065
1642921566.74 11.6078272765
