1642943187.07 2.185312
1642943187.35 3.90878766897
1642943187.54 5.77638757986
1642943187.74 7.54183897
1642943188.33 9.04734391908
1642943188.63 44.1139007858
1642943191.35 65.6618250861
1642943193.35 59.3455192603
1642943195.43 55.9741655926
1642943197.18 61.4791464213
1642943199.32 61.5512504766
1642943201.79 58.2756955568
1642943203.93 55.4519124985
1642943206.32 51.4826561283
1642943208.78 46.8233902426
1642943211.05 44.697749903
1642943213.76 42.7219427388
1642943216.29 41.066144112
1642943219.15 39.7997071201
1642943221.69 39.6057611929
1642943223.96 39.664186062
1642943226.22 41.4670785539
1642943228.41 43.2635079533
1642943230.3 47.0321605315
1642943232.35 49.7701618626
1642943234.31 52.2225857025
1642943236.13 54.4000643253
1642943238.6 51.0076638047
1642943244.66 31.8685754865
1642943246.2 32.9179628501
1642943248.46 32.0339355439
1642943250.39 31.3201746318
1642943252.96 31.1109283761
1642943255.08 45.7140180931
1642943257.2 41.5410510709
1642943259.34 40.8972548273
1642943261.61 38.2422202892
1642943263.92 38.1304239156
1642943266.16 37.8299122189
1642943268.18 37.2403775378
1642943270.37 37.0262975517
1642943272.57 36.6946381967
1642943277.01 35.8681066731
1642943287.77 35.1689628787
1642943298.26 35.3050218517
1642943307.95 35.3852275634
1642943317.92 36.7826480235
1642943328.58 38.0044713169
1642943339.93 36.3118681944
1642943350.48 36.3325380551
1642943361.62 36.6021050292
1642943372.58 36.8543636646
1642943383.5 36.8989431672
