1642943606.58 2.20293548387
1642943606.87 3.92815369579
1642943607.06 5.76882506716
1642943607.26 7.459335138
1642943607.83 8.92081085361
1642943608.12 39.2194930008
1642943610.65 56.9723054334
1642943612.84 52.9596851352
1642943616.6 43.6033108495
1642943620.01 40.713364629
1642943629.81 23.387012182
1642943635.68 18.983674466
1642943648.31 12.3788213519
1642943652.13 11.3650067618
1642943654.42 11.1155647303
1642943656.75 12.947268616
1642943661.03 11.9022579384
1642943665.96 13.3805506677
1642943671.67 11.2641098615
1642943674.46 10.7254493025
1642943677.92 9.95055205817
1642943681.48 10.1866536595
1642943690.64 8.15423092977
1642943695.05 8.53494500788
1642943698.54 8.2670390887
1642943700.75 8.70307024168
1642943702.5 9.46275362045
1642943704.6 14.505358346
1642943709.25 17.3339138587
1642943714.62 18.4627778025
1642943735.16 10.0342687806
1642943745.06 8.39815226554
1642943750.41 8.17002633526
1642943754.16 8.28306826041
1642943757.27 8.66100344291
1642943760.16 15.0799933152
1642943763.02 21.5532525949
1642943767.21 22.6002274946
1642943771.9 21.1046426535
1642943776.45 18.736266406
1642943782.89 15.5048660312
1642943785.14 15.9407681988
1642943788.72 16.1832046239
1642943790.16 19.3862049229
1642943791.99 23.6665123753
1642943793.71 36.6266262114
1642943795.21 40.0792578796
1642943796.96 51.7642181055
1642943799.08 47.0032054902
1642943800.81 46.6510764483
1642943802.7 43.9154281345
1642943804.61 42.0628440094
