1643160992.63 2176.60557769
1643160992.83 12244.9666667
1643160992.95 74072.2
1643160993.07 76170.0
1643160993.3 37513.8761905
1643160993.9 43270.9861878
1643160996.4 42694.2821882
1643161001.49 19263.3327346
1643161007.45 16134.2011624
1643161011.39 24793.8309064
1643161015.14 27155.0766435
1643161016.57 84902.8897216
1643161018.22 75927.3296259
1643161020.25 60232.7135218
1643161022.41 50523.4085882
1643161028.6 13185.0967572
1643161031.79 30610.706334
1643161034.72 25304.1932887
1643161037.18 40503.9183778
1643161039.09 56684.4689507
1643161040.91 60862.7423617
1643161042.42 81353.2990937
1643161044.3 58287.3963964
1643161045.76 99005.9205298
1643161047.22 81888.7928803
1643161048.98 59638.2342995
1643161055.84 11625.5845912
1643161056.06 78069.5212766
1643161056.27 79271.7816092
1643161056.45 117790.421053
1643161056.66 79757.9659091
1643161056.87 80449.4588235
1643161058.36 74758.5198745
1643161060.03 54117.2922297
1643161061.71 53576.5790774
1643161063.81 40579.4867529
1643161065.62 44517.6776316
1643161067.92 35370.8270065
1643161069.99 37133.0163043
1643161072.61 26271.3146119
1643161083.57 6077.56797955
1643161084.74 7677.6350211
1643161085.39 14223.878327
1643161096.43 8649.69340659
1643161106.83 10595.238653
1643161118.24 10829.280292
1643161129.66 7824.19900908
1643161139.06 10682.6169591
1643161150.49 11113.8487874
1643161161.88 10592.8076923
1643161171.29 11012.8384279
1643161181.73 11262.7639665
1643765837.67 2202.93548387
1643765837.89 11978.7717391
1643765838.0 92590.25
1643765838.12 88865.0
1643765838.34 42354.3763441
1643765838.77 49072.985589
1643765839.19 44281.9038133
1643765844.58 19250.3666143
1643765850.46 15901.6683296
1643765851.46 14722.5279429
1643765851.96 28674.5295775
1643765852.37 28527.4321429
1643765852.72 27173.8043478
1643765853.07 27269.7299578
1643765856.12 90965.809059
1643765860.66 18204.4958858
1643765862.23 71260.8489723
1643765864.04 57479.5764448
1643765865.91 55721.4922316
1643765872.04 14399.8079782
1643765875.01 29588.4307507
1643765877.79 24471.0487096
1643765880.15 40457.9531006
1643765881.93 55124.9778761
1643765883.75 58437.960739
1643765885.17 77076.6774194
1643765886.55 75370.7624873
1643765888.23 60537.8166118
1643765889.38 94820.1664393
1643765891.02 70089.1915303
1643765892.47 68723.6815102
1643765898.9 11034.6060657
1643765899.11 82414.8333333
1643765899.32 78706.7727273
1643765899.5 117868.4
1643765899.72 84446.4606742
1643765899.9 123000.491228
1643765901.13 82876.4993647
1643765902.47 63004.380123
1643765903.82 65979.5630734
1643765905.51 50149.4320312
1643765907.42 37505.6760287
1643765909.39 39946.1164792
1643765911.36 41352.7194539
1643765913.13 40558.2388929
1643765916.1 24286.2614173
1643765926.81 5550.69721465
1643765936.92 24769.1864407
1643765947.18 5085.38381201
1643765958.58 10577.1610044
1643765968.49 10901.7579251
1643765981.41 11520.1985714
1643765990.81 10812.0177515
1643766001.75 11115.0182073
1643766012.67 11192.1611983
1643766023.6 10897.3914894
1643766034.72 12345.5375887
1643774353.47 2185.312
1643774353.67 12382.5505618
1643774353.79 79363.0714286
1643774353.9 82029.2307692
1643774354.12 45801.8255814
1643774354.62 59109.8
1643774356.79 46249.4210411
1643774361.23 22187.4538402
1643774366.59 18444.0267895
1643774371.58 18698.1714478
1643774375.47 23943.6111273
1643774376.53 127696.133655
1643774378.34 54257.3186416
1643774379.48 107125.845109
1643774381.09 68058.2638037
1643774383.09 47548.0259166
1643774389.4 13603.0177414
1643774392.48 30549.9926128
1643774395.07 36393.7421587
1643774397.48 40559.2139939
1643774399.42 48553.8741765
1643774401.37 53820.0039973
1643774402.96 68223.9121265
1643774404.36 76042.1871821
1643774406.05 60777.3506805
1643774407.39 82118.2782705
1643774409.04 73717.5653041
1643774410.43 76841.3204593
1643774416.8 11681.2070588
1643774417.01 79929.2142857
1643774417.22 81612.8023256
1643774417.4 113970.066667
1643774418.36 8231.68370987
1643774418.59 63543.0825688
1643774418.8 81288.5517241
1643774419.01 87392.2674419
1643774419.19 116850.466667
1643774419.37 121788.95
1643774420.47 87346.9815341
1643774421.81 59313.5865979
1643774425.01 50425.1948154
1643774437.47 53765.159176
1643774448.45 7088.50052848
1643774459.37 10027.033121
1643774469.75 10833.1556886
1643774479.64 11022.3729569
1643774491.04 7962.27310924
1643774502.45 10651.4723032
1643774513.34 11507.8404727
1643774523.23 10438.393586
1643774533.12 11192.0414201
1643774544.02 11789.6769006
1643774554.41 10748.4176471
1643774565.83 11321.1455064
1643774576.49 3208.87730061
1643774586.82 4748.24536465
1643774596.24 12505.1781609
1643774605.79 9780.82155689
1643774615.45 8648.26299046
1643774617.37 12939.7757143
1643774617.47 296571.0
1643774617.92 71181.3333333
1643774618.05 106594.4375
1643774618.17 104056.4
1643774618.29 81200.2105263
1643774618.69 58776.7246377
1643774619.17 51023.1172638
1643774621.43 74609.7614437
1643774628.04 14589.1657881
1643774628.6 36999.2972292
1643774629.23 25741.4677755
1643774629.57 51411.4040404
1643774629.85 51533.4258065
1643774630.08 51652.6859504
1643774632.62 38954.8527668
1643774635.38 37084.2784145
1643774637.43 47190.0734003
1643774639.55 53806.268556
1643774641.01 76658.1278049
1643774642.46 77127.6959922
1643774644.48 52007.1650295
1643774645.78 89883.8792683
1643774647.18 89560.7827051
1643774648.91 61423.1107595
