1643170611.93 3084.10967742
1643170612.13 17335.5707865
1643170612.25 111108.3
1643170612.36 165881.333333
1643170612.59 58665.3170213
1643170613.23 38298.5256724
1643170615.69 54331.2108974
1643170617.73 56224.6946265
1643170620.1 48814.4237096
1643170622.42 48704.752481
1643170624.56 51245.8958853
1643170626.56 52273.7633487
1643170628.35 54335.8386397
1643170630.22 54639.3776854
1643170632.04 54686.2528169
1643170633.97 48844.7902597
1643170636.25 44374.4518642
1643170638.38 48443.0215783
1643170640.45 47021.2353993
1643170642.59 51005.1001927
1643170644.37 53564.5210756
1643170646.27 56177.9040334
1643170647.97 59814.1848998
1643170649.47 66740.5982143
1643170651.16 60342.536566
1643170652.75 64019.6084702
1643170654.26 68972.6847015
1643170655.74 69908.8176638
1643170657.06 74574.2296137
1643170658.93 53271.8873446
1643170660.81 49027.3225138
1643170662.8 43280.1771242
1643170665.1 38444.9408284
1643170667.03 41553.0959792
1643170668.96 42289.9655397
1643170671.07 42794.351527
1643170672.96 39830.0739045
1643170675.03 42629.9379085
1643170677.03 38193.9596273
1643170678.76 42523.413895
1643170683.54 47303.8120855
1643170694.49 51824.1787004
1643170704.39 41770.6449827
1643170715.09 34797.0901781
1643170725.51 37804.7942974
1643170735.5 39926.9281553
1643170747.95 39171.5182131
1643170758.87 38628.859944
1643170770.01 39782.5659787
1643170780.98 36688.784153
1643170791.03 37936.763475
1643170801.48 38673.7411301
