1643136282.0 2.19408835341
1643136282.28 2.08134191925
1643136282.49 2.93052309109
1643136282.68 3.82683736994
1643136283.2 4.6092427061
1643136283.83 21.4866482975
1643136286.27 30.4557844607
1643136288.81 26.2754743421
1643136291.06 24.2903400274
1643136292.94 23.1858277918
1643136295.11 25.9516963877
1643136297.73 25.0723750203
1643136300.19 31.6374636158
1643136302.74 32.0105155024
1643136305.3 35.1534461264
1643136307.13 32.7039521246
1643136308.95 35.1357311731
1643136310.63 39.0206803481
1643136312.87 39.9040106762
1643136315.17 41.3578352525
1643136317.65 34.5620546667
1643136320.66 30.441754655
1643136324.07 24.4564893014
1643136327.29 21.876746996
1643136330.47 20.2043975693
1643136333.41 19.5440419535
1643136336.25 19.5222502831
1643136338.6 23.8617635407
1643136340.62 26.8866181199
1643136342.46 30.2971134376
1643136344.4 33.9331832209
1643136346.77 33.9211367996
1643136349.31 32.5290631541
1643136351.86 28.629190966
1643136354.37 25.8158309014
1643136356.92 23.9224739468
1643136359.49 23.1820891778
1643136361.9 22.7927425739
1643136364.12 27.0694253601
1643136366.16 29.0656844353
1643136368.26 28.6512908973
1643136369.83 30.8426922725
1643136371.59 33.12136597
1643136374.27 35.94150128
1643136384.08 36.4442359518
1643136394.65 35.4515065043
1643136406.04 27.6447530935
1643136418.11 26.7692178875
1643136427.75 25.4104458707
1643136438.33 25.9702960095
1643136447.55 25.1922833538
1643136458.88 10.7218239485
1643136469.03 9.08026218621
1643136480.14 9.1639650288
