1642914657.06 2.185312
1642914657.35 2.07430684868
1642914657.54 2.92331601239
1642914657.73 3.81300342574
1642914658.32 4.57696090419
1642914658.93 20.8683237172
1642914660.88 31.2978857636
1642914662.78 28.9956751682
1642914665.69 26.9508188709
1642914668.45 26.5276555721
1642914671.67 28.2975364516
1642914674.79 25.0340955046
1642914680.78 10.3190921932
1642914687.47 4.5308975368
1642914693.65 3.29903252757
1642914699.57 2.62650075654
1642914708.93 1.89684760855
1642914712.67 1.20670595263
1642914715.39 1.14126576308
1642914716.13 1.08453651543
1642914717.0 0.997383568513
1642914718.18 0.877619417449
1642914719.07 1.25948527781
1642914723.02 0.818257497383
1642914724.59 1.15147183668
1642914725.98 1.2008469327
1642914727.27 1.39099317622
1642914728.82 2.524028637
1642914730.43 3.44996221988
1642914731.8 3.51714361383
1642914733.15 3.53508282428
1642914734.31 3.88484624421
1642914738.23 4.56040623993
1642914741.26 5.15090197948
1642914744.43 8.2865873372
1642914747.47 6.50805211089
1642914751.96 7.77437865129
1642914753.19 9.36269141186
1642914754.32 12.670739342
1642914755.56 19.5506150692
1642914757.19 23.1729459075
1642914759.3 33.6024791228
1642914761.42 29.2618587582
1642914763.59 26.4891011944
1642914765.55 24.9019635735
1642914767.7 22.7412563373
1642914771.79 22.6873147779
1642914774.24 25.4969700357
1642914776.62 30.3715384199
1642914778.65 32.1829503554
1642914780.95 23.1191806956
1642914783.35 31.1967702234
1642914785.64 30.3627498712
1642914788.15 29.7194841666
1642914790.79 22.2731983512
1642914793.21 21.2719691355
1642914795.97 20.6806541316
1642914798.26 19.957271086
1642914800.12 19.6611623687
1642914801.72 23.9039144434
1642914801.85 18.052546944
1642914801.96 18.1416134334
1642914802.03 21.790407174
1642914802.75 2.84885771783
1642914802.88 3.24351398144
1642914802.99 3.8441925005
1642914803.09 3.95477695826
1642914803.34 3.98283413566
1642914803.54 200.441485242
1642914807.38 11.3687546485
1642914807.93 8.08351793172
1642914808.24 6.30423176031
1642914808.48 5.35890960725
1642914808.69 4.8948527273
1642914808.9 31.0364329734
1642914810.62 49.042822895
1642914812.08 58.9125703013
1642914814.56 36.7210459407
1642914816.74 32.0737394658
1642914819.37 27.2774367221
1642914821.69 24.6810475475
1642914824.31 21.9830394275
1642914826.67 29.6120355816
1642914829.06 28.7104978052
1642914831.41 33.5903653366
1642914833.66 37.3128556908
1642914835.96 41.057728687
1642914838.33 39.9189064008
1642914840.79 38.956918096
1642914843.29 38.3720464067
1642914845.69 38.3300954043
1642914847.78 38.912851605
1642914849.94 39.8226643681
1642914852.12 41.0175660796
1642914853.98 41.1204433042
1642914855.86 41.6254170097
