1642944501.38 1.32282808717
1642944502.19 1.80558143976
1642944502.7 2.31589588888
1642944503.47 2.43100969437
1642944505.18 2.83630365901
1642944507.09 4.50241797683
1642944507.84 5.82323119781
1642944509.68 6.48696553455
1642944510.02 10.2056916621
1642944511.01 11.496819837
1642944516.44 12.1319906624
1642944520.68 12.8121254231
1642944524.98 13.2501593941
1642944527.84 13.8596226161
1642944532.72 12.393820127
1642944537.02 11.914616583
1642944541.48 11.2625783163
1642944546.52 10.6223808695
1642944548.97 10.5626492539
1642944552.08 11.2411072012
1642944553.2 13.5851645235
1642944554.4 17.4396339533
1642944561.17 19.8949251383
1642944565.4 20.5525784952
1642944569.71 23.1024373506
1642944572.83 21.6686289531
1642944574.38 22.5020259441
1642944576.13 31.2493467771
1642944577.93 38.1496409154
1642944579.8 50.5940737944
1642944581.6 61.5021814114
1642944583.56 55.1282655429
1642944585.92 50.7543464492
1642944588.02 47.4960277913
1642944589.98 45.4979689328
1642944591.98 43.4518725437
1642944593.83 43.5654094585
1642944595.78 44.5497322122
1642944598.16 42.5958784286
1642944602.43 31.0286658567
1642944605.47 28.011374824
1642944608.19 25.4339765847
1642944610.73 23.9443225998
1642944613.69 23.1069323593
1642944616.35 26.4937693766
1642944620.82 23.4657071227
1642944623.77 23.0614681543
1642944629.51 18.0390185997
1642944631.84 18.7962320746
1642944633.24 20.3142003998
1642944634.87 24.8647713289
1642944636.6 27.9268458202
1642944638.17 47.0981129884
1642944640.19 49.4795651287
1642944641.73 48.3375069661
1642944643.25 48.0760591773
1642944652.48 48.911703167
1642944662.73 32.1986531558
1642944671.53 28.4924316802
1642944681.43 23.7191331767
1642944681.98 6.89878171111
1642944682.09 23.502397474
1642944682.15 25.6584183875
1642944682.89 16.7333317756
1642944683.0 19.3146334892
1642944683.09 24.4131164763
1642944683.19 26.8905047094
1642944689.78 20.270582047
1642944695.19 31.9555681575
