
1642947725.73 2.15939920949
1642947726.12 3.47012579682
1642947726.46 4.44014875692
1642947726.79 5.16679120907
1642947728.56 5.58046955301
1642947730.19 9.6088923971
1642947730.84 10.2543948889
1642947731.41 10.7353210149
1642947732.0 11.4362226077
1642947736.54 12.8489179827
1642947742.56 12.5761946301
1642947747.14 12.4245931366
1642947751.08 12.3668613459
1642947756.51 11.2718271563
1642947758.45 12.3855810814
1642947759.65 15.2453681162
1642947760.92 19.0401118693
1642947762.98 24.8813710311
1642947765.28 44.9673489837
1642947768.21 47.9085985449
1642947771.59 40.7958194661
1642947778.18 28.3126581442
1642947784.58 21.4786015528
1642947789.66 18.3444609498
1642947794.53 16.5396901472
1642947797.82 16.7597723176
1642947799.76 20.8007412007
1642947828.34 9.14177909541
1642947840.75 7.6051265492
1642947841.88 8.00323099808
1642947842.65 8.29253128128
1642947843.54 8.2796414539
1642947844.35 21.0793445128
1642947846.1 57.5892184739
1642947848.38 56.205071583
1642947851.02 46.9437328456
1642947853.19 42.5468545631
1642947855.57 38.2545633539
1642947857.68 36.3543512623
1642947859.85 35.9513899682
1642947862.24 36.977202772
1642947864.1 38.1289817625
1642947865.98 39.5062794311
1642947867.67 41.6298385431
1642947869.46 43.4335000306
1642947871.63 43.1186672076
1642947873.52 42.7294003907
1642947875.23 42.5302290977
1642947877.48 40.5558731144
1642947879.12 40.6546233642
1642947881.02 42.6820438655
1642947882.67 44.6210963868
1642947884.17 46.3012628544
1642947885.85 50.0101170323
1642947887.2 52.9348440028
1642947896.48 56.4879549817
1642947906.67 42.8873711494
1642947916.14 34.2549163377
1642947925.15 22.559582437
