1643138482.97 2.19408835341
1643138483.25 3.90538270651
1643138483.45 5.73608035589
1643138483.65 7.4994008022
1643138484.18 9.01982220278
1643138484.47 46.1837798001
1643138487.01 70.8723521258
1643138489.25 64.5630895678
1643138491.16 60.1961535579
1643138493.09 65.1975977385
1643138495.13 59.758240191
1643138497.11 61.5421715036
1643138498.62 65.4649153896
1643138500.24 67.0645685339
1643138502.59 61.1087306853
1643138504.7 57.8172716567
1643138507.1 53.3113970163
1643138509.33 48.6866735152
1643138512.14 42.4970320793
1643138515.38 38.5617433549
1643138518.23 35.6610461861
1643138521.12 34.2737210916
1643138523.89 32.8207198189
1643138526.4 33.2176345153
1643138528.9 34.8600765376
1643138535.21 26.2618558462
1643138536.96 28.3463676575
1643138538.98 29.8260036264
1643138540.72 31.504463438
1643138542.46 33.870432638
1643138544.67 55.2752443171
1643138546.66 52.188706914
1643138549.02 49.6859852788
1643138551.13 47.2199955694
1643138553.04 44.4206691308
1643138555.05 43.816409832
1643138557.13 41.6741868094
1643138559.43 40.6754849228
1643138561.71 39.0282936703
1643138563.71 37.7735777595
1643138565.87 37.2010046497
1643138567.93 36.7587257483
1643138577.14 36.581170326
1643138588.8 37.5878209295
1643138599.3 37.6581384567
1643138609.57 36.8383091145
1643138620.03 37.6612996877
1643138629.5 38.1915148802
1643138642.13 38.4140162875
1643138652.06 38.2932933351
1643138662.17 39.0862768923
1643138674.21 38.811925221
1643145433.0 2.22084552846
1643145433.3 3.96106184079
1643145433.49 5.85247947921
1643145433.69 7.60145826656
1643145434.19 9.17369652733
1643145434.44 48.1718943435
1643145437.05 73.0845443944
1643145438.95 66.6947730065
1643145441.17 62.2597131156
1643145443.92 58.1894009438
1643145446.41 50.3102656413
1643145449.09 47.7010739075
1643145451.64 43.4429834975
1643145454.28 41.768725548
1643145456.76 41.5978731441
1643145459.01 41.5888898123
1643145461.22 43.0571079731
1643145463.27 45.3659496397
1643145465.64 46.6554111478
1643145468.07 48.2243403739
1643145470.26 49.5460329173
1643145472.64 48.8537474006
1643145474.93 47.7691696503
1643145477.0 47.8535788721
1643145479.52 45.9468932186
1643145485.55 45.7891303209
1643145487.47 47.9276912967
1643145489.35 49.5921917174
1643145490.67 54.1120534789
1643145492.07 64.427821562
1643145493.95 47.7535721923
1643145495.58 48.0602933036
1643145497.55 64.9323361351
1643145499.03 62.4798783532
1643145500.69 59.7207445662
1643145502.25 61.7611970612
1643145504.22 58.7389999178
1643145506.23 59.1367261691
1643145507.99 56.3040375851
1643145509.92 50.3495365949
1643145512.47 43.5263241903
1643145514.61 40.4680186018
1643145522.65 36.9995174248
1643145533.19 35.7823890883
1643145544.2 35.5152247643
1643145554.48 36.670457071
1643145564.67 36.9673227872
1643145575.55 38.9964995752
1643145586.21 38.8397612885
1643145596.65 38.8128609293
1643145607.13 39.6158561758
1643145618.13 41.0930987781
1643145629.67 39.8859429019
