1643172104.21 2194.08835341
1643172104.42 11020.47
1643172104.57 24153.9782609
1643172104.71 25390.0
1643172104.99 24465.5714286
1643172105.81 25678.847541
1643172106.61 24313.5328125
1643172110.76 25257.2516927
1643172114.95 23780.0024869
1643172119.17 22307.8184492
1643172123.45 21580.0517196
1643172127.1 25713.1319715
1643172130.79 23284.3810853
1643172134.63 24274.8220443
1643172137.99 26740.5230716
1643172141.56 24032.2610224
1643172145.68 21943.007705
1643172153.95 10000.583047
1643172155.34 6293.67430025
1643172157.03 4766.80434783
1643172158.42 6303.16310372
1643172159.15 10435.4192496
1643172159.91 11423.3574803
1643172160.27 30061.1794872
1643172160.62 30099.2067511
1643172160.98 29710.5527426
1643172161.39 24214.6711864
1643172161.82 24219.5874587
1643172166.71 22119.6760173
1643172167.17 19747.2176471
1643172167.91 11431.1091205
1643172168.11 91176.0533333
1643172168.31 93551.972973
1643172168.5 91134.1578947
1643172168.72 95568.972973
1643172168.92 92786.8518519
1643172170.29 73197.3353365
1643172171.38 103859.562102
1643172172.68 71920.7894737
1643172173.84 82191.6842857
1643172175.12 70385.1677632
1643172178.91 60379.8002103
1643172189.06 50048.5754561
1643172199.61 38221.9141956
1643172210.47 10656.2393111
1643172220.99 2307.75790194
1643172232.72 5003.35577558
1643172243.12 10841.1127596
1643172245.03 11274.6859624
1643172247.34 40004.122905
1643172249.64 44504.8235294
1643172251.93 50400.86875
1643172253.72 48726.16
1643172255.5 77696.3090909
1643172257.91 34736.1195582
1643172260.01 70880.2766798
1643172262.08 26545.9457472
1643172265.11 18600.099262
1643172273.56 10504.6204131
1643172275.6 11073.1577017
1643172275.71 21183.6428571
1643172276.17 16426.4615385
1643172276.39 15791.7685185
1643172276.59 15927.0
1643172276.79 15905.1958763
1643172277.75 15739.6921087
1643172278.92 15727.0050201
1643172280.08 15638.8552764
1643172281.32 14704.4267161
1643172282.41 15709.8620321
1643172283.39 15062.8296837
1643172284.24 14296.991573
1643172284.93 14289.2325581
1643172285.61 11425.9140768
1643172286.4 9603.1589896
1643172287.52 7000.23838384
1643172288.9 5714.00159236
1643172290.51 4683.2273033
1643172293.13 2941.06267577
1643172294.74 5017.06693712
1643172296.43 3424.56683509
1643172298.11 5132.74983881
1643172298.88 10010.8169014
1643172302.36 2159.5212861
1643172303.1 4695.83365949
1643172303.67 5711.569161
