1643170111.38 1951.17142857
1643170111.87 2869.9140625
1643170112.62 1727.96734059
1643170113.29 1887.39823009
1643170115.46 1930.86127451
1643170117.75 2082.9775023
1643170120.64 1944.62617498
1643170123.19 2015.13714992
1643170126.17 1948.24232915
1643170127.81 2856.92745098
1643170130.09 1557.55329949
1643170131.12 2858.18360656
1643170132.02 2865.55400254
1643170133.81 1429.04599761
1643170134.89 2560.5282631
1643170137.72 966.648161765
1643170140.16 812.736842105
1643170142.56 804.851770879
1643170143.45 1429.44827586
1643170145.34 630.198656967
1643170146.26 1428.09791922
1643170147.05 1428.62572254
1643170148.82 1431.83971631
1643170151.4 297.124177193
1643170151.87 2049.4180615
1643170152.56 1760.54749568
1643170154.39 429.870543469
1643170155.15 1600.99393939
1643170155.52 4313.2804878
1643170155.87 4309.64876033
1643170156.27 3565.86779661
1643170156.73 2855.59279778
1643170157.7 2040.93848975
1643170158.68 2042.04069863
1643170159.3 3500.91777409
1643170159.72 6119.54481793
1643170160.13 6076.79777992
1643170160.7 4087.10745074
1643170161.8 7682.14121339
1643170162.87 7539.17075774
1643170163.79 9490.00252525
1643170164.53 11815.5811688
1643170165.23 13125.8947368
1643170165.92 14311.3109091
1643170166.46 17650.1170732
1643170166.98 18638.3341709
1643170167.49 19895.2335958
1643170167.98 20018.9315068
1643170168.52 18682.9928058
1643170169.04 18599.3194805
1643170175.21 11025.8525617
1643170176.28 8578.8712766
1643170177.26 8568.49237984
1643170178.35 8258.1925078
1643170179.58 7145.45081967
1643170180.46 10202.7370518
1643170181.18 14603.3624161
1643170181.75 18603.6127563
1643170182.33 18002.8962472
1643170183.0 17155.0056818
1643170183.11 19771.4
1643170183.5 20337.5238095
1643170183.71 18950.1222222
1643170183.9 18362.8941176
1643170184.08 18814.6829268
1643170184.97 17160.4823695
1643170185.88 21196.3423545
1643170186.77 21433.4173554
1643170191.83 21503.4796992
1643170197.26 17534.6024857
1643170201.54 21846.3579471
1643170205.36 25137.130581
1643170209.61 21672.3965564
1643170213.71 22008.2441383
1643170218.76 17626.7878381
1643170225.89 8448.96953542
1643170227.08 7398.74845361
1643170228.02 8586.87916153
1643170228.99 8561.76023392
1643170229.77 11363.3108729
1643170230.51 12302.4455446
1643170231.26 13115.1482702
1643170231.82 14310.7651007
1643170232.49 13358.8066298
1643170233.15 12930.7279412
1643170233.77 14267.024
1643170234.36 15682.4075724
1643170234.89 17171.4615385
1643170235.55 13768.358349
1643170236.2 13037.1361059
1643170236.79 14285.2212766
1643170237.42 14294.706721
1643170238.02 14276.0
1643170238.69 12891.7057728
1643170239.35 12873.9702602
1643170240.02 12835.0344828
1643170240.73 12869.4092466
1643170241.4 12864.2715596
1643170242.09 12865.0299296
1643170242.65 17159.1752336
1643170243.19 16739.8175355
1643170247.84 14262.0151803
1643170259.6 11834.7934959
1643170269.9 6940.40816327
1643170280.82 4673.56667854
1643170291.23 6030.45666667
1643170293.69 9983.92597577
1643170296.65 23762.0188088
1643170299.06 26189.6415771
1643170301.01 24195.0559006
1643170303.52 18599.3194805
1643170306.16 10513.9244024
