1642944286.63 2.17660557769
1642944286.92 3.88624000646
1642944287.11 5.70854697617
1642944287.31 7.44608793729
1642944287.84 9.00318453351
1642944288.08 47.2379346927
1642944291.05 68.5042585814
1642944292.75 66.9485494474
1642944294.79 62.7968063573
1642944297.03 62.7633855067
1642944299.25 57.7564795882
1642944301.21 61.2073539367
1642944303.5 54.3357375937
1642944306.12 49.3449636217
1642944308.33 48.2223723043
1642944310.43 46.6991626669
1642944312.7 45.5349520165
1642944315.65 43.6276823742
1642944318.25 43.7024831581
1642944321.14 41.0597457348
1642944323.91 38.2248659398
1642944326.68 36.3176193923
1642944329.15 37.0987598553
1642944331.33 38.2539463674
1642944333.38 41.0336516542
1642944335.14 45.8080177923
1642944337.17 49.0387060005
1642944339.18 51.6545965555
1642944341.02 53.2653038746
1642944343.22 51.3287327531
1642944345.48 47.6625812612
1642944347.54 46.2350203094
1642944350.13 43.5200608269
1642944352.25 41.2155492446
1642944354.29 40.8943586807
1642944356.24 41.5900404952
1642944357.97 42.4483114297
1642944359.68 45.5115743177
1642944361.21 49.2441890178
1642944362.6 53.6431544908
1642944364.04 58.2934426591
1642944365.3 63.6434401916
1642944375.74 68.8739198082
1642944386.18 63.6987983385
1642944396.05 58.0642960175
1642944406.59 52.4960751549
1642944418.57 46.7305661394
1642944428.87 41.0790122873
1642944440.21 37.031942153
1642944450.13 36.1880020164
1642944459.7 28.9628400446
1642944469.95 24.9805734086
1642944481.4 25.0907654863
