1642919684.57 2.13409375
1642919685.07 3.10894583104
1642919685.79 3.02274840249
1642919686.37 3.19389211077
1642919687.26 3.50371678232
1642919688.34 4.39066644452
1642919694.75 3.68694625998
1642919695.92 4.23113970989
1642919697.25 5.02108419159
1642919698.98 5.32772737222
1642919700.23 5.82758032365
1642919700.68 8.85041067812
1642919701.41 10.5157417878
1642919704.85 10.8887085175
1642919708.72 11.8139827099
1642919712.11 12.5532066029
1642919716.06 12.9214104044
1642919718.7 14.0267052956
1642919722.45 12.8863490568
1642919727.05 11.7714724607
1642919730.26 11.6469747007
1642919735.21 10.6965399719
1642919738.9 9.98405573877
1642919741.23 10.6835248712
1642919743.8 12.2646034544
1642919744.86 14.3900835667
1642919747.56 20.2681124413
1642919753.36 23.9204372385
1642919757.5 24.6011951213
1642919761.74 35.7692251363
1642919764.32 24.3971084073
1642919766.29 24.7445005437
1642919768.23 29.2386494377
1642919770.14 25.4594259251
1642919772.1 45.6493303849
1642919774.18 47.7337047082
1642919776.52 62.7084693111
1642919778.96 41.7348396212
1642919781.25 39.6337183981
1642919783.15 37.8977242074
1642919785.16 37.8373523447
1642919787.01 39.9701406409
1642919788.87 41.8069490538
1642919792.21 35.6935381486
1642919795.46 30.0996064087
1642919798.37 27.6327255219
1642919800.76 25.9744711853
1642919803.16 24.2718841473
1642919806.06 25.4077385368
1642919809.66 24.2945732607
1642919812.64 23.9023659052
1642919815.69 22.6979794082
1642919821.19 18.0818921585
1642919823.33 18.9182587109
1642919824.62 23.0203794337
1642919825.76 37.3686804738
1642919828.0 29.7241764323
1642919829.45 37.475862715
1642919830.57 56.815089144
1642919831.46 54.3895734434
1642919831.59 55.0671051649
1642919831.7 57.5567022295
1642919831.76 77.5408860999
1642919832.47 23.3190171762
1642919832.57 25.2452532318
1642919832.67 27.2551853626
1642919832.77 27.9501029203
1642919835.45 25.8082695499
1642919837.76 120.410535019
1642919840.16 86.0862705214
1642919842.25 68.7443634054
1642919848.27 37.7346680489
1642919853.86 29.1468861015
1642919856.92 27.1619915245
1642919862.59 21.732802796
1642919866.69 19.2993926902
1642919872.54 19.0054115323
1642919877.4 19.1842225534
1642919881.57 18.0122148965
