1643160300.0 2150.8976378
1643160300.3 5739.828125
1643160300.6 5786.890625
1643160300.88 5795.54347826
1643160301.69 5716.91872279
1643160307.91 2613.73218755
1643160309.29 4632.93367786
1643160309.89 10344.0866808
1643160310.42 13728.6461916
1643160310.87 12856.1735294
1643160311.46 7150.88559322
1643160312.46 9255.71378911
1643160313.21 9983.985623
1643160313.98 10004.5294118
1643160314.81 10000.3405483
1643160315.39 15738.5657895
1643160315.93 17068.5269608
1643160316.43 20110.728022
1643160316.96 18504.3441397
1643160317.55 15761.6955603
1643160318.64 8309.91127349
1643160319.83 6000.85553471
1643160320.42 15734.9934924
1643160320.97 16320.9187935
1643160321.51 17189.1855422
1643160322.22 12098.6271478
1643160323.25 7919.43237251
1643160324.07 10604.8193642
1643160324.57 18589.3396226
1643160325.05 18650.15
1643160325.56 18617.2440318
1643160326.15 14426.5907173
1643160326.82 12867.7434944
1643160327.44 14280.8164948
1643160328.31 9505.51612903
1643160329.25 9441.8781407
1643160329.94 12386.975265
1643160330.54 15714.7032258
1643160331.06 18452.580402
1643160331.54 20299.433908
1643160332.04 20936.1615599
1643160332.5 21470.20059
1643160333.13 15145.2631579
1643160334.1 9575.6946472
1643160335.11 8158.45321308
1643160335.82 12856.2512998
1643160337.13 11433.0075415
1643160339.53 5748.94571204
1643160341.77 12856.1188119
1643160344.4 14321.476
1643160346.23 6373.90058972
1643160348.3 8615.53311966
1643160350.38 5501.2223393
1643160353.21 11619.5065886
1643160355.77 26090.2304038
1643160357.8 8574.3984375
1643160360.6 54739.6477987
1643160363.85 2620.1430863
1643160364.68 187397.5625
1643160366.9 28609.4
1643160367.01 34946.5
1643160367.05 139786.0
1643160367.07 139786.0
1643160367.08 139786.0
1643160367.41 27526.0714286
1643160367.44 551023.5
1643160367.61 27383.2631579
1643160367.77 28570.4444444
1643160368.49 22999.5879017
1643160369.38 22218.577305
1643160374.85 28606.4041948
1643160377.94 33345.8546444
1643160380.59 40214.8733645
1643160383.04 33630.7807965
1643160385.24 49457.5312876
1643160387.25 53871.8063859
1643160389.33 48951.8441982
1643160391.69 61631.7536572
1643160394.05 42111.9734273
1643160396.11 46518.8478664
1643160398.21 48123.6511768
1643160400.38 48175.7087676
1643160402.46 48976.80509
1643160407.53 17718.6392236
1643160410.99 25565.3073188
1643160414.49 28040.2034016
1643160417.99 27405.1577833
1643160421.31 26264.7470134
1643160426.2 17507.1289207
1643160430.19 21211.5369416
1643160435.26 15914.4894533
1643160436.44 115563.55573
1643160437.45 114881.292562
1643160438.52 125124.862543
1643160439.63 154090.214264
1643160441.15 62470.4443396
1643160442.58 53679.6943067
1643160444.36 46330.3499638
1643160445.67 69120.0499469
1643160447.11 66525.7646465
1643160448.7 62783.6938144
1643160450.28 56964.0218341
1643160452.08 48342.9834906
1643160453.59 51096.0737123
1643160455.33 51767.1556452
1643160458.37 21425.8171642
1643160462.45 16509.4589716
1643160469.76 15486.1283231
1643160479.45 15277.4930041
1643160490.03 390424.052632
1643765165.06 2125.78988327
1643765165.37 5769.87958115
1643765165.66 5697.86153846
1643765165.99 4718.49557522
1643765167.38 3084.53954581
1643765170.71 1412.42995019
1643765171.78 5679.86906019
1643765173.06 4214.25753661
1643765173.74 10031.524237
1643765174.16 14378.6151316
1643765174.51 14424.008547
1643765175.59 8533.84722222
1643765176.38 9484.02883156
1643765177.16 9989.06646059
1643765177.99 9900.33714286
1643765178.83 10009.4644351
1643765179.4 15719.9977427
1643765179.95 16789.690367
1643765180.45 20109.0569106
1643765180.97 18684.9172932
1643765181.61 15858.3565737
1643765182.5 8394.8976378
1643765183.83 5985.00990099
1643765184.41 15772.0089686
1643765184.97 16139.1674208
1643765185.51 17132.3625304
1643765186.19 12778.7620751
1643765187.2 8310.91166478
1643765188.06 9383.19047619
1643765188.54 18650.15
1643765189.05 18617.2440318
1643765189.54 18582.076087
1643765190.11 15215.0461538
1643765190.77 12873.9702602
1643765191.39 14287.0787879
1643765192.23 10467.597493
1643765193.15 8774.7534418
1643765193.9 11748.1302251
1643765194.49 15759.9291845
1643765195.02 17529.0397022
1643765195.52 19989.5797872
1643765196.0 20618.6912181
1643765196.47 21437.7077364
1643765197.07 16854.862955
1643765197.83 11414.1135647
1643765199.03 6919.82929104
1643765200.25 12847.6
1643765202.8 7950.93579978
1643765205.34 8570.74587459
1643765207.07 12453.4573913
1643765209.29 12867.0408163
1643765211.14 6631.69325658
1643765213.53 9680.69403974
1643765215.61 5917.18088279
1643765217.69 17551.9127517
1643765219.76 51909.8716216
1643765221.86 8926.77333333
1643765223.64 54086.0
1643765225.99 37409.6880734
1643765228.23 6616.39371804
1643765228.34 26961.0
1643765228.76 26693.0
1643765228.93 29405.362069
1643765229.09 29449.9245283
1643765229.25 29109.509434
1643765229.85 28560.5211268
1643765230.54 30007.848659
1643765234.99 24327.4078645
1643765239.93 60735.4063237
1643765242.32 47917.4994432
1643765243.51 111390.1749
1643765244.97 85712.6350365
1643765246.99 36472.8631221
1643765249.25 44406.9361325
1643765251.45 44976.9663434
1643765253.48 47553.263319
1643765255.48 141481.461442
1643765257.98 41924.7581493
1643765260.04 48028.4724939
1643765262.06 49344.3608505
1643765264.03 53191.5210985
1643765265.91 57047.0441176
1643765269.9 23957.2437722
1643765274.0 21160.7555192
1643765277.31 25963.6922543
1643765280.4 29129.2828089
1643765283.69 26615.4103485
1643765288.55 16607.9779874
1643765292.17 23784.80937
1643765298.39 11972.985702
1643765299.26 10126.7782805
1643765299.48 73111.46875
1643765299.69 75145.0989011
1643765299.9 77784.7865169
1643765300.11 82454.7142857
1643765300.28 130964.888889
1643765301.77 63510.6142719
1643765303.37 165190.369801
1643765305.26 44460.6714383
1643765306.93 34368.5865191
1643765308.85 40290.0413165
1643765310.92 41818.4188925
1643765312.91 34404.5476333
1643765321.86 37513.1025482
1643765332.86 14925.2855383
1643765345.03 24716.5832224
1643765355.57 15049.3056843
