1642923018.27 2.1508976378
1642923018.64 3.51800991338
1642923018.94 4.63918061304
1642923019.24 5.52640258002
1642923020.55 6.20482286864
1642923023.38 9.90905415573
1642923023.95 10.6260950275
1642923024.57 10.4154135773
1642923025.88 10.4987520982
1642923026.97 10.7720850399
1642923032.48 13.0919451433
1642923040.33 10.7826165591
1642923042.13 12.3383227754
1642923043.11 14.5343262431
1642923044.01 17.4492457627
1642923045.05 22.5371127643
1642923047.24 57.0713007338
1642923050.35 56.524322225
1642923052.71 50.0882590456
1642923056.62 38.8228959914
1642923062.74 26.706635968
1642923069.27 20.5019640415
1642923074.54 18.3027427373
1642923079.55 22.6948776385
1642923082.03 17.1394037908
1642923083.93 21.3045214395
1642923110.5 9.75970633636
1642923123.33 11.3140015871
1642923126.57 8.33434890547
1642923128.09 8.48420009063
1642923130.3 11.8312563836
1642923132.2 19.0491664557
1642923134.96 39.548434197
1642923137.29 43.6797476146
1642923139.62 39.6101453646
1642923141.74 38.1286833896
1642923143.86 37.3157242173
1642923146.17 37.99162351
1642923148.74 36.2694642882
1642923151.09 34.6763818776
1642923153.62 33.2455527312
1642923155.94 32.0143552274
1642923158.2 31.6055752369
1642923160.65 32.3821168406
1642923162.64 33.3976748073
1642923164.92 33.7002746325
1642923166.96 34.591432142
1642923169.11 34.2457935322
1642923171.46 34.5480109943
1642923173.49 34.2731377245
1642923175.69 34.6492561039
1642923178.24 32.5904045032
1642923181.69 27.9425608466
1642923184.88 26.0713730581
1642923189.01 21.4252333524
1642923193.52 17.9177106774
1642923200.67 17.6144198938
1642923210.67 15.8416680613
