1642944942.51 2.19408835341
1642944942.87 3.59753343765
1642944943.14 4.84869735359
1642944943.4 5.95350763329
1642944944.33 6.89060450125
1642944945.85 14.1832417426
1642944946.9 16.4283193252
1642944954.07 15.2838260052
1642944955.35 14.5300219794
1642944956.56 13.5048090613
1642944960.62 14.250330475
1642944965.02 13.1461651014
1642944967.68 14.4672214048
1642944971.14 14.6413706386
1642944977.21 14.3213411375
1642944981.18 13.4425901255
1642944982.48 16.0585283397
1642944983.74 17.746662306
1642944985.73 21.4539381941
1642944988.06 30.232952354
1642944990.06 50.5274304836
1642944992.63 50.0384195764
1642944995.13 49.3840173913
1642944998.95 39.7133671871
1642945002.06 36.4506139758
1642945009.62 23.6523504684
1642945014.93 19.8091372421
1642945021.28 16.2427349106
1642945026.24 15.1658304963
1642945034.8 12.249460237
1642945037.05 14.8272068061
1642945038.66 17.1752765135
1642945040.3 21.9202760055
1642945042.42 26.5299039447
1642945046.14 48.7062543886
1642945048.01 50.8748025321
1642945049.47 51.4414327155
1642945051.06 50.5922088881
1642945052.34 57.6551837263
1642945053.54 66.589309892
1642945054.81 73.1614428772
1642945056.04 78.2779008059
1642945057.34 83.388637944
1642945059.05 73.7989840726
1642945060.55 67.5266375482
1642945062.17 62.5216303292
1642945063.57 58.3869157116
1642945065.06 54.6949607442
1642945066.93 54.4447933017
1642945068.51 52.9066635932
1642945070.3 51.0375422994
1642945072.16 47.9327160917
1642945082.65 43.7700052178
1642945092.21 42.549913542
1642945102.67 40.7010899682
1642945112.7 38.7768021633
1642945122.45 37.6302798315
1642945132.86 38.0179431864
