1642942497.94 2.15939920949
1642942498.32 1.97966886026
1642942498.62 2.61848068445
1642942498.92 3.11560275245
1642942500.19 3.5019450083
1642942501.72 4.49903234715
1642942503.46 4.64922947678
1642942505.03 4.60654798905
1642942506.29 4.67007099937
1642942506.67 4.76570538073
1642942506.98 8.93191736149
1642942511.83 9.1655385005
1642942515.88 9.18287599508
1642942520.63 9.95072686864
1642942521.85 10.2257560562
1642942522.65 11.7341704272
1642942523.47 17.1801057275
1642942524.3 30.8291695099
1642942526.37 41.9255938549
1642942528.16 45.1598161861
1642942530.3 40.6908608386
1642942532.8 37.7382054301
1642942536.99 15.5276853033
1642942543.33 8.29407957682
1642942549.47 6.26098720221
1642942551.9 5.31117093578
1642942554.21 4.69420125796
1642942556.42 4.56645540506
1642942558.71 7.89870186057
1642942561.0 13.2447973365
1642942562.33 11.3657188567
1642942564.04 13.6064398556
1642942590.32 1.12136107975
1642942591.93 0.895944901997
1642942593.23 0.774778630421
1642942594.93 0.615585796047
1642942596.22 0.535093642011
1642942597.65 3.06284200197
1642942599.05 4.35794034595
1642942604.43 4.31907929914
1642942605.96 4.04848411918
1642942606.65 4.88182246126
1642942608.17 6.48672133793
1642942609.08 10.2012419551
1642942610.57 23.6423445287
1642942612.24 26.499717449
1642942614.39 24.0862484438
1642942615.72 28.6493190944
1642942617.25 31.3664439247
1642942618.56 36.7343836833
1642942619.99 37.9650347786
1642942621.41 47.7371613853
1642942622.72 53.2669099478
1642942633.77 53.9826117377
1642942643.24 33.2640260816
1642942647.82 29.1647886624
1642942653.36 29.014802178
1642942658.16 26.3239373666
1642942663.73 11.4286861287
1642942668.26 10.1106454443
1642942668.42 8.22696125709
1642942668.54 8.42706479283
1642942668.59 8.97513433824
1642942669.47 2.2121814448
1642942669.58 2.59952520692
1642942669.68 2.99532306706
1642942669.79 3.78725258424
1642942670.03 3.80515800762
1642942670.15 262.852784727
1642942675.33 3.86886667673
1642942675.54 3.86645646916
1642942675.73 3.80675166913
1642942676.45 2.27815813897
1642942678.45 0.788887534313
1642942680.47 1.17250763075
1642942681.73 0.853637765864
1642942682.49 0.750322512021
1642942683.18 0.718281406167
1642942683.9 1.85955625056
1642942684.58 5.68248471946
1642942685.24 9.1145842427
1642942687.88 9.89427166767
1642942691.43 9.33939158642
1642942694.59 9.64294655169
