1642918425.94 2.185312
1642918426.22 3.91750252714
1642918426.42 5.77479640472
1642918426.61 7.55827355678
1642918427.18 9.06626292545
1642918427.47 43.5408082424
1642918429.86 64.948161786
1642918432.39 57.0273397656
1642918435.15 49.6035358279
1642918438.26 46.0565401913
1642918441.15 43.3518138085
1642918443.79 39.3806497152
1642918446.79 36.5601845919
1642918449.97 34.2306161009
1642918452.86 34.3653924945
1642918455.67 34.1086841544
1642918458.96 32.5301969523
1642918462.17 32.1484331577
1642918465.38 31.9552997639
1642918468.81 30.4783932205
1642918472.16 29.287453168
1642918477.95 31.2987803365
1642918480.01 34.2470105118
1642918481.76 38.9860818163
1642918483.35 48.4283066927
1642918485.0 60.8886003509
1642918487.27 44.8554929837
1642918489.31 61.2657868823
1642918491.27 58.9932983624
1642918493.69 51.1805063382
1642918496.04 46.7751422409
1642918498.14 44.9577584308
1642918500.8 41.5163646366
1642918503.54 37.0581410283
1642918506.3 35.4644812573
1642918508.78 34.0495818055
1642918511.26 32.4036904371
1642918513.77 32.1910219321
1642918516.29 32.3088538843
1642918518.43 32.9639547909
1642918520.66 34.0079772535
1642918522.77 34.9145309675
1642918524.98 35.7509011739
1642918527.98 37.6038008562
1642918540.36 38.6280229115
1642918552.2 37.6657667135
1642918563.42 37.4229968059
1642918574.48 37.2047409196
1642918584.95 36.0425462994
1642918596.0 35.1038640693
1642918606.78 35.7618442714
1642918618.25 34.9609450589
