1642223198.92	8200	1.999999	0.523	546328	415	-135.98
1642223200.35	260000	2.576189	0.0	1757078	1230	8.199999999999989
1642223201.56	260000	3.368864	0.0	1560847	1033	260.0
1642223202.28	260000	4.651538	0.0	1542805	539	260.0
1642223204.36	11700	4.571639	0.0	3938957	1878	-236.60000000000002
1642223207.12	11700	3.810167	0.0	4536725	2571	11.7
1642223209.69	8200	3.312235	0.0	3920262	2372	4.699999999999999
1642223211.96	8200	3.137157	0.0	3861716	2073	8.2
1642223213.58	8200	3.514689	0.0	3391749	1374	8.2
1642223215.12	8200	3.975693	0.0	2809333	1360	8.2
1642223215.88	4900	5.214867	0.0	1144854	589	1.6000000000000005
1642223216.85	8200	6.247119	0.0	1614484	783	4.8999999999999995
1642223217.57	8200	7.529026	0.0	1563332	547	8.2
1642223221.05	32800	6.043093	0.0	6462926	3264	8.199999999999996
1642223224.68	32800	4.414211	0.0	6930236	3427	32.8
1642223226.06	11700	5.157327	0.0	2629283	1196	-9.400000000000002
1642223229.1	11700	4.486862	0.0	2662617	2863	11.7
1642223233.11	11700	2.69081	0.0	2614451	3829	11.7
1642223236.14	11700	2.365848	0.705	2649932	2853	-171.60000000000002
1642223237.12	4900	3.473558	0.0	1126165	786	-1.8999999999999995
1642223239.11	4900	3.479999	0.0	1166756	1816	4.9
1642223241.74	4900	2.850115	0.0	988609	2457	4.9
1642223242.26	4900	4.32686	0.0	1009447	352	4.9
1642223243.09	4900	5.499394	0.0	1002081	642	4.9
1642223245.52	8200	5.069252	0.0	1790499	2227	4.8999999999999995
1642223246.09	8200	6.492686	0.0	1726085	402	8.2
1642223247.06	11700	7.529918	0.0	2442104	752	8.2
1642223247.61	4900	8.979623	0.0	1056656	370	-1.8999999999999995
1642223248.65	11700	9.936653	0.0	2434805	851	4.8999999999999995
1642223250.08	32800	10.506214	0.0	6714054	1234	11.699999999999996
1642223251.38	32800	11.203953	0.0	7018701	1104	32.8
1642223252.38	32800	12.210268	0.0	6838204	798	32.8
1642223253.53	32800	13.052919	0.0	6922846	964	32.8
1642223254.42	32800	14.164325	0.0	6926196	692	32.8
1642223255.16	32800	15.428634	0.0	7072104	550	32.8
1642223257.73	152400	14.852798	0.0	34013525	2115	32.80000000000001
1642223259.65	152400	15.015623	0.0	30739933	1611	152.4
1642223263.16	152400	13.811564	0.0	34919429	3118	152.4
1642223267.19	152400	12.024454	0.0	34638995	3737	152.4
1642223271.11	152400	10.561271	0.0	30969970	3625	152.4
1642223273.45	152400	11.2722	0.0	35313058	2013	152.4
1642223275.64	152400	12.407032	0.0	32767078	1841	152.4
1642223277.61	152400	13.688366	0.0	34143965	1599	152.4
1642223279.62	152400	14.745976	0.0	35599566	1677	152.4
1642223283.0	260000	15.279056	0.0	55686462	2868	152.4
1642223287.15	260000	16.023349	0.0	61687104	3615	260.0
1642223290.17	260000	16.742111	0.0	56994559	2547	260.0
1642223292.61	260000	17.82087	0.0	55162012	2050	260.0
1642223295.64	260000	18.581924	0.0	63612323	2577	260.0
1642223298.49	260000	19.362368	0.0	53712380	2461	260.0
1642223301.78	260000	20.229857	0.0	59826276	2727	260.0
1642223304.9	260000	21.034822	0.0	58861434	2699	260.0
1642223308.35	260000	21.661911	0.0	53320981	3075	260.0
1642223313.54	260000	21.810563	0.0	62494429	4723	260.0
1642223319.67	260000	21.927594	0.0	53458888	5641	260.0
1642223324.51	260000	22.610025	0.0	53798130	4357	260.0
1642223329.21	260000	23.325698	0.0	61358299	4275	260.0
1642223333.29	260000	24.435204	0.0	50406269	3723	260.0
1642223336.96	260000	25.395751	0.0	43226513	3315	260.0
1642223340.12	260000	26.681693	0.0	35938085	2817	260.0
1642223340.29	260000	26.638693	0.0	631698	43	260.0

1642223340.4	11700	26.625929	1.228	139786	8	-319.28
1642223340.46	260000	26.57271	0.0	631698	2	11.699999999999989
1642223341.26	8200	1.999999	-0.72	2049018	392	-56.400000000000034
1642223341.35	260000	3.930769	0.0	1757078	4	8.199999999999989
1642223341.44	260000	5.844616	0.0	1560847	4	260.0
1642223341.55	260000	7.736487	0.0	1542805	3	260.0
1642223347.58	152400	3.703478	0.0	68504102	5332	44.80000000000001
1642223349.18	32800	4.10845	0.0	15664097	1356	-86.8
1642223355.93	152400	4.675845	0.0	68626847	6293	32.80000000000001
1642223357.63	32800	6.23955	0.0	15851372	1432	-86.8
1642223359.21	32800	7.98421	0.0	14688721	1369	32.8
1642223360.67	32800	9.043561	0.0	12381646	1257	32.8
1642223361.98	32800	10.127971	0.0	10179458	1113	32.8
1642223362.97	32800	11.780781	0.0	7987681	799	32.8
1642223367.52	152400	12.857658	0.0	44466772	4164	32.80000000000001
1642223373.18	152400	13.058609	0.0	45810515	5249	152.4
1642223376.38	152400	13.186437	0.0	42807747	2722	152.4
1642223379.0	152400	13.554718	0.0	40301174	2223	152.4
1642223381.41	152400	14.194466	0.0	39676104	2034	152.4
1642223383.58	152400	14.663438	0.0	40793176	1780	152.4
1642223385.61	152400	15.174015	0.0	37608977	1654	152.4
1642223389.77	260000	15.348883	0.0	79414941	3419	152.4
1642223393.76	260000	16.012047	0.0	73704781	3492	260.0
1642223398.47	260000	16.692584	0.0	80783826	3977	260.0
1642223405.25	260000	16.701447	0.0	77638812	6319	260.0
1642223409.99	260000	17.277789	0.0	74749470	4139	260.0
1642223413.54	260000	18.115661	0.0	75910911	3080	260.0
1642223416.93	260000	18.970908	0.0	74070687	2929	260.0
1642223420.3	260000	19.837377	0.0	73938718	2829	260.0
1642223423.36	260000	20.818086	0.0	73613985	2601	260.0
1642223425.94	260000	21.819644	0.0	69503182	2167	260.0
1642223428.58	260000	23.150379	0.0	72822670	2116	260.0
1642223460.36	260000	18.916553	0.0	70991563	31151	260.0
1642223491.76	260000	15.040452	0.0	66218671	30831	260.0
1642223497.15	260000	15.896772	0.0	71469145	4712	260.0
