1641957797.5	8200	1.999999	0.356	546328	251	-92.56
1641957797.63	4900	3.872523	0.0	425156	33	1.6000000000000005
1641957797.78	4900	5.724124	0.0	613681	46	4.9
1641957797.93	4900	7.577206	0.0	607418	46	4.9
1641957798.35	11700	9.15085	0.0	3938957	290	4.8999999999999995
1641957799.65	32800	9.852553	0.0	15664097	1061	11.699999999999996
1641957800.94	32800	10.567271	0.0	15560661	1115	32.8
1641957802.36	32800	11.146204	0.0	15851372	1244	32.8
1641957805.35	32800	10.153467	0.0	14688721	2827	32.8
1641957806.41	32800	11.0974	0.0	12381646	900	32.8
1641957807.4	32800	12.106498	0.0	10179458	847	32.8
1641957811.64	152400	11.339078	0.0	48821461	3478	32.80000000000001
1641957812.31	32800	12.936079	0.0	6249975	543	-86.8
1641957816.71	152400	12.398238	0.0	45810515	4038	32.80000000000001
1641957822.86	152400	10.361971	0.0	42807747	5840	152.4
1641957823.75	32800	11.690554	0.0	7176786	677	-86.8
1641957824.94	152400	12.91762	0.0	39676104	773	32.80000000000001
1641957826.11	152400	13.916206	0.0	40793176	867	152.4
1641957827.17	152400	15.72441	0.0	37608977	757	152.4
1641957829.4	260000	17.022358	0.0	79414941	1361	152.4
1641957831.44	260000	18.594685	0.0	73704781	1436	260.0
1641957834.26	260000	18.873498	0.0	80783826	2072	260.0
1641957836.77	260000	19.623692	0.0	77638812	1977	260.0
1641957842.13	260000	19.821563	0.0	74749470	4876	260.0
1641957847.54	260000	20.352795	0.0	75910911	4929	260.0
1641957853.24	260000	19.139528	0.0	74070687	5192	260.0
1641957858.08	260000	19.40787	0.0	73938718	4330	260.0
1641957863.61	260000	19.804502	0.0	73613985	5046	260.0
1641957866.02	260000	20.89735	0.0	69503182	1829	260.0
1641957889.15	260000	18.137109	0.0	72822670	22672	260.0
1641957901.35	260000	17.982783	0.0	70991563	11584	260.0
1641957908.5	260000	18.522075	0.0	66218671	6718	260.0
1641957909.73	260000	20.277628	0.0	71469145	742	260.0
1641957911.04	260000	22.109234	0.0	64074874	869	260.0
1641957912.33	260000	23.710537	0.0	65041967	845	260.0
1641957913.86	260000	25.526731	0.0	65860507	1125	260.0
1641957916.09	260000	26.966686	0.0	60900183	1795	260.0
1641957917.75	260000	28.660333	0.0	65223805	1182	260.0
1641957919.73	260000	30.307087	0.0	61492275	1529	260.0
1641957921.78	260000	31.870802	0.0	57534179	1606	260.0
1641957923.93	260000	33.450951	0.0	64191273	1698	260.0
1641957926.11	260000	35.043929	0.0	57421190	1782	260.0
1641957928.37	260000	36.647705	0.0	60358582	1760	260.0
1641957930.39	260000	38.226181	0.0	60581734	1618	260.0
1641957932.11	260000	39.827988	0.0	55686462	1371	260.0
1641957933.87	260000	41.489045	0.0	61687104	1365	260.0
1641957935.42	260000	43.079521	0.0	56994559	1121	260.0
1641957936.84	260000	44.809445	0.0	55162012	1006	260.0
1641957938.41	260000	46.528759	0.0	63612323	1023	260.0
1641957939.94	260000	48.129097	0.0	53712380	1043	260.0
1641957941.76	260000	49.801221	0.0	59826276	1385	260.0
1641957943.67	260000	51.361393	0.0	58861434	1521	260.0
1641957945.39	260000	53.057602	0.0	53320981	1281	260.0
1641957947.6	260000	54.656852	0.0	62494429	1765	260.0
1641957949.41	260000	56.243522	0.0	53458888	1440	260.0
1641957951.28	260000	57.788309	0.0	53798130	1435	260.0
1641957953.44	260000	59.484248	0.0	61358299	1618	260.0
1641957961.6	260000	59.895893	0.0	50406269	1295	260.0
1641957970.39	260000	59.911193	0.0	43226513	2773	260.0
1641957980.99	260000	59.883201	0.0	35938085	3746	260.0
1641957981.56	260000	59.790302	0.0	631698	386	260.0

1641957982.0	8200	1.999999	0.144	546328	28	-37.44
1641957982.04	4900	3.983587	0.0	425156	4	1.6000000000000005
1641957982.07	4900	5.954172	0.0	613681	3	4.9
1641957982.1	4900	7.924008	0.0	607418	4	4.9
1641957982.17	11700	9.853587	0.0	3938957	11	4.8999999999999995
1641957982.35	32800	11.666608	0.0	15664097	36	11.699999999999996
1641957989.2	152400	6.817577	0.0	68626847	5959	32.80000000000001
1641957989.55	8200	8.47139	0.0	3861716	224	-136.0
1641957990.0	11700	10.022397	0.0	5587559	325	8.2
1641957990.1	32800	11.915598	0.0	12381646	37	11.699999999999996
1641957995.39	152400	10.055034	0.0	57184643	4887	32.80000000000001
1641957996.08	32800	11.781941	0.0	7987681	560	-86.8
1641958000.62	152400	12.96133	0.0	44466772	4226	32.80000000000001
1641958003.93	152400	14.164937	0.0	45810515	2966	152.4
1641958007.1	152400	13.489022	0.0	42807747	2844	152.4
1641958009.73	152400	13.204458	0.0	40301174	2301	152.4
1641958013.15	152400	13.610073	0.0	39676104	3127	152.4
1641958016.5	152400	14.754438	0.0	40793176	3021	152.4
1641958020.63	152400	14.657215	0.0	37608977	3827	152.4
1641958022.76	152400	15.650858	0.0	35738670	1799	152.4
1641958030.14	260000	15.274751	0.0	73704781	6726	152.4
1641958037.75	260000	14.846513	0.0	80783826	7092	260.0
1641958042.41	152400	15.510333	0.0	37585290	4364	44.80000000000001
1641958048.57	260000	15.553727	0.0	74749470	5503	152.4
1641958059.54	260000	13.692175	0.0	75910911	10244	260.0
1641958061.27	152400	15.174401	0.0	34095545	1323	44.80000000000001
1641958062.99	260000	16.568316	0.0	73938718	1117	152.4
1641958064.57	260000	18.049172	0.0	73613985	922	260.0
1641958066.22	260000	19.411022	0.0	69503182	1005	260.0
1641958068.02	260000	20.737915	0.0	72822670	1334	260.0
1641958070.17	260000	21.772894	0.0	70991563	1490	260.0
1641958072.02	260000	23.573463	0.0	66218671	1344	260.0
1641958075.4	260000	24.942854	0.0	71469145	2850	260.0
1641958081.02	260000	25.805487	0.0	64074874	5037	260.0
1641958086.08	260000	26.840675	0.0	65041967	4618	260.0
1641958090.81	260000	28.071288	0.0	65860507	4211	260.0
1641958094.78	260000	28.731093	0.0	60900183	3497	260.0
