1641955781.9	8200	1.999999	0.362	546328	253	-94.12
1641955782.14	260000	3.765495	0.0	1757078	126	8.199999999999989
1641955782.31	260000	5.599498	0.0	1560847	61	260.0
1641955782.47	260000	7.437066	0.0	1542805	59	260.0
1641955787.01	260000	4.905217	0.0	83554460	3440	260.0
1641955791.84	260000	3.584335	0.0	88770741	3952	260.0
1641955796.48	260000	4.720626	0.0	84756689	3908	260.0
1641955800.68	260000	5.98277	0.0	85798884	3434	260.0
1641955804.9	260000	7.424561	0.0	86059829	3580	260.0
1641955808.69	260000	8.62068	0.0	83431241	3247	260.0
1641955812.66	260000	10.059917	0.0	82198417	3340	260.0
1641955817.1	260000	11.177534	0.0	79299299	3732	260.0
1641955823.04	260000	12.26309	0.0	75092129	5436	260.0
1641955833.11	260000	12.390911	0.0	78844622	9462	260.0
1641955837.57	260000	13.605472	0.0	77654479	3934	260.0
1641955841.24	260000	14.948043	0.0	75220977	3154	260.0
1641955843.19	260000	16.45176	0.0	79740890	1234	260.0
1641955845.05	260000	18.321014	0.0	78574581	1159	260.0
1641955846.63	260000	20.133016	0.0	78901633	1056	260.0
1641955848.71	260000	21.578458	0.0	79414941	1537	260.0
1641955850.57	260000	23.424547	0.0	73704781	1377	260.0
1641955852.76	260000	25.030802	0.0	80783826	1452	260.0
1641955854.72	260000	26.729739	0.0	77638812	1414	260.0
1641955856.59	260000	28.422557	0.0	74749470	1357	260.0
1641955858.51	260000	30.111883	0.0	75910911	1364	260.0
1641955860.48	260000	31.70679	0.0	74070687	1314	260.0
1641955862.41	260000	33.326427	0.0	73938718	1328	260.0
1641955864.67	260000	34.713359	0.0	73613985	1540	260.0
1641955868.13	260000	36.350381	0.0	69503182	2813	260.0
1641955874.6	260000	37.372171	0.0	72822670	5961	260.0
1641955886.55	260000	37.106534	0.0	70991563	11199	260.0
1641955888.64	260000	38.78839	0.0	66218671	1648	260.0
1641955900.61	260000	38.516782	0.0	71469145	11458	260.0
1641955902.89	260000	40.221586	0.0	64074874	1642	260.0
1641955904.52	260000	41.871909	0.0	65041967	1014	260.0
1641955905.96	260000	43.684636	0.0	65860507	981	260.0
1641955907.33	260000	45.367448	0.0	60900183	870	260.0
1641955909.15	260000	47.026906	0.0	65223805	1365	260.0
1641955910.92	260000	48.651647	0.0	61492275	1223	260.0
1641955913.05	260000	50.297751	0.0	57534179	1555	260.0
1641955914.75	260000	52.014018	0.0	64191273	1229	260.0
1641955916.37	260000	53.594096	0.0	57421190	1115	260.0
1641955918.13	260000	55.298183	0.0	60358582	1314	260.0
1641955919.86	260000	56.953947	0.0	60581734	1269	260.0
1641955921.41	260000	58.672982	0.0	55686462	1165	260.0
1641955925.5	260000	59.876704	0.0	61687104	1134	260.0
1641955935.45	260000	59.792585	0.0	56994559	1013	260.0
1641955946.75	260000	59.917749	0.0	55162012	5767	260.0
1641955959.44	260000	59.873627	0.0	63612323	4177	260.0
1641955971.44	260000	59.702675	0.0	53712380	11508	260.0
1641955984.04	260000	59.186189	0.0	59826276	11917	260.0
1641955990.85	260000	59.96936	0.0	58861434	6332	260.0
1641956001.2	260000	59.805963	0.0	53320981	2948	260.0
1641956010.31	260000	59.997438	0.0	62494429	4075	260.0
1641956021.92	260000	59.895686	0.0	53458888	3131	260.0
1641956031.53	260000	59.81411	0.0	53798130	2650	260.0
1641956042.29	260000	59.883654	0.0	61358299	3200	260.0
1641956052.76	260000	59.994201	0.0	50406269	2482	260.0
1641956062.88	260000	59.91275	0.0	43226513	2231	260.0
1641956072.39	260000	59.913275	0.0	35938085	5163	260.0
1641956072.91	260000	59.946609	0.0	631698	342	260.0

1641956073.68	8200	1.999999	0.37	2049018	252	-96.2
1641956073.71	260000	3.999999	0.0	1757078	4	8.199999999999989
1641956073.73	260000	5.987386	0.0	1560847	6	260.0
1641956073.75	260000	7.962216	0.0	1542805	5	260.0
1641956079.86	260000	3.858306	0.0	83554460	4852	260.0
