1641956484.85	8200	1.999999	0.514	546328	413	-133.64
1641956485.26	4900	3.599228	0.0	425156	298	1.6000000000000005
1641956485.62	4900	5.235811	0.0	613681	259	4.9
1641956485.94	4900	6.918573	0.0	607418	212	4.9
1641956487.75	8200	7.110759	0.0	2973194	1678	4.8999999999999995
1641956489.35	8200	7.51004	0.0	3361033	1480	8.2
1641956492.37	11700	6.486136	0.0	5378836	2882	8.2
1641956494.84	8200	6.022407	0.0	3861716	2342	4.699999999999999
1641956495.77	4900	7.093253	0.0	1894210	814	1.6000000000000005
1641956497.17	8200	7.931146	0.0	2809333	1272	4.8999999999999995
1641956498.97	11700	8.34087	0.0	3375218	1681	8.2
1641956500.0	11700	9.304911	0.0	2615238	914	11.7
1641956503.34	32800	7.970661	0.0	6249975	3187	11.699999999999996
1641956504.3	11700	9.009501	0.0	2392223	835	-9.400000000000002
1641956508.23	32800	7.080132	0.0	6930236	3795	11.699999999999996
1641956510.66	8200	6.64325	0.0	1890012	2330	-16.400000000000002
1641956513.1	8200	6.208826	0.0	1883924	2318	8.2
1641956515.5	8200	5.80998	0.0	1840696	2289	8.2
1641956516.39	4900	6.914756	0.0	1119258	782	1.6000000000000005
1641956518.82	8200	6.49099	0.0	1934696	1353	4.8999999999999995
1641956521.27	8200	6.033369	0.0	1917979	2342	8.2
1641956523.77	4900	5.538534	0.0	988609	2382	1.6000000000000005
1641956524.22	4900	7.083576	0.0	1009447	352	4.9
1641956525.42	8200	7.888837	0.0	1737147	1085	4.8999999999999995
1641956527.72	11700	7.585133	0.0	2518802	1253	8.2
1641956528.4	11700	8.902074	0.0	2410904	562	11.7
1641956531.05	32800	8.252939	0.0	7143328	2500	11.699999999999996
1641956531.65	11700	9.652993	0.0	2472140	481	-9.400000000000002
1641956532.65	32800	10.658258	0.0	6896645	860	11.699999999999996
1641956533.8	32800	11.508883	0.0	6714054	1017	32.8
1641956537.74	152400	9.623323	0.0	33877878	3487	32.80000000000001
1641956538.34	32800	11.015564	0.0	6838204	478	-86.8
1641956538.85	32800	12.510707	0.0	6922846	375	32.8
1641956540.72	152400	12.637269	0.0	30869167	1587	32.80000000000001
1641956543.18	152400	12.174757	0.0	31753337	2203	152.4
1641956546.72	152400	11.499871	0.0	34013525	3260	152.4
1641956550.44	152400	12.104091	0.0	30739933	3480	152.4
1641956554.0	152400	11.236421	0.0	34919429	3289	152.4
1641956554.52	32800	12.710947	0.0	7344127	398	-86.8
1641956556.52	152400	13.57023	0.0	30969970	1732	32.80000000000001
1641956558.61	152400	14.729008	0.0	35313058	1816	152.4
1641956560.37	152400	16.054187	0.0	32767078	1492	152.4
1641956563.97	260000	16.517871	0.0	60358582	2877	152.4
1641956568.04	260000	16.994821	0.0	60581734	3514	260.0
1641956571.08	260000	18.073994	0.0	55686462	2662	260.0
1641956573.97	260000	18.771429	0.0	61687104	2508	260.0
1641956576.59	260000	19.751012	0.0	56994559	2243	260.0
1641956579.54	260000	20.558502	0.0	55162012	2406	260.0
1641956583.02	260000	20.067657	0.0	63612323	2904	260.0
1641956585.93	260000	20.68219	0.0	53712380	2441	260.0
1641956589.62	260000	21.224008	0.0	59826276	3289	260.0
1641956594.2	260000	21.400856	0.0	58861434	4173	260.0
1641956599.76	260000	21.521403	0.0	53320981	5130	260.0
1641956605.97	260000	22.029975	0.0	62494429	5569	260.0
1641956609.98	260000	23.106925	0.0	53458888	3645	260.0
1641956614.48	260000	23.929515	0.0	53798130	4148	260.0
1641956619.42	260000	24.614899	0.0	61358299	4422	260.0
1641956623.51	260000	25.514959	0.0	50406269	3742	260.0
1641956627.01	260000	26.638375	0.0	43226513	3199	260.0
1641956630.28	260000	27.78838	0.0	35938085	2946	260.0
1641956630.43	260000	27.821714	0.0	631698	49	260.0

1641956631.04	8200	1.999999	0.309	2049018	206	-80.34
1641956631.06	4900	3.999999	0.0	425156	1	1.6000000000000005
1641956631.08	4900	5.997242	0.0	613681	1	4.9
1641956631.09	4900	7.983476	0.0	607418	1	4.9
1641956631.6	11700	9.475745	0.0	3938957	377	4.8999999999999995
1641956633.3	32800	9.779149	0.0	15664097	1458	11.699999999999996
1641956634.84	32800	10.238391	0.0	15560661	1369	32.8
1641956636.53	32800	10.544568	0.0	15851372	1512	32.8
1641956638.05	32800	11.028561	0.0	14688721	1352	32.8
1641956639.33	32800	11.741999	0.0	12381646	1122	32.8
1641956645.79	152400	9.277183	0.0	57184643	5717	32.80000000000001
1641956646.96	32800	10.560906	0.0	7987681	1035	-86.8
1641956647.69	32800	12.022668	0.0	6249975	597	32.8
1641956653.26	152400	10.792886	0.0	45810515	5180	32.80000000000001
1641956654.35	32800	11.982747	0.0	6930236	950	-86.8
1641956656.95	152400	12.12973	0.0	40301174	2307	32.80000000000001
1641956659.51	152400	13.525173	0.0	39676104	2248	152.4
1641956661.93	152400	14.920026	0.0	40793176	2100	152.4
1641956664.1	152400	16.502143	0.0	37608977	1860	152.4
1641956668.42	260000	15.898128	0.0	79414941	3544	152.4
1641956672.05	260000	15.655623	0.0	73704781	3161	260.0
1641956676.71	260000	16.325295	0.0	80783826	4141	260.0
1641956681.44	260000	15.420106	0.0	77638812	4243	260.0
1641956687.49	260000	15.437623	0.0	74749470	5557	260.0
1641956692.21	260000	15.898669	0.0	75910911	4147	260.0
1641956695.67	260000	16.637658	0.0	74070687	2972	260.0
1641956699.04	260000	17.63084	0.0	73938718	2919	260.0
1641956702.5	260000	18.468176	0.0	73613985	2820	260.0
1641956705.55	260000	19.57959	0.0	69503182	2447	260.0
1641956708.43	260000	20.817416	0.0	72822670	2282	260.0
1641956711.11	260000	22.660158	0.0	70991563	2043	260.0
1641956759.47	260000	15.189469	0.0	66218671	47939	260.0
1641956776.13	260000	13.780319	0.0	71469145	14012	260.0
1641956778.08	152400	15.577043	0.0	30869167	1679	44.80000000000001
1641956783.42	260000	16.504897	0.0	65041967	4801	152.4
