1642223843.99	8200	1.999999	0.358	546328	253	-93.08
1642223844.39	260000	3.602707	0.0	1757078	218	8.199999999999989
1642223845.21	260000	4.780482	0.0	1560847	647	260.0
1642223846.46	260000	5.533585	0.0	1542805	1079	260.0
1642223847.84	32800	6.15752	0.0	12166782	1041	-194.39999999999998
1642223849.22	32800	6.773555	0.0	15664097	1145	32.8
1642223851.0	32800	6.993829	0.0	15560661	1542	32.8
1642223852.21	32800	7.785753	0.0	15851372	964	32.8
1642223853.25	32800	9.27137	0.0	14688721	813	32.8
1642223856.37	152400	9.141407	0.0	51846012	2513	32.80000000000001
1642223858.82	152400	9.584612	0.0	57184643	1832	152.4
1642223860.72	152400	10.297898	0.0	48821461	1501	152.4
1642223862.75	152400	11.228224	0.0	44466772	1554	152.4
1642223865.91	260000	11.29312	0.0	78844622	2343	152.4
1642223868.79	260000	11.795544	0.0	77654479	2208	260.0
1642223871.69	260000	12.959707	0.0	75220977	2346	260.0
1642223874.98	260000	14.035464	0.0	79740890	2601	260.0
1642223878.25	260000	15.288056	0.0	78574581	2622	260.0
1642223881.68	260000	16.529272	0.0	78901633	2883	260.0
1642223884.91	260000	17.758808	0.0	79414941	2681	260.0
1642223888.9	260000	18.692452	0.0	73704781	3354	260.0
1642223895.45	260000	18.800296	0.0	80783826	6019	260.0
1642223908.34	260000	18.142758	0.0	77638812	12308	260.0
1642223909.55	260000	20.009517	0.0	74749470	722	260.0
1642223910.97	260000	21.732071	0.0	75910911	754	260.0
1642223912.79	260000	23.294215	0.0	74070687	1237	260.0
1642223914.85	260000	24.935311	0.0	73938718	1547	260.0
1642223916.8	260000	26.495311	0.0	73613985	1456	260.0
1642223918.66	260000	28.190081	0.0	69503182	1351	260.0
1642223920.62	260000	29.842477	0.0	72822670	1381	260.0
1642223922.87	260000	31.367761	0.0	70991563	1592	260.0
1642223924.93	260000	32.966183	0.0	66218671	1432	260.0
1642223926.94	260000	34.657642	0.0	71469145	1502	260.0
1642223929.02	260000	36.23553	0.0	64074874	1599	260.0
1642223930.94	260000	37.859266	0.0	65041967	1529	260.0
1642223933.42	260000	39.326844	0.0	65860507	1840	260.0
1642223935.31	260000	40.975257	0.0	60900183	1502	260.0
1642223937.39	260000	42.643048	0.0	65223805	1672	260.0
1642223939.58	260000	44.212718	0.0	61492275	1788	260.0
1642223941.49	260000	46.022791	0.0	57534179	1538	260.0
1642223943.76	260000	47.488836	0.0	64191273	1675	260.0
1642223945.57	260000	49.08368	0.0	57421190	1439	260.0
1642223947.7	260000	50.76499	0.0	60358582	1690	260.0
1642223951.02	260000	52.088719	0.0	60581734	2837	260.0
1642223955.66	260000	53.177475	0.0	55686462	4070	260.0
1642223959.9	260000	54.3702	0.0	61687104	3699	260.0
1642223965.68	260000	55.339226	0.0	56994559	5232	260.0
1642223968.53	260000	56.741698	0.0	55162012	2379	260.0
1642223972.12	260000	58.030443	0.0	63612323	2982	260.0
1642223975.52	260000	59.589643	0.0	53712380	2921	260.0
1642223983.02	260000	59.736937	0.0	59826276	3490	260.0
1642223994.17	260000	59.69808	0.0	58861434	2977	260.0
1642224003.92	260000	59.986795	0.0	53320981	2680	260.0
1642224013.92	260000	59.840405	0.0	62494429	4957	260.0
1642224024.69	260000	59.890694	0.0	53458888	2654	260.0
1642224033.83	260000	59.922245	0.0	53798130	2592	260.0
1642224044.04	260000	59.777438	0.0	61358299	2666	260.0
1642224053.4	260000	59.805674	0.0	50406269	2910	260.0
1642224063.44	260000	59.900044	0.0	43226513	2610	260.0
1642224072.1	260000	59.962509	0.0	35938085	1812	260.0
1642224072.66	260000	59.995843	0.0	631698	349	260.0

1642224073.09	8200	1.999999	0.141	385365	30	-36.66
1642224073.22	260000	3.907881	0.0	1757078	9	8.199999999999989
1642224073.34	260000	5.782907	0.0	1560847	28	260.0
1642224073.46	260000	7.66855	0.0	1542805	27	260.0
1642224086.93	260000	1.965076	5.494	83554460	12193	-1168.44
1642224087.18	32800	3.845302	0.0	15664097	74	-194.39999999999998
1642224087.38	32800	5.845302	0.0	15560661	61	32.8
1642224087.58	32800	7.845302	0.0	15851372	55	32.8
1642224087.82	32800	9.721124	0.0	14688721	103	32.8
1642224093.61	260000	10.731836	0.0	83431241	5095	32.80000000000001
1642224096.94	260000	12.049247	0.0	82198417	2813	260.0
1642224100.15	260000	12.030133	0.0	79299299	2613	260.0
1642224102.88	260000	12.287629	0.0	75092129	2258	260.0
1642224105.73	260000	12.774244	0.0	78844622	2248	260.0
1642224108.7	260000	12.743118	0.0	77654479	2374	260.0
1642224111.61	260000	13.678508	0.0	75220977	2333	260.0
1642224115.06	260000	14.923905	0.0	79740890	2883	260.0
1642224118.37	260000	16.51319	0.0	78574581	2591	260.0
1642224121.85	260000	18.011325	0.0	78901633	2770	260.0
1642224126.36	260000	19.0275	0.0	79414941	4012	260.0
1642224131.21	260000	20.127516	0.0	73704781	4256	260.0
1642224142.78	260000	19.777148	0.0	80783826	10951	260.0
