1641954833.53	8200	1.999999	0.518	546328	414	-134.68
1641954834.49	260000	3.048889	0.0	1757078	838	8.199999999999989
1641954835.2	260000	4.340399	0.0	1560847	598	260.0
1641954836.39	260000	5.153462	0.0	1542805	1080	260.0
1641954882.7	260000	1.973494	40.981	83554460	45069	-10395.06
1641954890.24	260000	2.621084	0.0	88770741	6558	260.0
1641954899.16	260000	3.328915	0.0	84756689	8391	260.0
1641954905.8	260000	4.117019	0.0	85798884	6061	260.0
1641954910.66	260000	5.421738	0.0	86059829	4045	260.0
1641954915.75	260000	6.522242	0.0	83431241	4519	260.0
1641954920.51	260000	7.775664	0.0	82198417	4091	260.0
1641954924.13	260000	9.15919	0.0	79299299	3105	260.0
1641954927.92	260000	10.649426	0.0	75092129	3192	260.0
1641954932.2	260000	11.957655	0.0	78844622	3760	260.0
1641954936.55	260000	13.142146	0.0	77654479	3676	260.0
1641954942.07	260000	14.27683	0.0	75220977	5036	260.0
1641954951.07	260000	14.654123	0.0	79740890	8237	260.0
1641954957.13	260000	15.616292	0.0	78574581	5557	260.0
1641954963.74	260000	16.249732	0.0	78901633	5915	260.0
1641954970.87	260000	16.847312	0.0	79414941	6531	260.0
1641954976.8	260000	17.925407	0.0	73704781	5388	260.0
1641954984.7	260000	18.288204	0.0	80783826	7172	260.0
1641954992.69	260000	18.884924	0.0	77638812	7482	260.0
1641955001.12	260000	19.477917	0.0	74749470	7843	260.0
1641955007.08	260000	20.252712	0.0	75910911	5278	260.0
1641955011.48	260000	21.599889	0.0	74070687	3904	260.0
1641955015.3	260000	22.896981	0.0	73938718	3281	260.0
1641955018.95	260000	24.134086	0.0	73613985	3140	260.0
1641955022.52	260000	25.536846	0.0	69503182	3120	260.0
1641955026.71	260000	26.639654	0.0	72822670	3712	260.0
1641955032.62	260000	27.431056	0.0	70991563	5440	260.0
1641955037.37	260000	28.644598	0.0	66218671	4154	260.0
1641955041.3	260000	29.850181	0.0	71469145	3444	260.0
1641955044.4	260000	31.474189	0.0	64074874	2522	260.0
1641955047.42	260000	33.016044	0.0	65041967	2586	260.0
1641955050.44	260000	34.352798	0.0	65860507	2532	260.0
1641955053.06	260000	35.811863	0.0	60900183	2210	260.0
1641955055.59	260000	37.517578	0.0	65223805	2073	260.0
1641955058.09	260000	39.175328	0.0	61492275	1890	260.0
1641955060.28	260000	40.615857	0.0	57534179	1751	260.0
1641955111.03	260000	33.049186	0.0	64191273	49579	260.0
1641955123.59	260000	32.383686	0.0	57421190	12067	260.0
1641955127.55	260000	33.612753	0.0	60358582	3528	260.0
