1641955140.7	8200	1.999999	0.383	546328	279	-99.58
1641955141.43	260000	3.280181	0.0	1757078	613	8.199999999999989
1641955141.81	260000	4.904067	0.0	1560847	271	260.0
1641955142.18	260000	6.525875	0.0	1542805	270	260.0
1641955157.04	260000	1.997166	2.333	83554460	8864	-1906.58
1641955164.29	260000	2.522449	0.0	88770741	6566	260.0
1641955171.75	260000	3.257393	0.0	84756689	6791	260.0
1641955178.45	260000	4.108757	0.0	85798884	6035	260.0
1641955187.91	260000	4.460592	0.0	86059829	8788	260.0
1641955195.58	260000	5.120638	0.0	83431241	7152	260.0
1641955200.13	260000	6.232743	0.0	82198417	3791	260.0
1641955202.65	260000	7.962063	0.0	79299299	1997	260.0
1641955208.67	260000	9.006937	0.0	75092129	3829	260.0
1641955212.55	260000	10.501358	0.0	78844622	3367	260.0
1641955217.12	260000	11.77113	0.0	77654479	3886	260.0
1641955222.76	260000	12.539961	0.0	75220977	5082	260.0
1641955225.21	260000	14.383563	0.0	79740890	1800	260.0
1641955227.08	260000	16.011814	0.0	78574581	1182	260.0
1641955228.87	260000	17.714851	0.0	78901633	1266	260.0
1641955231.48	260000	19.326249	0.0	79414941	2008	260.0
1641955233.71	260000	20.898859	0.0	73704781	1547	260.0
1641955236.24	260000	22.37211	0.0	80783826	1815	260.0
1641955238.49	260000	23.987463	0.0	77638812	1580	260.0
1641955240.57	260000	25.693162	0.0	74749470	1554	260.0
1641955242.6	260000	27.3134	0.0	75910911	1547	260.0
1641955245.18	260000	28.78226	0.0	74070687	1889	260.0
1641955250.14	260000	29.846806	0.0	73938718	4476	260.0
1641955253.7	260000	31.068301	0.0	73613985	2855	260.0
1641955256.53	260000	32.464457	0.0	69503182	2348	260.0
1641955259.76	260000	33.879113	0.0	72822670	2687	260.0
1641955262.96	260000	35.449458	0.0	70991563	2696	260.0
1641955267.23	260000	36.78868	0.0	66218671	3794	260.0
1641955270.96	260000	38.045673	0.0	71469145	3120	260.0
1641955276.93	260000	38.793586	0.0	64074874	5403	260.0
1641955279.04	260000	40.401278	0.0	65041967	1560	260.0
1641955280.57	260000	42.170804	0.0	65860507	1082	260.0
1641955282.41	260000	43.820706	0.0	60900183	1300	260.0
1641955284.59	260000	45.482644	0.0	65223805	1539	260.0
1641955286.41	260000	47.164098	0.0	61492275	1391	260.0
1641955288.42	260000	48.768316	0.0	57534179	1500	260.0
1641955290.5	260000	50.397996	0.0	64191273	1603	260.0
1641955292.27	260000	52.110589	0.0	57421190	1372	260.0
1641955294.4	260000	53.598036	0.0	60358582	1669	260.0
1641955296.94	260000	55.147521	0.0	60581734	2094	260.0
1641955300.44	260000	56.498244	0.0	55686462	2952	260.0
1641955304.45	260000	57.831463	0.0	61687104	3579	260.0
1641955308.46	260000	59.002975	0.0	56994559	3621	260.0
1641955314.26	260000	59.862386	0.0	55162012	835	260.0
1641955326.61	260000	59.879404	0.0	63612323	4344	260.0
1641955337.54	260000	59.866825	0.0	53712380	2433	260.0
1641955346.99	260000	59.807034	0.0	59826276	5801	260.0
1641955358.15	260000	59.913417	0.0	58861434	4658	260.0
1641955370.11	260000	59.754197	0.0	53320981	4449	260.0
1641955380.01	260000	59.795624	0.0	62494429	5731	260.0
1641955391.45	260000	59.74597	0.0	53458888	10981	260.0
1641955400.23	260000	59.802179	0.0	53798130	4356	260.0
1641955411.63	260000	59.851203	0.0	61358299	4902	260.0
1641955420.79	260000	59.809227	0.0	50406269	5647	260.0
1641955430.72	260000	59.91781	0.0	43226513	4520	260.0
1641955439.45	260000	59.987344	0.0	35938085	2347	260.0
