1642046516.14	8200	1.999999	0.355	546328	254	-92.3
1642046516.46	11700	3.68847	0.0	1102047	192	8.2
1642046516.76	11700	5.391966	0.0	1111083	194	11.7
1642046517.24	32800	6.911215	0.0	1542804	360	11.699999999999996
1642046528.86	32800	23.2873	0.0	2614451	261	32.8
1642046528.87	32800	23.278026	0.0	2614451	261	32.8
1642046529.99	32800	24.15781	0.0	7420242	941	32.8
1642046530.6	32800	25.552867	0.0	7455282	475	32.8
1642046531.15	32800	26.995848	0.0	7960895	420	32.8
1642046531.59	32800	28.55742	0.0	6396912	318	32.8
1642046532.17	32800	29.982091	0.0	7253832	441	32.8
1642046532.76	32800	31.391321	0.0	7034316	448	32.8
1642046533.91	32800	32.275059	0.0	7133512	1015	32.8
1642046534.98	32800	33.231308	0.0	7041401	946	32.8
1642046535.57	32800	34.641873	0.0	7143328	454	32.8
1642046536.15	32800	36.173245	0.0	7338535	440	32.8
1642046536.68	32800	37.637333	0.0	6896645	403	32.8
1642046537.47	32800	38.944397	0.0	6714054	668	32.8
1642046538.66	32800	39.760928	0.0	7018701	1066	32.8
1642046539.17	32800	41.252222	0.0	6838204	384	32.8
1642046539.66	32800	42.754114	0.0	6922846	372	32.8
1642046540.16	32800	44.255576	0.0	6926196	372	32.8
1642046540.66	32800	45.758158	0.0	7072104	381	32.8
1642046541.37	32800	47.049286	0.0	7515735	586	32.8
1642046542.02	32800	48.404067	0.0	7011028	522	32.8
1642046542.66	32800	49.761413	0.0	7307337	511	32.8
1642046543.77	32800	50.645169	0.0	7344127	995	32.8
1642046544.51	32800	51.90713	0.0	7064203	619	32.8
1642046545.16	32800	53.255559	0.0	7516082	527	32.8
1642046545.76	32800	54.66225	0.0	7278398	463	32.8
1642046546.26	32800	56.16936	0.0	7481760	373	32.8
1642046546.77	32800	57.644599	0.0	7871221	393	32.8
1642046547.23	32800	59.185643	0.0	7236548	337	32.8
1642046548.7	32800	59.744971	0.0	7418057	346	32.8
1642046559.81	152400	59.554342	0.0	7565820	576	32.80000000000001
1642046561.76	32800	59.950186	0.0	8064139	1303	-86.8
1642046564.63	32800	59.476194	0.0	7308924	730	32.8
1642046566.7	32800	59.501475	0.0	7936123	936	32.8
1642046568.27	32800	59.867217	0.0	7845705	433	32.8
1642046570.33	32800	59.895351	0.0	7682661	426	32.8
1642046572.24	32800	59.895367	0.0	8703604	775	32.8
1642046574.67	32800	59.645389	0.0	8166986	293	32.8
1642046576.6	32800	59.660884	0.0	8155312	307	32.8
1642046579.07	32800	59.289848	0.0	9057843	1253	32.8
1642046579.18	32800	59.216471	0.0	296571	12	32.8
1642046579.19	152400	59.207947	0.0	296571	12	32.80000000000001
