1641959457.61	8200	1.999999	0.355	546328	252	-92.3
1641959458.01	260000	3.606762	0.0	1757078	174	8.199999999999989
1641959458.29	260000	5.325162	0.0	1560847	109	260.0
1641959458.57	260000	7.051719	0.0	1542805	97	260.0
1641959459.7	32800	7.921814	0.0	12166782	812	-194.39999999999998
1641959461.21	32800	8.413628	0.0	15664097	1219	32.8
1641959468.89	152400	3.90074	0.0	68626847	6597	32.80000000000001
1641959470.42	32800	5.12763	0.0	15851372	1271	-86.8
1641959472.27	32800	5.746551	0.0	14688721	1625	32.8
1641959476.55	152400	7.109276	0.0	51846012	3858	32.80000000000001
1641959482.47	152400	7.462174	0.0	57184643	5453	152.4
1641959484.39	152400	8.207088	0.0	48821461	1405	152.4
1641959485.63	152400	9.535354	0.0	44466772	839	152.4
1641959486.82	152400	10.72318	0.0	45810515	694	152.4
1641959488.69	260000	11.664583	0.0	77654479	1184	152.4
1641959490.66	260000	13.296879	0.0	75220977	1387	260.0
1641959493.35	260000	14.660785	0.0	79740890	2033	260.0
1641959495.89	260000	16.067392	0.0	78574581	1879	260.0
1641959501.99	260000	16.507541	0.0	78901633	5381	260.0
1641959508.16	260000	16.869439	0.0	79414941	5383	260.0
1641959514.0	260000	17.281729	0.0	73704781	5053	260.0
1641959519.05	260000	17.829812	0.0	80783826	4464	260.0
1641959523.46	260000	18.541304	0.0	77638812	3757	260.0
1641959525.07	260000	19.789907	0.0	74749470	883	260.0
1641959548.99	260000	17.466785	0.0	75910911	23213	260.0
1641959561.66	260000	17.124474	0.0	74070687	12067	260.0
1641959567.93	260000	17.795079	0.0	73938718	5624	260.0
1641959570.63	260000	19.474667	0.0	73613985	1862	260.0
1641959572.5	260000	21.181794	0.0	69503182	1212	260.0
1641959574.67	260000	22.662273	0.0	72822670	1627	260.0
1641959576.64	260000	24.367797	0.0	70991563	1443	260.0
1641959578.1	260000	25.977391	0.0	66218671	940	260.0
1641959580.11	260000	27.744044	0.0	71469145	1243	260.0
1641959582.04	260000	29.358243	0.0	64074874	1291	260.0
1641959583.97	260000	31.023791	0.0	65041967	1306	260.0
1641959586.07	260000	32.520044	0.0	65860507	1616	260.0
1641959587.95	260000	34.156989	0.0	60900183	1416	260.0
1641959590.08	260000	35.868809	0.0	65223805	1450	260.0
1641959592.11	260000	37.450059	0.0	61492275	1365	260.0
1641959593.89	260000	39.15941	0.0	57534179	1280	260.0
1641959595.92	260000	40.697993	0.0	64191273	1430	260.0
1641959597.67	260000	42.225434	0.0	57421190	1265	260.0
1641959599.54	260000	43.830167	0.0	60358582	1380	260.0
1641959601.65	260000	45.487671	0.0	60581734	1606	260.0
1641959603.62	260000	47.180092	0.0	55686462	1543	260.0
1641959606.28	260000	48.682475	0.0	61687104	2035	260.0
1641959608.47	260000	50.233801	0.0	56994559	1700	260.0
1641959610.54	260000	51.883542	0.0	55162012	1614	260.0
1641959613.01	260000	53.315822	0.0	63612323	1842	260.0
1641959614.97	260000	55.061758	0.0	53712380	1533	260.0
1641959617.14	260000	56.624703	0.0	59826276	1691	260.0
1641959619.83	260000	58.120398	0.0	58861434	2131	260.0
1641959623.24	260000	59.622944	0.0	53320981	2938	260.0
1641959631.48	260000	59.864861	0.0	62494429	2645	260.0
1641959641.63	260000	59.897001	0.0	53458888	3114	260.0
1641959652.61	260000	59.897904	0.0	53798130	4918	260.0
1641959662.97	260000	59.894025	0.0	61358299	5769	260.0
1641959673.09	260000	59.893909	0.0	50406269	3597	260.0
1641959682.18	260000	59.955307	0.0	43226513	5133	260.0
1641959692.92	260000	59.823782	0.0	35938085	3857	260.0
1641959693.47	260000	59.857116	0.0	631698	348	260.0

1641959693.97	8200	1.999999	0.163	385365	29	-42.38000000000001
1641959694.08	260000	3.94008	0.0	1757078	4	8.199999999999989
1641959694.18	260000	5.840494	0.0	1560847	5	260.0
1641959694.27	260000	7.75228	0.0	1542805	3	260.0
1641959703.19	260000	1.921572	0.912	83554460	7722	22.879999999999995
1641959707.81	152400	2.979389	0.0	56494032	4062	44.80000000000001
1641959714.06	152400	3.901145	0.0	68626847	5712	152.4
1641959719.93	152400	4.273942	0.0	72320713	5209	152.4
1641959722.04	152400	5.78918	0.0	70827999	1571	152.4
1641959723.12	152400	7.487443	0.0	51846012	638	152.4
1641959725.17	152400	9.082611	0.0	57184643	1484	152.4
1641959727.65	260000	10.635939	0.0	79299299	1684	152.4
1641959730.28	260000	12.048642	0.0	75092129	2013	260.0
1641959733.15	260000	13.60099	0.0	78844622	2094	260.0
1641959739.14	260000	14.405648	0.0	77654479	5432	260.0
1641959745.7	260000	15.125823	0.0	75220977	5720	260.0
1641959751.32	260000	15.89845	0.0	79740890	5021	260.0
1641959756.33	260000	16.609508	0.0	78574581	4336	260.0
