1641959104.4	8200	1.999999	0.352	546328	249	-91.52
1641959104.76	260000	3.654071	0.0	1757078	164	8.199999999999989
1641959105.0	260000	5.411071	0.0	1560847	57	260.0
1641959105.25	260000	7.163326	0.0	1542805	72	260.0
1641959106.09	32800	8.321595	0.0	12166782	568	-194.39999999999998
1641959107.03	32800	9.387182	0.0	15664097	645	32.8
1641959107.91	32800	10.509635	0.0	15560661	641	32.8
1641959112.96	260000	7.682508	0.0	85798884	3825	32.80000000000001
1641959117.55	260000	6.479525	0.0	86059829	3959	260.0
1641959121.54	260000	5.779482	0.0	83431241	3245	260.0
1641959125.59	260000	7.293292	0.0	82198417	3448	260.0
1641959129.47	260000	8.778491	0.0	79299299	3222	260.0
1641959132.95	260000	10.173443	0.0	75092129	2946	260.0
1641959137.09	260000	11.437733	0.0	78844622	3561	260.0
1641959141.5	260000	12.646698	0.0	77654479	3821	260.0
1641959150.04	260000	13.066928	0.0	75220977	7833	260.0
1641959156.53	260000	13.882935	0.0	79740890	5683	260.0
1641959161.97	260000	14.884066	0.0	78574581	4732	260.0
1641959163.7	260000	16.633341	0.0	78901633	1145	260.0
1641959165.13	260000	18.253298	0.0	79414941	864	260.0
1641959166.61	260000	20.097054	0.0	73704781	735	260.0
1641959168.17	260000	21.745374	0.0	80783826	1008	260.0
1641959169.98	260000	23.438515	0.0	77638812	1144	260.0
1641959171.6	260000	25.080128	0.0	74749470	1108	260.0
1641959173.24	260000	26.860582	0.0	75910911	1051	260.0
1641959174.88	260000	28.497955	0.0	74070687	1013	260.0
1641959176.49	260000	30.154171	0.0	73938718	1044	260.0
1641959178.05	260000	31.867493	0.0	73613985	1023	260.0
1641959179.53	260000	33.608437	0.0	69503182	973	260.0
1641959181.46	260000	35.162216	0.0	72822670	1246	260.0
1641959183.2	260000	36.839523	0.0	70991563	1187	260.0
1641959184.91	260000	38.543118	0.0	66218671	1105	260.0
1641959187.31	260000	40.056574	0.0	71469145	1775	260.0
1641959191.15	260000	41.449082	0.0	64074874	3324	260.0
1641959199.24	260000	41.822307	0.0	65041967	7557	260.0
1641959208.52	260000	42.048156	0.0	65860507	8640	260.0
1641959219.3	260000	41.854643	0.0	60900183	10164	260.0
1641959223.11	260000	43.059371	0.0	65223805	3031	260.0
1641959224.87	260000	44.773609	0.0	61492275	1197	260.0
1641959226.4	260000	46.437971	0.0	57534179	962	260.0
1641959228.02	260000	48.22831	0.0	64191273	1120	260.0
1641959229.59	260000	49.825663	0.0	57421190	948	260.0
1641959231.04	260000	51.606186	0.0	60358582	947	260.0
1641959232.76	260000	53.301473	0.0	60581734	1185	260.0
1641959234.6	260000	54.927492	0.0	55686462	1205	260.0
1641959236.07	260000	56.738346	0.0	61687104	944	260.0
1641959237.6	260000	58.407957	0.0	56994559	1083	260.0
1641959239.75	260000	59.807519	0.0	55162012	1162	260.0
1641959251.06	260000	59.886412	0.0	63612323	1294	260.0
1641959261.64	260000	59.867081	0.0	53712380	1558	260.0
1641959270.45	260000	59.803905	0.0	59826276	4156	260.0
1641959281.78	260000	59.771012	0.0	58861434	4211	260.0
1641959293.43	260000	59.623734	0.0	53320981	11136	260.0
1641959306.11	260000	59.031875	0.0	62494429	12135	260.0
1641959312.14	260000	59.884875	0.0	53458888	5534	260.0
1641959321.46	260000	59.795643	0.0	53798130	3267	260.0
1641959331.95	260000	59.887008	0.0	61358299	3324	260.0
1641959342.48	260000	59.77728	0.0	50406269	3009	260.0
1641959351.34	260000	59.903284	0.0	43226513	2314	260.0
1641959360.88	260000	59.819436	0.0	35938085	2062	260.0
1641959361.43	260000	59.85277	0.0	631698	339	260.0

1641959361.87	8200	1.999999	0.124	385365	14	-32.24
1641959361.99	260000	3.914067	0.0	1757078	4	8.199999999999989
1641959362.1	260000	5.804296	0.0	1560847	10	260.0
1641959362.23	260000	7.673684	0.0	1542805	4	260.0
1641959367.17	260000	4.74051	0.0	83554460	3573	260.0
1641959371.24	260000	3.591134	0.0	88770741	3439	260.0
1641959375.75	260000	4.865191	0.0	84756689	3921	260.0
1641959381.87	260000	5.9604	0.0	85798884	5418	260.0
1641959392.72	260000	6.157346	0.0	86059829	10045	260.0
1641959396.42	152400	7.564084	0.0	51846012	3175	44.80000000000001
1641959400.29	152400	8.77995	0.0	57184643	3381	152.4
1641959401.61	152400	10.486837	0.0	48821461	880	152.4
1641959403.14	260000	12.2503	0.0	75092129	975	152.4
