1641954188.87	8200	1.999999	0.351	546328	249	-91.26
1641954189.24	260000	3.642389	0.0	1757078	168	8.199999999999989
1641954189.47	260000	5.404885	0.0	1560847	60	260.0
1641954189.71	260000	7.164345	0.0	1542805	61	260.0
1641954190.49	32800	8.3832	0.0	12166782	501	-194.39999999999998
1641954191.37	32800	9.507309	0.0	15664097	607	32.8
1641954192.19	32800	10.684376	0.0	15560661	575	32.8
1641954193.12	32800	11.759785	0.0	15851372	678	32.8
1641954194.0	32800	12.879752	0.0	14688721	640	32.8
1641954194.73	32800	14.145208	0.0	12381646	509	32.8
1641954197.97	152400	13.248692	0.0	57184643	2296	32.80000000000001
1641954202.23	260000	12.435158	0.0	79299299	3343	152.4
1641954206.42	260000	11.90763	0.0	75092129	3486	260.0
1641954210.44	260000	11.784069	0.0	78844622	3324	260.0
1641954214.2	260000	11.346935	0.0	77654479	3186	260.0
1641954217.9	260000	11.665866	0.0	75220977	3059	260.0
1641954221.73	260000	12.660649	0.0	79740890	3254	260.0
1641954226.02	260000	13.703329	0.0	78574581	3705	260.0
1641954232.51	260000	14.637294	0.0	78901633	5845	260.0
1641954242.38	260000	14.818866	0.0	79414941	9114	260.0
1641954244.39	152400	16.422644	0.0	36020729	1537	44.80000000000001
1641954247.85	152400	17.854522	0.0	36493721	3034	152.4
1641954249.85	152400	19.58218	0.0	37585290	1660	152.4
1641954250.58	152400	21.44352	0.0	34459282	402	152.4
1641954251.37	152400	23.152375	0.0	37576374	433	152.4
1641954253.03	260000	24.934346	0.0	74070687	953	152.4
1641954255.01	260000	26.641921	0.0	73938718	1436	260.0
1641954256.68	260000	28.282481	0.0	73613985	1126	260.0
1641954258.65	260000	29.985509	0.0	69503182	1476	260.0
1641954260.71	260000	31.54943	0.0	72822670	1537	260.0
1641954262.88	260000	33.206702	0.0	70991563	1545	260.0
1641954264.93	260000	34.848548	0.0	66218671	1428	260.0
1641954267.0	260000	36.42089	0.0	71469145	1514	260.0
1641954269.0	260000	38.0912	0.0	64074874	1357	260.0
1641954271.02	260000	39.81993	0.0	65041967	1359	260.0
1641954273.0	260000	41.382298	0.0	65860507	1335	260.0
1641954274.99	260000	43.028391	0.0	60900183	1525	260.0
1641954278.92	260000	44.107359	0.0	65223805	3422	260.0
1641954286.51	260000	44.582445	0.0	61492275	7143	260.0
1641954295.8	260000	45.168054	0.0	57534179	8683	260.0
1641954297.05	152400	46.810669	0.0	35313058	893	44.80000000000001
1641954304.99	152400	47.479546	0.0	32767078	7604	152.4
1641954308.85	152400	48.81741	0.0	34143965	3427	152.4
1641954310.09	152400	50.517224	0.0	35599566	891	152.4
1641954310.97	152400	52.367907	0.0	31880015	538	152.4
1641954311.82	152400	54.221952	0.0	35467287	453	152.4
1641954312.67	152400	56.028101	0.0	35220717	515	152.4
1641954313.79	260000	57.884143	0.0	55162012	708	152.4
1641954315.07	260000	59.594095	0.0	63612323	816	260.0
1641954323.68	260000	59.965032	0.0	53712380	713	260.0
1641954329.1	260000	59.973308	0.0	59826276	1697	260.0
1641954335.43	260000	59.764669	0.0	58861434	1197	260.0
1641954341.83	260000	59.916361	0.0	53320981	2792	260.0
1641954346.56	260000	59.820115	0.0	62494429	1707	260.0
1641954352.39	260000	59.631385	0.0	53458888	4789	260.0
1641954362.73	260000	59.991378	0.0	53798130	2311	260.0
1641954372.72	260000	59.988419	0.0	61358299	4866	260.0
1641954385.27	260000	59.48652	0.0	50406269	11986	260.0
1641954392.6	260000	59.803902	0.0	43226513	6882	260.0
1641954402.09	260000	59.817044	0.0	35938085	5160	260.0
1641954402.64	260000	59.850378	0.0	631698	344	260.0

1641954403.14	8200	1.999999	0.118	385365	18	-30.68
1641954403.25	260000	3.904115	0.0	1757078	5	8.199999999999989
1641954403.35	260000	5.80559	0.0	1560847	9	260.0
1641954403.44	260000	7.713379	0.0	1542805	3	260.0
1641954403.68	32800	9.480018	0.0	12166782	23	-194.39999999999998
1641954408.72	260000	6.44159	0.0	88770741	3842	32.80000000000001
1641954413.2	260000	4.673019	0.0	84756689	3843	260.0
1641954413.41	32800	6.468635	0.0	15851372	41	-194.39999999999998
1641954420.09	152400	7.164515	0.0	70827999	6162	32.80000000000001
1641954420.25	32800	9.164515	0.0	12381646	24	-86.8
1641954420.96	32800	10.935758	0.0	10179458	508	32.8
1641954421.59	32800	12.782474	0.0	7987681	431	32.8
1641954422.11	32800	14.782474	0.0	6249975	336	32.8
1641954422.68	32800	16.631118	0.0	6462926	327	32.8
1641954426.54	260000	17.773524	0.0	77654479	3141	32.80000000000001
1641954430.05	260000	19.297513	0.0	75220977	2976	260.0
1641954434.18	260000	20.672806	0.0	79740890	3358	260.0
1641954438.41	260000	21.895113	0.0	78574581	3557	260.0
1641954442.73	260000	21.757938	0.0	78901633	3554	260.0
1641954446.58	260000	23.106627	0.0	79414941	3089	260.0
1641954450.45	260000	24.331895	0.0	73704781	3184	260.0
1641954454.51	260000	24.145809	0.0	80783826	3325	260.0
1641954458.01	260000	23.223903	0.0	77638812	2928	260.0
1641954461.97	260000	21.472029	0.0	74749470	3268	260.0
1641954465.96	260000	21.582503	0.0	75910911	3431	260.0
1641954473.85	260000	21.877708	0.0	74070687	7242	260.0
1641954481.19	260000	22.521863	0.0	73938718	6703	260.0
1641954486.47	260000	23.609441	0.0	73613985	4577	260.0
