1641957486.16	8200	1.999999	0.355	546328	250	-92.3
1641957486.27	4900	3.892626	0.0	425156	15	1.6000000000000005
1641957486.39	4900	5.77237	0.0	613681	20	4.9
1641957486.51	4900	7.650756	0.0	607418	21	4.9
1641957486.83	11700	9.332118	0.0	3938957	179	4.8999999999999995
1641957487.8	32800	10.366736	0.0	15664097	732	11.699999999999996
1641957488.61	32800	11.555561	0.0	15560661	640	32.8
1641957492.67	152400	9.490069	0.0	72320713	2920	32.80000000000001
1641957493.52	32800	10.648395	0.0	14688721	672	-86.8
1641957494.21	32800	11.961738	0.0	12381646	511	32.8
1641957497.0	152400	11.541077	0.0	57184643	2262	32.80000000000001
1641957499.85	152400	11.892428	0.0	48821461	2402	152.4
1641957501.95	152400	12.58558	0.0	44466772	1730	152.4
1641957504.47	152400	13.760176	0.0	45810515	2025	152.4
1641957506.5	152400	15.342762	0.0	42807747	1722	152.4
1641957510.1	260000	16.722986	0.0	75220977	3097	152.4
1641957513.59	260000	17.909917	0.0	79740890	2994	260.0
1641957517.44	260000	17.259288	0.0	78574581	3243	260.0
1641957521.71	260000	17.396658	0.0	78901633	3581	260.0
1641957529.78	260000	17.330048	0.0	79414941	7525	260.0
1641957537.46	260000	17.217534	0.0	73704781	6968	260.0
1641957542.91	260000	17.357241	0.0	80783826	4828	260.0
1641957545.38	260000	18.723727	0.0	77638812	1847	260.0
1641957546.64	260000	20.313362	0.0	74749470	806	260.0
1641957547.91	260000	21.823951	0.0	75910911	672	260.0
1641957549.65	260000	23.380997	0.0	74070687	1063	260.0
1641957551.64	260000	24.689677	0.0	73938718	1517	260.0
1641957553.56	260000	25.841444	0.0	73613985	1468	260.0
1641957555.89	260000	27.614869	0.0	69503182	1788	260.0
1641957558.14	260000	29.140537	0.0	72822670	1779	260.0
1641957560.31	260000	30.674381	0.0	70991563	1689	260.0
1641957562.44	260000	32.194906	0.0	66218671	1547	260.0
1641957564.58	260000	34.00608	0.0	71469145	1667	260.0
1641957566.47	260000	35.654996	0.0	64074874	1459	260.0
1641957568.55	260000	37.207329	0.0	65041967	1641	260.0
1641957572.05	260000	38.56348	0.0	65860507	3064	260.0
1641957578.15	260000	39.592746	0.0	60900183	5697	260.0
1641957589.57	260000	39.623924	0.0	65223805	10821	260.0
1641957592.11	260000	41.174969	0.0	61492275	2050	260.0
1641957603.38	260000	41.155932	0.0	57534179	10859	260.0
1641957605.55	260000	42.637582	0.0	64191273	1663	260.0
1641957607.06	260000	44.272113	0.0	57421190	1129	260.0
1641957608.59	260000	46.119878	0.0	60358582	1103	260.0
1641957610.23	260000	47.730325	0.0	60581734	1198	260.0
1641957611.65	260000	49.556797	0.0	55686462	1016	260.0
1641957613.1	260000	51.19925	0.0	61687104	1026	260.0
1641957615.06	260000	52.902915	0.0	56994559	1402	260.0
1641957616.51	260000	54.377345	0.0	55162012	1053	260.0
1641957618.07	260000	56.218175	0.0	63612323	957	260.0
1641957619.44	260000	57.907889	0.0	53712380	1007	260.0
1641957621.06	260000	59.736654	0.0	59826276	1206	260.0
1641957631.75	260000	59.872751	0.0	58861434	1240	260.0
1641957642.36	260000	59.898055	0.0	53320981	1580	260.0
1641957652.71	260000	59.776919	0.0	62494429	4825	260.0
1641957662.54	260000	59.948507	0.0	53458888	3867	260.0
1641957674.61	260000	59.628214	0.0	53798130	11607	260.0
1641957687.51	260000	59.041791	0.0	61358299	12231	260.0
1641957693.56	260000	59.901784	0.0	50406269	5725	260.0
1641957702.89	260000	59.877672	0.0	43226513	2499	260.0
1641957711.75	260000	59.995418	0.0	35938085	1976	260.0
1641957712.31	260000	59.906013	0.0	631698	370	260.0

1641957713.0	8200	1.999999	0.388	2049018	276	-100.88
1641957713.02	4900	3.999999	0.0	425156	1	1.6000000000000005
1641957713.03	4900	5.999999	0.0	613681	1	4.9
1641957713.04	4900	7.998443	0.0	607418	1	4.9
1641957713.09	11700	9.951022	0.0	3938957	6	4.8999999999999995
1641957713.32	32800	11.722295	0.0	15664097	30	11.699999999999996
1641957717.95	152400	9.088166	0.0	68626847	3867	32.80000000000001
1641957718.78	32800	10.259036	0.0	15851372	652	-86.8
1641957718.89	32800	12.151958	0.0	14688721	30	32.8
1641957721.49	152400	11.643316	0.0	51846012	2074	32.80000000000001
1641957724.18	152400	11.41508	0.0	57184643	2278	152.4
1641957726.59	152400	11.781007	0.0	48821461	2057	152.4
1641957728.75	152400	13.510654	0.0	44466772	1795	152.4
1641957731.31	152400	14.97242	0.0	45810515	2187	152.4
1641957733.36	152400	16.40697	0.0	42807747	1717	152.4
1641957737.51	260000	17.294415	0.0	75220977	3537	152.4
1641957741.14	260000	16.99032	0.0	79740890	3102	260.0
1641957745.0	260000	17.524948	0.0	78574581	3350	260.0
1641957748.76	260000	18.444527	0.0	78901633	3237	260.0
1641957752.26	260000	19.773952	0.0	79414941	2976	260.0
1641957756.13	260000	20.640364	0.0	73704781	3103	260.0
1641957760.57	260000	21.775365	0.0	80783826	3727	260.0
1641957768.99	260000	21.496954	0.0	77638812	7752	260.0
1641957775.99	260000	21.343883	0.0	74749470	6237	260.0
1641957781.05	260000	21.832919	0.0	75910911	4530	260.0
1641957783.16	260000	23.398162	0.0	74070687	1672	260.0
1641957784.5	260000	24.966768	0.0	73938718	837	260.0
