1641953862.03	8200	1.999999	0.363	546328	262	-94.38
1641953862.58	260000	3.45884	0.0	1757078	353	8.199999999999989
1641953862.94	260000	5.096635	0.0	1560847	180	260.0
1641953863.3	260000	6.739663	0.0	1542805	180	260.0
1641953866.41	32800	5.625909	0.0	12166782	2824	-194.39999999999998
1641953866.94	11700	7.095446	0.0	4536725	319	-9.400000000000002
1641953868.37	32800	7.668478	0.0	15560661	1165	11.699999999999996
1641953870.19	32800	7.881479	0.0	15851372	1555	32.8
1641953871.22	32800	9.397118	0.0	14688721	785	32.8
1641953872.15	32800	10.621151	0.0	12381646	701	32.8
1641953875.66	152400	9.543219	0.0	57184643	2737	32.80000000000001
1641953878.29	152400	10.038893	0.0	48821461	2169	152.4
1641953880.05	152400	11.045908	0.0	44466772	1340	152.4
1641953881.96	152400	11.927899	0.0	45810515	1494	152.4
1641953885.14	260000	11.927976	0.0	77654479	2306	152.4
1641953888.0	260000	11.803004	0.0	75220977	2151	260.0
1641953891.09	260000	13.124328	0.0	79740890	2508	260.0
1641953894.44	260000	14.469578	0.0	78574581	2694	260.0
1641953897.53	260000	15.614181	0.0	78901633	2543	260.0
1641953901.04	260000	16.650581	0.0	79414941	2949	260.0
1641953904.12	260000	17.684324	0.0	73704781	2540	260.0
1641953908.24	260000	18.468335	0.0	80783826	3298	260.0
1641953915.61	260000	18.367927	0.0	77638812	6811	260.0
1641953927.46	260000	18.095957	0.0	74749470	11219	260.0
1641953927.75	32800	19.911889	0.0	7133512	91	-194.39999999999998
1641953928.02	32800	21.911889	0.0	7041401	84	32.8
1641953928.95	152400	23.662942	0.0	34314045	488	32.80000000000001
1641953929.89	152400	25.662942	0.0	34563011	603	152.4
1641953930.77	152400	27.486966	0.0	31292175	512	152.4
1641953932.53	260000	29.053707	0.0	72822670	1214	152.4
1641953934.22	260000	30.728841	0.0	70991563	1144	260.0
1641953936.12	260000	32.370695	0.0	66218671	1437	260.0
1641953938.46	260000	33.865711	0.0	71469145	1636	260.0
1641953940.52	260000	35.541671	0.0	64074874	1429	260.0
1641953942.52	260000	37.087821	0.0	65041967	1532	260.0
1641953944.58	260000	38.836047	0.0	65860507	1532	260.0
1641953946.46	260000	40.395708	0.0	60900183	1425	260.0
1641953948.63	260000	42.069741	0.0	65223805	1706	260.0
1641953950.99	260000	43.581783	0.0	61492275	1780	260.0
1641953953.0	260000	45.226909	0.0	57534179	1527	260.0
1641953955.12	260000	46.791017	0.0	64191273	1588	260.0
1641953957.09	260000	48.36756	0.0	57421190	1280	260.0
1641953958.84	260000	50.032184	0.0	60358582	1200	260.0
1641953960.58	260000	51.731486	0.0	60581734	1109	260.0
1641953962.32	260000	53.318054	0.0	55686462	1209	260.0
1641953964.04	260000	55.031559	0.0	61687104	1267	260.0
1641953965.59	260000	56.677653	0.0	56994559	1089	260.0
1641953967.18	260000	58.453529	0.0	55162012	1138	260.0
1641953969.61	260000	59.79777	0.0	63612323	1259	260.0
1641953979.87	260000	59.923699	0.0	53712380	2765	260.0
1641953990.81	260000	59.806197	0.0	59826276	4827	260.0
1641954001.51	260000	59.756543	0.0	58861434	4146	260.0
1641954011.43	260000	59.835025	0.0	53320981	2380	260.0
1641954022.51	260000	59.613886	0.0	62494429	2495	260.0
1641954027.79	260000	57.197273	0.0	53458888	4721	260.0
1641954030.28	260000	58.319339	0.0	53798130	2036	260.0
1641954032.99	260000	59.278372	0.0	61358299	2212	260.0
1641954036.44	260000	59.82248	0.0	50406269	2015	260.0
1641954041.46	260000	59.796078	0.0	43226513	1670	260.0
1641954051.32	260000	59.982809	0.0	35938085	1548	260.0
1641954052.37	260000	59.889472	0.0	631698	339	260.0

1641954052.49	11700	59.889472	0.363	139786	4	-94.38
1641954052.54	260000	59.889472	0.0	631698	1	11.699999999999989
1641954053.28	8200	1.999999	0.123	2049018	373	-275.58000000000004
1641954053.38	260000	3.936471	0.0	1757078	3	8.199999999999989
1641954053.47	260000	5.847515	0.0	1560847	4	260.0
1641954053.56	260000	7.757518	0.0	1542805	2	260.0
1641954053.78	32800	9.542275	0.0	12166782	20	-194.39999999999998
1641954054.7	32800	10.618358	0.0	15664097	639	32.8
1641954059.11	260000	8.206999	0.0	84756689	3315	32.80000000000001
1641954062.56	152400	7.481784	0.0	72320713	2889	44.80000000000001
1641954062.79	32800	9.348374	0.0	14688721	34	-86.8
1641954065.92	152400	9.487082	0.0	51846012	2569	32.80000000000001
1641954066.51	32800	11.143651	0.0	10179458	374	-86.8
1641954071.66	152400	11.431389	0.0	48821461	4726	32.80000000000001
1641954073.94	152400	13.071748	0.0	44466772	1768	152.4
1641954077.5	152400	14.258676	0.0	45810515	3003	152.4
1641954081.37	152400	15.552982	0.0	42807747	3478	152.4
1641954083.27	152400	17.319488	0.0	40301174	1538	152.4
1641954085.26	152400	19.022928	0.0	39676104	1611	152.4
1641954088.97	260000	20.293445	0.0	78574581	3149	152.4
1641954095.5	260000	19.526693	0.0	78901633	5985	260.0
1641954108.1	260000	16.953069	0.0	79414941	11753	260.0
1641954110.44	152400	18.329047	0.0	36020729	1993	44.80000000000001
1641954112.54	152400	19.63118	0.0	36493721	1763	152.4
1641954114.34	152400	21.118794	0.0	37585290	1443	152.4
1641954115.72	152400	22.592367	0.0	34459282	1006	152.4
1641954117.32	152400	24.088435	0.0	37576374	1176	152.4
1641954120.54	260000	25.223271	0.0	74070687	2494	152.4
1641954123.28	260000	26.481814	0.0	73938718	2190	260.0
1641954126.12	260000	27.563997	0.0	73613985	2106	260.0
1641954128.89	260000	28.596765	0.0	69503182	2196	260.0
1641954131.96	260000	29.632302	0.0	72822670	2403	260.0
1641954134.98	260000	30.638744	0.0	70991563	2345	260.0
1641954138.04	260000	31.614209	0.0	66218671	2401	260.0
1641954141.2	260000	32.587734	0.0	71469145	2416	260.0
1641954145.14	260000	33.623641	0.0	64074874	3496	260.0
1641954148.94	260000	34.814414	0.0	65041967	3183	260.0
1641954156.09	260000	35.553619	0.0	65860507	6636	260.0
