1642047138.89	8200	1.999999	0.349	546328	249	-90.74
1642047139.1	11700	3.794202	0.0	1102047	100	8.2
1642047139.3	32800	5.589057	0.0	1560846	82	11.699999999999996
1642047139.47	32800	7.422502	0.0	1542804	60	32.8
1642047140.09	32800	8.798059	0.0	12166782	448	32.8
1642047140.9	32800	9.997227	0.0	15664097	621	32.8
1642047144.58	152400	8.308646	0.0	68626847	2888	32.80000000000001
1642047148.46	152400	7.064304	0.0	72320713	3308	152.4
1642047151.98	152400	7.012831	0.0	70827999	3117	152.4
1642047154.47	152400	7.525626	0.0	51846012	2162	152.4
1642047157.18	152400	9.356925	0.0	57184643	2280	152.4
1642047159.7	152400	10.860401	0.0	48821461	2082	152.4
1642047161.89	152400	12.192016	0.0	44466772	1884	152.4
1642047164.05	152400	13.844833	0.0	45810515	1851	152.4
1642047165.84	152400	15.546661	0.0	42807747	1525	152.4
1642047167.73	152400	17.109474	0.0	40301174	1620	152.4
1642047169.61	152400	18.687005	0.0	39676104	1634	152.4
1642047171.65	152400	20.272459	0.0	40793176	1784	152.4
1642047173.79	152400	21.877429	0.0	37608977	1873	152.4
1642047175.68	152400	23.48635	0.0	35738670	1658	152.4
1642047179.13	152400	24.717915	0.0	36020729	3199	152.4
1642047179.14	32800	24.70763	0.0	36020729	3199	-86.8
1642047179.89	32800	26.445477	0.0	6396912	626	32.8
1642047180.82	32800	28.326123	0.0	7253832	814	32.8
1642047181.66	32800	30.081193	0.0	7034316	708	32.8
1642047182.62	32800	31.910789	0.0	7133512	832	32.8
1642047183.36	32800	33.791177	0.0	7041401	617	32.8
1642047184.27	32800	35.471064	0.0	7143328	785	32.8
1642047185.25	32800	37.387012	0.0	7338535	861	32.8
1642047187.07	32800	38.917303	0.0	6896645	1692	32.8
1642047188.11	32800	40.61053	0.0	6714054	919	32.8
1642047188.9	32800	42.203282	0.0	7018701	663	32.8
1642047189.62	32800	44.203282	0.0	6838204	597	32.8
1642047189.97	32800	46.203282	0.0	6922846	231	32.8
1642047190.33	32800	48.060773	0.0	6926196	231	32.8
1642047190.7	32800	50.060773	0.0	7072104	251	32.8
1642047190.7	152400	50.060773	0.0	7072104	251	32.80000000000001
1642047192.43	152400	51.598197	0.0	34013525	1481	152.4
1642047195.07	152400	52.960655	0.0	30739933	2416	152.4
1642047196.73	152400	54.573861	0.0	34919429	1408	152.4
1642047198.09	152400	56.15921	0.0	34638995	1071	152.4
1642047198.62	152400	58.071456	0.0	30969970	324	152.4
1642047199.24	152400	59.902631	0.0	35313058	407	152.4
1642047205.34	260000	59.830474	0.0	57421190	788	152.4
1642047218.97	260000	59.742335	0.0	2765120	509	260.0
1642047218.98	260000	59.675869	0.0	2765120	509	260.0
1642047218.99	152400	59.6662	0.0	2765120	509	44.80000000000001
1642047219.0	32800	59.657751	0.0	2765120	509	-86.8
1642047225.87	32800	59.833031	0.0	7236548	668	32.8
1642047238.63	32800	59.954647	0.0	2718244	620	32.8
1642047238.64	32800	59.934419	0.0	2718244	620	32.8
1642047250.24	32800	59.549032	0.0	1928522	264	32.8
1642047250.25	32800	59.549032	0.0	1928522	264	32.8
1642047262.0	32800	59.958927	0.0	1838013	487	32.8
1642047262.01	32800	59.943384	0.0	1838013	487	32.8
1642047272.76	32800	59.682622	0.0	2752189	97	32.8
1642047272.77	32800	59.475534	0.0	2752189	97	32.8
1642047272.78	152400	59.468271	0.0	2752189	97	32.80000000000001
1642047274.61	152400	59.824712	0.0	41004729	1002	152.4
1642047276.67	152400	59.790937	0.0	37213320	842	152.4
1642047279.11	152400	59.613799	0.0	34267546	726	152.4

1642047279.12	260000	59.384954	0.349	34267546	726	-90.74000000000001
1642047279.54	8200	1.999999	-0.199	2049018	34	-191.86
1642047279.69	260000	3.883871	0.0	1757078	31	8.199999999999989
1642047279.82	260000	5.751853	0.0	1560847	26	260.0
1642047279.96	260000	7.617848	0.0	1542805	28	260.0
1642047282.33	260000	7.241312	0.0	83554460	1680	260.0
1642047284.31	260000	7.268934	0.0	88770741	1223	260.0
1642047287.33	260000	6.242709	0.0	84756689	2604	260.0
1642047288.99	260000	7.711309	0.0	85798884	1139	260.0
1642047291.66	260000	9.11546	0.0	86059829	2082	260.0
1642047298.0	260000	10.094689	0.0	83431241	5867	260.0
1642047312.52	260000	59.865775	0.0	2621613	140	260.0
1642047312.53	152400	59.865775	0.0	2621613	140	44.80000000000001
1642047324.07	32800	59.80205	0.0	2518225	538	-86.8
1642047324.07	32800	59.80205	0.0	2518225	538	32.8
1642047335.7	32800	59.965841	0.0	1871666	642	32.8
1642047335.7	32800	59.965841	0.0	1871666	642	32.8
1642047346.74	32800	59.997521	0.0	1799999	569	32.8
1642047346.75	11700	59.997521	0.0	1799999	569	-9.400000000000002
1642047358.49	11700	59.575759	0.0	2522793	533	11.7
1642047360.22	11700	59.996646	0.0	2591593	536	11.7
1642047362.49	11700	59.746572	0.0	2642305	160	11.7
1642047362.51	32800	59.613114	0.0	2642305	160	11.699999999999996
1642047364.16	32800	59.996565	0.0	7481760	1026	32.8
1642047366.39	32800	59.746534	0.0	7871221	592	32.8
1642047368.45	32800	59.746591	0.0	7236548	13	32.8
1642047368.46	260000	59.656927	0.0	7236548	13	32.80000000000001
1642047380.4	260000	59.746516	0.0	7565820	373	260.0
1642047380.41	152400	59.711821	0.0	7565820	373	44.80000000000001
1642047382.24	152400	59.881275	0.0	38920703	1605	152.4
1642047384.37	152400	59.99651	0.0	33588969	1421	152.4
1642047386.21	152400	59.910977	0.0	37188900	1600	152.4
1642047388.37	152400	59.746571	0.0	36607491	1437	152.4
1642047390.49	152400	59.630531	0.0	34872720	1850	152.4
1642047392.37	152400	59.75345	0.0	41004729	1598	152.4
1642047394.13	152400	59.992776	0.0	37213320	1455	152.4
1642047396.44	152400	59.746525	0.0	34267546	1578	152.4
1642047398.5	152400	59.746534	0.0	32823233	1302	152.4
1642047398.64	152400	59.513299	0.0	629903	30	152.4
