1641957158.34	8200	1.999999	0.358	546328	253	-93.08
1641957158.49	4900	3.858656	0.0	425156	48	1.6000000000000005
1641957158.66	4900	5.684677	0.0	613681	71	4.9
1641957158.83	4900	7.516099	0.0	607418	69	4.9
1641957161.12	11700	7.230792	0.0	3938957	2145	4.8999999999999995
1641957161.53	8200	8.815423	0.0	3361033	294	4.699999999999999
1641957162.11	11700	10.238304	0.0	5378836	447	8.2
1641957163.49	32800	10.854354	0.0	15851372	1149	11.699999999999996
1641957165.14	32800	11.209536	0.0	14688721	1476	32.8
1641957166.21	32800	12.144479	0.0	12381646	888	32.8
1641957170.05	152400	10.474432	0.0	57184643	2981	32.80000000000001
1641957170.55	32800	11.976198	0.0	7987681	351	-86.8
1641957172.42	152400	12.303664	0.0	44466772	1536	32.80000000000001
1641957174.38	152400	13.180282	0.0	45810515	1501	152.4
1641957176.17	152400	14.450524	0.0	42807747	1465	152.4
1641957177.78	152400	15.470678	0.0	40301174	1236	152.4
1641957180.87	260000	15.51409	0.0	79740890	2369	152.4
1641957183.65	260000	15.896631	0.0	78574581	2250	260.0
1641957186.64	260000	17.25549	0.0	78901633	2490	260.0
1641957190.02	260000	18.427038	0.0	79414941	2617	260.0
1641957192.88	260000	19.156751	0.0	73704781	2369	260.0
1641957196.39	260000	19.377447	0.0	80783826	2976	260.0
1641957199.57	260000	20.458261	0.0	77638812	2657	260.0
1641957203.66	260000	21.18466	0.0	74749470	3405	260.0
1641957210.47	260000	21.358196	0.0	75910911	6317	260.0
1641957222.85	260000	19.636292	0.0	74070687	11733	260.0
1641957224.18	260000	21.349937	0.0	73938718	862	260.0
1641957226.06	260000	23.060365	0.0	73613985	1241	260.0
1641957227.8	260000	24.760619	0.0	69503182	1224	260.0
1641957229.69	260000	26.373257	0.0	72822670	1428	260.0
1641957231.52	260000	27.809938	0.0	70991563	1360	260.0
1641957233.19	260000	29.589509	0.0	66218671	1211	260.0
1641957235.04	260000	31.286091	0.0	71469145	1394	260.0
1641957236.73	260000	32.927242	0.0	64074874	1216	260.0
1641957238.54	260000	34.650373	0.0	65041967	1211	260.0
1641957240.27	260000	36.262143	0.0	65860507	1213	260.0
1641957242.05	260000	37.815098	0.0	60900183	1217	260.0
1641957243.83	260000	39.620967	0.0	65223805	1276	260.0
1641957245.61	260000	41.304764	0.0	61492275	1381	260.0
1641957247.55	260000	42.798098	0.0	57534179	1521	260.0
1641957249.96	260000	44.371447	0.0	64191273	1849	260.0
1641957252.22	260000	45.919054	0.0	57421190	1830	260.0
1641957254.33	260000	47.588558	0.0	60358582	1696	260.0
1641957256.28	260000	49.073948	0.0	60581734	1538	260.0
1641957258.0	260000	50.770338	0.0	55686462	1332	260.0
1641957259.81	260000	52.416785	0.0	61687104	1337	260.0
1641957261.63	260000	54.125052	0.0	56994559	1457	260.0
1641957263.37	260000	55.747923	0.0	55162012	1287	260.0
1641957265.33	260000	57.398572	0.0	63612323	1443	260.0
1641957268.85	260000	58.743173	0.0	53712380	3079	260.0
1641957272.51	260000	59.794628	0.0	59826276	3249	260.0
1641957284.66	260000	59.871454	0.0	58861434	3230	260.0
1641957295.39	260000	59.911919	0.0	53320981	2753	260.0
1641957305.5	260000	59.993752	0.0	62494429	3572	260.0
1641957315.98	260000	59.898634	0.0	53458888	2397	260.0
1641957325.47	260000	59.890766	0.0	53798130	4018	260.0
1641957335.2	260000	59.85552	0.0	61358299	2682	260.0
1641957345.03	260000	59.796493	0.0	50406269	3235	260.0
1641957354.99	260000	59.89159	0.0	43226513	2041	260.0
1641957364.2	260000	59.809566	0.0	35938085	1833	260.0
1641957364.75	260000	59.8429	0.0	631698	373	260.0

1641957365.15	8200	1.999999	0.031	546328	3	-8.06
1641957365.17	4900	3.988128	0.0	425156	1	1.6000000000000005
1641957365.18	4900	5.973073	0.0	613681	1	4.9
1641957365.2	4900	7.960998	0.0	607418	2	4.9
1641957365.25	11700	9.912089	0.0	3938957	6	4.8999999999999995
1641957366.64	32800	10.520297	0.0	15664097	1171	11.699999999999996
1641957367.57	32800	11.592182	0.0	15560661	759	32.8
1641957372.5	152400	8.664676	0.0	72320713	3883	32.80000000000001
1641957372.85	11700	10.305815	0.0	5587559	222	-129.0
1641957372.96	32800	12.200641	0.0	12381646	25	11.699999999999996
1641957377.48	152400	10.922812	0.0	57184643	4154	32.80000000000001
1641957377.54	32800	12.919169	0.0	7987681	16	-86.8
1641957379.53	152400	13.881491	0.0	44466772	1673	32.80000000000001
1641957381.76	152400	14.416631	0.0	45810515	1837	152.4
1641957383.87	152400	15.566415	0.0	42807747	1720	152.4
1641957389.99	260000	16.69934	0.0	75220977	5623	152.4
1641957402.55	260000	13.1279	0.0	79740890	12064	260.0
1641957405.48	152400	14.446232	0.0	40793176	2632	44.80000000000001
1641957407.68	152400	15.131859	0.0	37608977	1905	152.4
1641957411.03	260000	15.45298	0.0	79414941	2846	152.4
1641957414.06	260000	16.534481	0.0	73704781	2382	260.0
1641957417.22	260000	17.437594	0.0	80783826	2453	260.0
1641957420.15	260000	18.656424	0.0	77638812	2219	260.0
1641957423.09	260000	19.950696	0.0	74749470	2278	260.0
1641957426.1	260000	20.985371	0.0	75910911	2355	260.0
1641957429.42	260000	22.090639	0.0	74070687	2721	260.0
1641957432.42	260000	23.456784	0.0	73938718	2400	260.0
1641957435.59	260000	24.828813	0.0	73613985	2700	260.0
1641957439.01	260000	26.108958	0.0	69503182	2805	260.0
1641957442.15	260000	27.527124	0.0	72822670	1582	260.0
1641957450.26	260000	28.03365	0.0	70991563	7666	260.0
