1641956173.31	8200	1.999999	0.353	546328	253	-91.78
1641956173.61	260000	3.701807	0.0	1757078	196	8.199999999999989
1641956173.86	260000	5.460012	0.0	1560847	139	260.0
1641956174.1	260000	7.22101	0.0	1542805	134	260.0
1641956181.63	260000	1.868606	0.0	83554460	6314	260.0
1641956189.59	260000	2.210672	0.677	88770741	7295	83.97999999999999
1641956200.57	260000	2.74504	0.0	84756689	10410	260.0
1641956203.14	260000	4.110129	0.0	85798884	1922	260.0
1641956205.73	260000	5.796233	0.0	86059829	2023	260.0
1641956208.05	260000	7.31371	0.0	83431241	1788	260.0
1641956210.42	260000	8.919023	0.0	82198417	1742	260.0
1641956213.03	260000	10.334963	0.0	79299299	1949	260.0
1641956216.8	260000	11.666174	0.0	75092129	3201	260.0
1641956223.19	260000	12.771128	0.0	78844622	5906	260.0
1641956229.76	260000	13.778811	0.0	77654479	5738	260.0
1641956234.78	260000	14.782879	0.0	75220977	4450	260.0
1641956240.41	260000	15.928257	0.0	79740890	4989	260.0
1641956243.19	260000	17.443746	0.0	78574581	1978	260.0
1641956251.9	260000	17.799834	0.0	78901633	8105	260.0
1641956273.79	260000	15.809028	0.0	79414941	21278	260.0
1641956285.65	260000	15.587822	0.0	73704781	11367	260.0
1641956288.11	260000	17.193012	0.0	80783826	1859	260.0
1641956289.55	260000	18.894278	0.0	77638812	903	260.0
1641956291.56	260000	20.544705	0.0	74749470	1326	260.0
1641956294.66	260000	21.582475	0.0	75910911	2381	260.0
1641956296.81	260000	23.582475	0.0	74070687	1599	260.0
1641956299.57	260000	25.08809	0.0	73938718	2230	260.0
1641956302.75	260000	26.51013	0.0	73613985	2689	260.0
1641956305.7	260000	27.895243	0.0	69503182	2285	260.0
1641956308.65	260000	29.29896	0.0	72822670	2460	260.0
1641956311.5	260000	30.791197	0.0	70991563	2376	260.0
1641956314.19	260000	32.075769	0.0	66218671	2027	260.0
1641956316.61	260000	33.823359	0.0	71469145	1945	260.0
1641956318.99	260000	35.317871	0.0	64074874	1795	260.0
1641956321.06	260000	37.022936	0.0	65041967	1626	260.0
1641956323.74	260000	38.518234	0.0	65860507	2182	260.0
1641956326.5	260000	39.996607	0.0	60900183	2279	260.0
1641956329.63	260000	41.460638	0.0	65223805	2675	260.0
1641956332.43	260000	42.941738	0.0	61492275	2267	260.0
1641956334.67	260000	44.497824	0.0	57534179	1799	260.0
1641956337.15	260000	46.116915	0.0	64191273	2034	260.0
1641956339.96	260000	47.613751	0.0	57421190	2393	260.0
1641956343.14	260000	48.96193	0.0	60358582	2540	260.0
1641956346.34	260000	50.364427	0.0	60581734	2700	260.0
1641956351.96	260000	51.291524	0.0	55686462	5127	260.0
1641956355.11	260000	52.81556	0.0	61687104	2644	260.0
1641956359.67	260000	53.911425	0.0	56994559	4155	260.0
1641956365.6	260000	54.87783	0.0	55162012	5522	260.0
1641956371.56	260000	55.611325	0.0	63612323	5456	260.0
1641956376.62	260000	56.665576	0.0	53712380	4683	260.0
1641956380.92	260000	57.764525	0.0	59826276	3896	260.0
1641956385.5	260000	59.024296	0.0	58861434	4020	260.0
1641956391.5	260000	59.881985	0.0	53320981	2991	260.0
1641956400.99	260000	59.972422	0.0	62494429	6360	260.0
1641956410.84	260000	59.909953	0.0	53458888	5310	260.0
1641956421.06	260000	59.811283	0.0	53798130	4268	260.0
1641956431.59	260000	59.803381	0.0	61358299	4835	260.0
1641956441.6	260000	59.825275	0.0	50406269	6047	260.0
1641956450.87	260000	59.919171	0.0	43226513	1365	260.0
1641956459.77	260000	59.807803	0.0	35938085	2030	260.0
1641956460.3	260000	59.841137	0.0	631698	346	260.0

1641956460.92	8200	1.999999	0.337	2049018	225	-87.62
1641956460.95	260000	3.999999	0.0	1757078	2	8.199999999999989
1641956460.96	260000	5.997859	0.0	1560847	2	260.0
1641956460.98	260000	7.979021	0.0	1542805	2	260.0
1641956468.21	260000	2.753384	0.0	83554460	5956	260.0
