1642224484.4	8200	1.999999	0.349	546328	251	-90.74
1642224484.77	260000	3.640285	0.0	1757078	175	8.199999999999989
1642224485.04	260000	5.367039	0.0	1560847	98	260.0
1642224485.33	260000	7.074579	0.0	1542805	119	260.0
1642224486.57	32800	7.834013	0.0	12166782	945	-194.39999999999998
1642224488.14	32800	8.268075	0.0	15664097	1314	32.8
1642224490.81	32800	7.598654	0.0	15560661	2431	32.8
1642224492.38	32800	8.030712	0.0	15851372	1309	32.8
1642224493.64	32800	9.18481	0.0	14688721	1033	32.8
1642224494.68	32800	10.291992	0.0	12381646	823	32.8
1642224495.64	32800	11.712566	0.0	10179458	759	32.8
1642224496.51	32800	13.196891	0.0	7987681	662	32.8
1642224501.06	152400	12.457036	0.0	44466772	3937	32.80000000000001
1642224507.83	152400	10.249546	0.0	45810515	6313	152.4
1642224509.82	152400	10.838213	0.0	42807747	1540	152.4
1642224511.05	152400	11.938646	0.0	40301174	851	152.4
1642224512.1	152400	13.054869	0.0	39676104	690	152.4
1642224513.14	152400	14.251898	0.0	40793176	673	152.4
1642224515.03	260000	14.686737	0.0	78901633	1104	152.4
1642224517.14	260000	15.663656	0.0	79414941	1537	260.0
1642224519.65	260000	16.836004	0.0	73704781	1976	260.0
1642224522.86	260000	17.829499	0.0	80783826	2637	260.0
1642224529.1	260000	17.815393	0.0	77638812	5701	260.0
1642224535.15	260000	17.933186	0.0	74749470	5491	260.0
1642224540.73	260000	17.921652	0.0	75910911	4953	260.0
1642224545.34	260000	18.453707	0.0	74070687	4071	260.0
1642224549.24	260000	19.263628	0.0	73938718	3337	260.0
1642224550.51	260000	20.848004	0.0	73613985	721	260.0
1642224559.35	260000	20.661271	0.0	69503182	8340	260.0
1642224580.42	260000	18.854342	0.0	72822670	18628	260.0
1642224592.68	260000	18.410258	0.0	70991563	11621	260.0
1642224594.94	260000	19.760294	0.0	66218671	1730	260.0
1642224595.74	152400	21.760294	0.0	34031025	440	44.80000000000001
1642224596.43	152400	23.760294	0.0	30869167	374	152.4
1642224597.11	152400	25.609026	0.0	31753337	335	152.4
1642224598.34	260000	27.456575	0.0	65860507	755	152.4
1642224599.97	260000	29.019326	0.0	60900183	1151	260.0
1642224602.44	260000	30.528281	0.0	65223805	1939	260.0
1642224604.2	260000	32.242579	0.0	61492275	1283	260.0
1642224606.02	260000	33.767267	0.0	57534179	1353	260.0
1642224607.95	260000	35.518184	0.0	64191273	1446	260.0
1642224609.8	260000	37.115432	0.0	57421190	1273	260.0
1642224611.76	260000	38.674952	0.0	60358582	1340	260.0
1642224613.61	260000	40.268257	0.0	60581734	1293	260.0
1642224615.7	260000	41.844189	0.0	55686462	1527	260.0
1642224618.39	260000	43.275395	0.0	61687104	2045	260.0
1642224621.06	260000	44.739645	0.0	56994559	2193	260.0
1642224623.72	260000	46.157585	0.0	55162012	2108	260.0
1642224626.91	260000	47.592696	0.0	63612323	2519	260.0
1642224629.39	260000	49.036341	0.0	53712380	2030	260.0
1642224631.94	260000	50.547168	0.0	59826276	2104	260.0
1642224634.17	260000	52.001457	0.0	58861434	1772	260.0
1642224635.94	260000	53.736994	0.0	53320981	1346	260.0
1642224637.84	260000	55.306708	0.0	62494429	1286	260.0
1642224639.26	260000	57.047729	0.0	53458888	967	260.0
1642224640.6	260000	58.759923	0.0	53798130	873	260.0
1642224644.2	260000	59.954606	0.0	61358299	1477	260.0
1642224655.38	260000	59.888781	0.0	50406269	1763	260.0
1642224665.02	260000	59.897231	0.0	43226513	4133	260.0
1642224674.68	260000	59.919959	0.0	35938085	5280	260.0
1642224675.27	260000	59.953293	0.0	631698	375	260.0

1642224675.78	8200	1.999999	0.17	385365	69	-44.2
1642224675.9	260000	3.902632	0.0	1757078	2	8.199999999999989
1642224676.0	260000	5.799656	0.0	1560847	4	260.0
1642224676.1	260000	7.700239	0.0	1542805	4	260.0
1642224676.32	32800	9.484444	0.0	12166782	19	-194.39999999999998
1642224681.37	152400	6.437628	0.0	56494032	4150	32.80000000000001
1642224688.67	260000	3.521544	0.0	84756689	6508	152.4
1642224694.01	152400	4.251633	0.0	72320713	4574	44.80000000000001
1642224699.7	152400	5.193049	0.0	70827999	5055	152.4
1642224705.44	152400	6.251622	0.0	51846012	5302	152.4
1642224705.66	32800	8.23196	0.0	10179458	21	-86.8
1642224705.81	32800	10.093374	0.0	7987681	33	32.8
1642224709.36	152400	11.484034	0.0	44466772	3043	32.80000000000001
1642224713.92	152400	12.49482	0.0	45810515	4154	152.4
1642224718.7	152400	13.520881	0.0	42807747	4385	152.4
1642224724.84	260000	14.326195	0.0	75220977	5584	152.4
1642224732.63	260000	14.333483	0.0	79740890	7240	260.0
1642224740.45	260000	11.535736	0.0	78574581	6869	260.0
1642224746.0	260000	11.827594	0.0	78901633	2189	260.0
1642224747.91	260000	13.340254	0.0	79414941	1129	260.0
1642224749.75	260000	14.746209	0.0	73704781	1274	260.0
1642224751.71	260000	16.174264	0.0	80783826	1262	260.0
1642224753.97	260000	17.464201	0.0	77638812	1480	260.0
1642224756.69	260000	18.679809	0.0	74749470	2059	260.0
1642224759.84	260000	19.789064	0.0	75910911	2582	260.0
1642224766.23	260000	20.671083	0.0	74070687	5730	260.0
1642224772.23	260000	21.544819	0.0	73938718	5443	260.0
1642224777.5	260000	22.487704	0.0	73613985	4513	260.0
1642224782.39	260000	23.79939	0.0	69503182	4210	260.0
