1642048229.26	8200	1.999999	0.517	546328	414	-134.42
1642048229.93	8200	3.346576	0.0	790650	551	8.2
1642048230.81	11700	4.450226	0.0	1111083	778	8.2
1642048231.66	11700	5.600009	0.0	1066380	746	11.7
1642048233.3	11700	5.960741	0.0	3938957	1510	11.7
1642048236.0	32800	5.266046	0.0	15664097	2467	11.699999999999996
1642048237.58	32800	5.68084	0.0	15560661	1419	32.8
1642048239.39	32800	6.002863	0.0	15851372	1635	32.8
1642048240.98	32800	7.146684	0.0	14688721	1431	32.8
1642048245.0	152400	7.017331	0.0	51846012	3329	32.80000000000001
1642048250.4	152400	6.160539	0.0	57184643	4993	152.4
1642048253.82	152400	6.054193	0.0	48821461	3110	152.4
1642048257.72	152400	7.123959	0.0	44466772	3470	152.4
1642048261.81	152400	8.079467	0.0	45810515	3751	152.4
1642048269.83	260000	8.07164	0.0	77654479	7480	152.4
1642048278.66	260000	7.822404	0.0	75220977	8347	260.0
1642048283.67	260000	8.15372	0.0	79740890	4498	260.0
1642048285.85	260000	9.558941	0.0	78574581	1588	260.0
1642048292.22	260000	9.605414	0.0	78901633	5956	260.0
1642048295.93	260000	11.173771	0.0	79414941	3092	260.0
1642048299.91	260000	12.396431	0.0	73704781	3627	260.0
1642048303.74	260000	13.736441	0.0	80783826	3260	260.0
1642048305.1	260000	15.448079	0.0	77638812	829	260.0
1642048306.73	260000	17.16924	0.0	74749470	1058	260.0
1642048308.9	260000	18.662175	0.0	75910911	1548	260.0
1642048311.35	260000	20.085589	0.0	74070687	1843	260.0
1642048313.47	260000	21.850077	0.0	73938718	1703	260.0
1642048315.63	260000	23.334748	0.0	73613985	1674	260.0
1642048317.72	260000	25.04526	0.0	69503182	1551	260.0
1642048319.87	260000	26.620196	0.0	72822670	1787	260.0
1642048321.8	260000	28.247706	0.0	70991563	1537	260.0
1642048323.62	260000	29.879665	0.0	66218671	1402	260.0
1642048325.37	260000	31.718471	0.0	71469145	1371	260.0
1642048326.94	260000	33.366734	0.0	64074874	1177	260.0
1642048328.6	260000	35.088184	0.0	65041967	1242	260.0
1642048332.49	260000	36.336942	0.0	65860507	3446	260.0
1642048335.56	260000	37.815435	0.0	60900183	2621	260.0
1642048338.49	260000	39.313882	0.0	65223805	2537	260.0
1642048340.88	260000	40.822293	0.0	61492275	2031	260.0
1642048343.32	260000	42.394262	0.0	57534179	2085	260.0
1642048346.16	260000	44.00408	0.0	64191273	2388	260.0
1642048350.02	260000	45.395877	0.0	57421190	3493	260.0
1642048353.01	260000	46.761924	0.0	60358582	2637	260.0
1642048356.27	260000	48.231461	0.0	60581734	2916	260.0
1642048360.9	260000	49.315086	0.0	55686462	4338	260.0
1642048361.9	260000	51.049552	0.0	61687104	658	260.0
1642048362.74	260000	52.861353	0.0	56994559	522	260.0
1642048364.18	260000	54.558724	0.0	55162012	1110	260.0
1642048365.38	260000	56.283866	0.0	63612323	808	260.0
1642048366.53	260000	58.099327	0.0	53712380	786	260.0
1642048367.87	260000	59.796267	0.0	59826276	939	260.0
1642048378.85	260000	59.871779	0.0	58861434	918	260.0
1642048390.2	260000	59.877097	0.0	53320981	1791	260.0
1642048399.39	260000	59.79114	0.0	62494429	3186	260.0
1642048410.8	260000	59.757186	0.0	53458888	3458	260.0
1642048420.29	260000	59.550608	0.0	53798130	2540	260.0
1642048429.63	260000	59.792056	0.0	61358299	5756	260.0
1642048440.24	260000	59.877724	0.0	50406269	5655	260.0
1642048450.73	260000	59.922212	0.0	43226513	3579	260.0
1642048459.2	260000	59.95477	0.0	35938085	4611	260.0
1642048459.74	260000	59.988104	0.0	631698	355	260.0

1642048460.41	8200	1.999999	0.393	2049018	282	-102.18
1642048460.44	8200	3.999999	0.0	790650	2	8.2
1642048460.46	11700	5.999999	0.0	1111083	3	8.2
1642048460.48	11700	7.988751	0.0	1066380	7	11.7
1642048460.54	11700	9.930064	0.0	3938957	11	11.7
1642048460.68	32800	11.786982	0.0	15664097	27	11.699999999999996
1642048460.79	32800	13.678282	0.0	15560661	28	32.8
1642048460.91	32800	15.556902	0.0	15851372	41	32.8
1642048461.01	32800	17.465063	0.0	14688721	26	32.8
1642048474.45	152400	7.610999	0.0	51846012	12757	32.80000000000001
1642048480.41	152400	6.046545	0.0	57184643	5522	152.4
1642048484.88	152400	5.525784	0.0	48821461	4193	152.4
1642048488.8	152400	6.842028	0.0	44466772	3616	152.4
1642048492.17	152400	7.8937	0.0	45810515	3073	152.4
1642048497.76	260000	8.594436	0.0	77654479	5015	152.4
1642048506.18	260000	8.439934	0.0	75220977	7958	260.0
1642048515.92	260000	7.618838	0.0	79740890	9158	260.0
1642048521.32	260000	8.274938	0.0	78574581	4932	260.0
1642048523.31	260000	9.830997	0.0	78901633	1520	260.0
