1642046827.55	8200	1.999999	0.361	546328	257	-93.86
1642046827.92	11700	3.635403	0.0	1102047	256	8.2
1642046828.25	11700	5.311218	0.0	1111083	222	11.7
1642046828.47	11700	7.085215	0.0	1066380	124	11.7
1642046831.69	32800	5.864216	0.0	12166782	3027	11.699999999999996
1642046833.03	32800	6.526902	0.0	15664097	1179	32.8
1642046834.46	32800	7.094536	0.0	15560661	1267	32.8
1642046836.07	32800	7.884669	0.0	15851372	1444	32.8
1642046836.95	32800	9.171416	0.0	14688721	746	32.8
1642046837.8	32800	10.475272	0.0	12381646	697	32.8
1642046838.5	32800	11.916311	0.0	10179458	552	32.8
1642046839.03	32800	13.844087	0.0	7987681	400	32.8
1642046839.44	32800	15.562345	0.0	6249975	296	32.8
1642046839.88	32800	17.30629	0.0	6462926	300	32.8
1642046840.32	32800	19.0349	0.0	6930236	317	32.8
1642046842.27	152400	19.883011	0.0	40301174	1529	32.80000000000001
1642046843.75	152400	21.052658	0.0	39676104	1221	152.4
1642046845.2	152400	22.017359	0.0	40793176	1213	152.4
1642046846.78	152400	23.122301	0.0	37608977	1361	152.4
1642046848.07	152400	24.260583	0.0	35738670	1072	152.4
1642046849.4	152400	25.631151	0.0	36020729	1098	152.4
1642046850.68	152400	26.968633	0.0	36493721	1064	152.4
1642046851.98	152400	28.010901	0.0	37585290	1043	152.4
1642046853.41	152400	29.030916	0.0	34459282	1220	152.4
1642046854.81	152400	30.003255	0.0	37576374	1154	152.4
1642046856.22	152400	30.908657	0.0	34095545	1194	152.4
1642046857.52	152400	32.095947	0.0	34314045	1082	152.4
1642046858.95	152400	33.193863	0.0	34563011	1151	152.4
1642046860.39	152400	34.09459	0.0	31292175	1243	152.4
1642046861.69	152400	34.874294	0.0	32834126	1045	152.4
1642046863.08	152400	35.481856	0.0	33877878	1112	152.4
1642046864.35	152400	36.437761	0.0	31988631	1017	152.4
1642046865.97	152400	37.109243	0.0	34031025	1371	152.4
1642046867.27	152400	38.03924	0.0	30869167	1086	152.4
1642046868.51	152400	39.651532	0.0	31753337	1027	152.4
1642046870.16	152400	41.211177	0.0	34013525	1440	152.4
1642046872.53	152400	42.345453	0.0	30739933	2167	152.4
1642046873.5	152400	44.023646	0.0	34919429	707	152.4
1642046875.56	152400	45.37112	0.0	34638995	1825	152.4
1642046887.02	152400	59.524049	0.0	7306910	1181	152.4
1642046891.29	32800	59.799277	0.0	7790808	3143	-86.8
1642046896.35	32800	59.967134	0.0	7160738	118	32.8
1642046908.44	32800	59.811085	0.0	2747985	502	32.8
1642046908.45	32800	59.811085	0.0	2747985	502	32.8
1642046919.57	32800	59.970222	0.0	2864046	502	32.8
1642046919.58	32800	59.832379	0.0	2864046	502	32.8
1642046925.49	32800	59.78815	0.0	7845705	275	32.8
1642046936.6	32800	59.932378	0.0	2884569	512	32.8
1642046936.6	32800	59.932378	0.0	2884569	512	32.8
1642046951.95	32800	59.816636	0.0	3147034	733	32.8
1642046951.96	32800	59.816636	0.0	3147034	733	32.8
1642046952.06	32800	59.84997	0.0	296571	8	32.8
1642046952.18	260000	59.84997	0.0	631698	19	32.80000000000001
1642046952.19	152400	59.84997	0.0	631698	19	44.80000000000001
