1642223531.72	8200	1.999999	0.513	546328	415	-133.38
1642223532.57	260000	3.164111	0.0	1757078	650	8.199999999999989
1642223533.03	260000	4.696549	0.0	1560847	286	260.0
1642223533.66	260000	6.066021	0.0	1542805	444	260.0
1642223535.49	32800	6.241467	0.0	12166782	1561	-194.39999999999998
1642223536.01	11700	7.723319	0.0	4536725	316	-9.400000000000002
1642223538.07	32800	7.664136	0.0	15560661	1788	11.699999999999996
1642223539.89	32800	7.8833	0.0	15851372	1585	32.8
1642223541.13	32800	9.023563	0.0	14688721	1022	32.8
1642223541.97	32800	10.300185	0.0	12381646	618	32.8
1642223547.42	152400	8.348411	0.0	57184643	4726	32.80000000000001
1642223551.47	152400	7.668599	0.0	48821461	3646	152.4
1642223555.68	152400	7.164642	0.0	44466772	3862	152.4
1642223558.36	152400	7.628714	0.0	45810515	2327	152.4
1642223563.43	152400	8.400827	0.0	42807747	4699	152.4
1642223567.63	152400	9.602493	0.0	40301174	3763	152.4
1642223572.25	152400	10.418585	0.0	39676104	4276	152.4
1642223577.09	152400	11.105955	0.0	40793176	4422	152.4
1642223579.46	152400	12.467752	0.0	37608977	2037	152.4
1642223582.54	152400	13.515315	0.0	35738670	2725	152.4
1642223583.69	152400	15.218976	0.0	36020729	725	152.4
1642223584.81	152400	16.896512	0.0	36493721	753	152.4
1642223591.04	260000	16.922748	0.0	77638812	5421	152.4
1642223595.07	260000	17.654653	0.0	74749470	3340	260.0
1642223599.37	260000	18.329449	0.0	75910911	3720	260.0
1642223603.02	260000	18.980615	0.0	74070687	3116	260.0
1642223605.12	260000	20.280384	0.0	73938718	1565	260.0
1642223607.4	260000	21.45315	0.0	73613985	1654	260.0
1642223608.96	260000	22.987036	0.0	69503182	1111	260.0
1642223610.96	260000	24.194469	0.0	72822670	1237	260.0
1642223612.75	260000	25.705924	0.0	70991563	1304	260.0
1642223614.93	260000	26.867823	0.0	66218671	1682	260.0
1642223617.22	260000	28.226896	0.0	71469145	1675	260.0
1642223619.36	260000	29.566527	0.0	64074874	1582	260.0
1642223621.28	260000	30.848408	0.0	65041967	1480	260.0
1642223623.35	260000	31.794492	0.0	65860507	1513	260.0
1642223625.22	260000	33.306112	0.0	60900183	1393	260.0
1642223627.13	260000	34.437088	0.0	65223805	1437	260.0
1642223629.63	260000	35.643756	0.0	61492275	1975	260.0
1642223633.82	260000	36.056182	0.0	57534179	3725	260.0
1642223636.88	260000	37.457193	0.0	64191273	2467	260.0
1642223639.31	260000	39.034052	0.0	57421190	2031	260.0
1642223641.86	260000	40.478647	0.0	60358582	2129	260.0
1642223644.67	260000	41.989058	0.0	60581734	2286	260.0
1642223647.44	260000	43.370795	0.0	55686462	2334	260.0
1642223651.28	260000	44.661698	0.0	61687104	3273	260.0
1642223654.3	260000	46.056866	0.0	56994559	2470	260.0
1642223659.81	260000	47.166432	0.0	55162012	5098	260.0
1642223662.15	260000	48.655882	0.0	63612323	1783	260.0
1642223663.53	260000	50.344993	0.0	53712380	930	260.0
1642223665.25	260000	52.068691	0.0	59826276	1270	260.0
1642223667.27	260000	53.626382	0.0	58861434	1456	260.0
1642223669.13	260000	55.319962	0.0	53320981	1424	260.0
1642223671.29	260000	56.826249	0.0	62494429	1592	260.0
1642223673.07	260000	58.560266	0.0	53458888	1359	260.0
1642223675.94	260000	59.899924	0.0	53798130	1459	260.0
1642223686.0	260000	59.870558	0.0	61358299	1615	260.0
1642223694.77	260000	59.838443	0.0	50406269	3786	260.0
1642223705.06	260000	59.993021	0.0	43226513	1886	260.0
1642223715.4	260000	59.892431	0.0	35938085	3493	260.0
1642223715.96	260000	59.797473	0.0	631698	349	260.0

1642223716.43	8200	1.999999	0.126	385365	26	-32.76
1642223716.57	260000	3.879899	0.0	1757078	3	8.199999999999989
1642223716.66	260000	5.789818	0.0	1560847	5	260.0
1642223716.75	260000	7.699714	0.0	1542805	5	260.0
1642223721.82	260000	4.625775	0.0	83554460	3887	260.0
1642223730.22	260000	2.975648	0.0	88770741	7836	260.0
1642223736.38	152400	3.982225	0.0	68626847	5531	44.80000000000001
1642223742.85	152400	4.777414	0.0	72320713	6012	152.4
1642223743.01	32800	6.777414	0.0	14688721	23	-86.8
1642223749.19	152400	7.641803	0.0	51846012	5620	32.80000000000001
1642223755.94	152400	8.281843	0.0	57184643	6326	152.4
1642223761.83	152400	9.107917	0.0	48821461	5353	152.4
1642223773.66	152400	7.241839	0.0	44466772	11399	152.4
1642223775.13	32800	8.818556	0.0	6462926	1197	-86.8
1642223776.02	32800	10.480993	0.0	6930236	693	32.8
1642223776.93	32800	12.226958	0.0	7176786	717	32.8
1642223777.84	32800	14.089431	0.0	6963959	694	32.8
1642223778.61	32800	15.899204	0.0	7320305	570	32.8
1642223781.11	152400	17.364365	0.0	37608977	2120	32.80000000000001
1642223784.86	152400	18.377484	0.0	35738670	3421	152.4
1642223788.29	152400	19.529614	0.0	36020729	3115	152.4
1642223791.04	152400	20.691356	0.0	36493721	2401	152.4
1642223796.85	260000	21.000468	0.0	77638812	5266	152.4
1642223805.5	260000	16.841272	0.0	74749470	8126	260.0
1642223815.03	260000	12.774449	0.0	75910911	8888	260.0
1642223820.29	260000	13.110686	0.0	74070687	4574	260.0
1642223822.45	260000	14.458342	0.0	73938718	1453	260.0
1642223828.04	260000	14.366902	0.0	73613985	4985	260.0
1642223830.92	260000	15.529942	0.0	69503182	2409	260.0
