1641956827.26	8200	1.999999	0.32	546328	217	-83.2
1641956827.51	4900	3.757373	0.0	425156	149	1.6000000000000005
1641956827.82	4900	5.44282	0.0	613681	215	4.9
1641956828.07	4900	7.190491	0.0	607418	153	4.9
1641956828.72	8200	8.549567	0.0	2973194	520	4.8999999999999995
1641956829.65	11700	9.613799	0.0	4536725	803	8.2
1641956835.87	32800	5.397999	0.0	15560661	5982	11.699999999999996
1641956837.04	4900	6.228339	0.0	2245725	957	-23.0
1641956837.55	8200	7.764337	0.0	3391749	395	4.8999999999999995
1641956838.11	11700	9.385233	0.0	4371099	424	8.2
1641956838.99	32800	10.552277	0.0	10179458	736	11.699999999999996
1641956840.19	32800	11.567951	0.0	7987681	1063	32.8
1641956844.48	152400	10.096766	0.0	44466772	3800	32.80000000000001
1641956844.93	32800	11.639171	0.0	6462926	322	-86.8
1641956849.16	152400	9.409581	0.0	42807747	3907	32.80000000000001
1641956849.71	32800	10.921127	0.0	7176786	418	-86.8
1641956850.39	32800	12.369906	0.0	6963959	550	32.8
1641956853.94	152400	11.829048	0.0	40793176	3132	32.80000000000001
1641956857.51	152400	12.861577	0.0	37608977	3292	152.4
1641956859.95	152400	13.933891	0.0	35738670	2176	152.4
1641956862.86	152400	13.755929	0.0	36020729	2647	152.4
1641956867.32	152400	14.189926	0.0	36493721	4111	152.4
1641956870.69	152400	13.87492	0.0	37585290	3071	152.4
1641956874.83	152400	13.328058	0.0	34459282	3795	152.4
1641956879.39	152400	13.649073	0.0	37576374	4275	152.4
1641956881.62	152400	14.895739	0.0	34095545	1958	152.4
1641956884.01	152400	16.030426	0.0	34314045	2126	152.4
1641956887.18	260000	17.060881	0.0	73613985	2220	152.4
1641956892.38	260000	17.155583	0.0	69503182	4737	260.0
1641956895.43	260000	18.042416	0.0	72822670	2583	260.0
1641956898.95	260000	18.946311	0.0	70991563	3050	260.0
1641956902.74	260000	19.646234	0.0	66218671	3314	260.0
1641956906.03	260000	20.597795	0.0	71469145	2644	260.0
1641956907.02	260000	22.176677	0.0	64074874	539	260.0
1641956908.07	260000	23.803843	0.0	65041967	585	260.0
1641956909.6	260000	25.170727	0.0	65860507	1074	260.0
1641956911.18	260000	26.570684	0.0	60900183	951	260.0
1641956913.14	260000	27.818539	0.0	65223805	1545	260.0
1641956915.01	260000	29.084592	0.0	61492275	1444	260.0
1641956916.73	260000	30.364935	0.0	57534179	1284	260.0
1641956918.62	260000	31.682899	0.0	64191273	1436	260.0
1641956920.26	260000	33.01963	0.0	57421190	1269	260.0
1641956922.11	260000	34.253695	0.0	60358582	1432	260.0
1641956923.98	260000	35.713085	0.0	60581734	1309	260.0
1641956925.54	260000	37.079892	0.0	55686462	1197	260.0
1641956927.24	260000	38.351087	0.0	61687104	1247	260.0
1641956928.74	260000	39.812764	0.0	56994559	1092	260.0
1641956930.08	260000	41.627306	0.0	55162012	977	260.0
1641956932.68	260000	43.167803	0.0	63612323	2169	260.0
1641956936.57	260000	44.239047	0.0	53712380	3505	260.0
1641956939.39	260000	45.648528	0.0	59826276	2294	260.0
1641956942.15	260000	47.111631	0.0	58861434	2147	260.0
1641956944.5	260000	48.687912	0.0	53320981	1871	260.0
1641956947.3	260000	50.063969	0.0	62494429	2356	260.0
1641956949.86	260000	51.381628	0.0	53458888	2168	260.0
1641956953.48	260000	52.642754	0.0	53798130	3227	260.0
1641956956.68	260000	54.098596	0.0	61358299	2611	260.0
1641956962.52	260000	54.87426	0.0	50406269	5345	260.0
1641956971.96	260000	54.826894	0.0	43226513	1264	260.0
1641956972.87	260000	56.747733	0.0	35938085	559	260.0
1641956972.97	260000	56.693658	0.0	631698	8	260.0

1641956973.48	8200	1.999999	0.176	2049018	16	-45.760000000000005
1641956973.49	4900	3.999999	0.0	425156	1	1.6000000000000005
1641956973.51	4900	5.993205	0.0	613681	4	4.9
1641956973.52	4900	7.978223	0.0	607418	1	4.9
1641956973.68	11700	9.820167	0.0	3938957	34	4.8999999999999995
1641956974.12	32800	11.380644	0.0	15664097	198	11.699999999999996
1641956975.72	152400	11.783244	0.0	68626847	687	32.80000000000001
1641956977.4	152400	12.108233	0.0	72320713	1041	152.4
1641956979.36	152400	12.142386	0.0	70827999	1398	152.4
1641956980.96	152400	12.55068	0.0	51846012	1210	152.4
1641956982.92	152400	12.638665	0.0	57184643	1547	152.4
1641956984.86	152400	13.18248	0.0	48821461	1568	152.4
1641956988.53	152400	13.685945	0.0	44466772	3314	152.4
1641956991.11	152400	15.126849	0.0	45810515	2235	152.4
1641956995.6	260000	16.286618	0.0	77654479	3957	152.4
1641956998.4	260000	17.710463	0.0	75220977	2214	260.0
1641957003.87	260000	18.67152	0.0	79740890	4866	260.0
1641957008.0	260000	19.80164	0.0	78574581	3643	260.0
1641957013.88	260000	20.620282	0.0	78901633	5287	260.0
1641957019.12	260000	21.469111	0.0	79414941	4747	260.0
1641957023.06	260000	22.363896	0.0	73704781	3465	260.0
1641957030.4	260000	22.363225	0.0	80783826	6801	260.0
1641957038.55	260000	22.589499	0.0	77638812	7559	260.0
1641957044.86	260000	22.718927	0.0	74749470	5731	260.0
1641957052.21	260000	22.730921	0.0	75910911	6846	260.0
1641957060.52	260000	22.807907	0.0	74070687	7720	260.0
1641957076.44	260000	21.735343	0.0	73938718	15441	260.0
1641957083.59	260000	22.455053	0.0	73613985	6396	260.0
1641957090.51	260000	23.211968	0.0	69503182	6483	260.0
1641957096.44	260000	23.988116	0.0	72822670	5469	260.0
1641957102.42	260000	24.896369	0.0	70991563	5381	260.0
1641957109.46	260000	25.585026	0.0	66218671	6542	260.0
1641957118.07	260000	25.935511	0.0	71469145	8150	260.0
1641957123.2	260000	27.150982	0.0	64074874	4623	260.0
1641957124.97	260000	28.789179	0.0	65041967	1339	260.0
