1641958440.92	8200	1.999999	0.518	546328	414	-134.68
1641958441.68	260000	3.241919	0.0	1757078	579	8.199999999999989
1641958442.15	260000	4.774686	0.0	1560847	291	260.0
1641958442.81	260000	6.116647	0.0	1542805	482	260.0
1641958443.75	11700	7.179299	0.0	3938957	733	-236.60000000000002
1641958444.4	11700	8.526924	0.0	4536725	460	11.7
1641958446.15	32800	8.772948	0.0	15560661	1438	11.699999999999996
1641958448.0	32800	8.920708	0.0	15851372	1601	32.8
1641958449.6	32800	9.322962	0.0	14688721	1375	32.8
1641958450.59	32800	10.338953	0.0	12381646	746	32.8
1641958451.3	32800	11.624582	0.0	10179458	509	32.8
1641958452.0	32800	12.924018	0.0	7987681	508	32.8
1641958456.49	152400	11.90625	0.0	44466772	3946	32.80000000000001
1641958460.45	152400	11.404569	0.0	45810515	3491	152.4
1641958467.13	260000	8.795952	0.0	77654479	5723	152.4
1641958471.35	152400	7.823654	0.0	40301174	3833	44.80000000000001
1641958481.12	152400	6.997383	0.0	39676104	9398	152.4
1641958486.3	152400	7.745173	0.0	40793176	4680	152.4
1641958488.69	152400	9.317586	0.0	37608977	2033	152.4
1641958491.63	152400	10.796044	0.0	35738670	2603	152.4
1641958492.73	152400	12.495346	0.0	36020729	725	152.4
1641958493.92	152400	14.285357	0.0	36493721	737	152.4
1641958500.33	260000	14.558287	0.0	77638812	5757	152.4
1641958504.52	260000	15.277415	0.0	74749470	3414	260.0
1641958508.95	260000	15.783355	0.0	75910911	3747	260.0
1641958512.4	260000	16.46739	0.0	74070687	2823	260.0
1641958514.14	260000	17.998896	0.0	73938718	1006	260.0
1641958516.08	260000	19.387697	0.0	73613985	1199	260.0
1641958518.06	260000	20.708278	0.0	69503182	1285	260.0
1641958519.98	260000	22.01596	0.0	72822670	1404	260.0
1641958522.14	260000	23.274796	0.0	70991563	1418	260.0
1641958524.18	260000	24.596916	0.0	66218671	1325	260.0
1641958526.31	260000	25.678796	0.0	71469145	1521	260.0
1641958528.4	260000	27.115128	0.0	64074874	1494	260.0
1641958530.2	260000	28.420896	0.0	65041967	1311	260.0
1641958532.05	260000	29.903709	0.0	65860507	1335	260.0
1641958533.85	260000	31.356576	0.0	60900183	1224	260.0
1641958535.61	260000	32.607987	0.0	65223805	1229	260.0
1641958537.67	260000	33.732665	0.0	61492275	1536	260.0
1641958542.09	260000	34.961133	0.0	57534179	3760	260.0
1641958545.1	260000	36.38444	0.0	64191273	2529	260.0
1641958547.91	260000	37.878476	0.0	57421190	2247	260.0
1641958550.47	260000	39.445001	0.0	60358582	2066	260.0
1641958553.29	260000	40.824533	0.0	60581734	2285	260.0
1641958556.1	260000	42.286129	0.0	55686462	2171	260.0
1641958560.13	260000	43.628758	0.0	61687104	3563	260.0
1641958563.11	260000	45.073998	0.0	56994559	2460	260.0
1641958568.96	260000	45.914703	0.0	55162012	5279	260.0
1641958571.11	260000	47.469293	0.0	63612323	1567	260.0
1641958572.31	260000	49.238267	0.0	53712380	700	260.0
1641958573.72	260000	50.917768	0.0	59826276	886	260.0
1641958575.56	260000	52.642012	0.0	58861434	1385	260.0
1641958577.29	260000	54.236291	0.0	53320981	1193	260.0
1641958579.04	260000	55.785328	0.0	62494429	1247	260.0
1641958580.46	260000	57.575699	0.0	53458888	962	260.0
1641958582.12	260000	59.212084	0.0	53798130	1227	260.0
1641958588.15	260000	59.790408	0.0	61358299	1540	260.0
1641958598.86	260000	59.821641	0.0	50406269	1258	260.0
1641958608.29	260000	59.898601	0.0	43226513	3419	260.0
1641958617.58	260000	59.985593	0.0	35938085	2393	260.0
1641958618.64	260000	59.891757	0.0	631698	343	260.0

1641958618.77	11700	59.891757	0.518	139786	5	-134.68
1641958618.82	260000	59.891757	0.0	631698	2	11.699999999999989
1641958619.64	8200	1.999999	-0.009	2049018	393	-241.26000000000002
1641958619.75	260000	3.952093	0.0	1757078	4	8.199999999999989
1641958619.85	260000	5.855048	0.0	1560847	5	260.0
1641958619.94	260000	7.757606	0.0	1542805	4	260.0
1641958625.13	260000	4.577701	0.0	83554460	4113	260.0
1641958628.45	152400	3.850783	0.0	56494032	2833	44.80000000000001
1641958635.63	260000	4.596591	0.0	84756689	6557	152.4
1641958644.62	260000	4.408279	0.0	85798884	8300	260.0
1641958650.43	152400	5.317011	0.0	70827999	5136	44.80000000000001
1641958654.27	152400	6.640463	0.0	51846012	3351	152.4
1641958661.34	152400	7.428925	0.0	57184643	6517	152.4
1641958666.99	152400	8.581963	0.0	48821461	5117	152.4
1641958674.14	152400	9.265078	0.0	44466772	6749	152.4
1641958684.23	152400	9.074159	0.0	45810515	9566	152.4
1641958688.4	152400	9.894831	0.0	42807747	3809	152.4
1641958691.91	152400	10.935147	0.0	40301174	3041	152.4
1641958695.06	152400	12.181356	0.0	39676104	2814	152.4
1641958698.38	152400	13.282256	0.0	40793176	2960	152.4
1641958702.06	152400	14.113319	0.0	37608977	3314	152.4
1641958708.05	260000	14.297752	0.0	79414941	5419	152.4
1641958716.18	260000	13.758347	0.0	73704781	7504	260.0
1641958725.35	260000	12.456414	0.0	80783826	8593	260.0
1641958730.25	260000	12.830433	0.0	77638812	4303	260.0
1641958732.5	260000	14.120594	0.0	74749470	1525	260.0
1641958739.34	260000	13.840926	0.0	75910911	6147	260.0
