1642048875.22	8200	1.999999	0.352	546328	249	-91.52
1642048875.42	8200	3.810259	0.0	790650	90	8.2
1642048875.58	11700	5.644551	0.0	1111083	51	8.2
1642048875.74	11700	7.490413	0.0	1066380	49	11.7
1642048876.03	11700	9.196634	0.0	3938957	170	11.7
1642048876.88	32800	10.343136	0.0	15664097	644	11.699999999999996
1642048877.69	32800	11.540125	0.0	15560661	640	32.8
1642048878.51	32800	12.714957	0.0	15851372	622	32.8
1642048879.27	32800	13.959307	0.0	14688721	587	32.8
1642048882.34	152400	12.891069	0.0	51846012	2482	32.80000000000001
1642048885.05	152400	12.181316	0.0	57184643	2267	152.4
1642048887.8	152400	12.451297	0.0	48821461	2408	152.4
1642048889.86	152400	13.417883	0.0	44466772	1731	152.4
1642048892.2	152400	14.044838	0.0	45810515	2010	152.4
1642048895.95	260000	14.000414	0.0	77654479	3213	152.4
1642048899.48	260000	13.787538	0.0	75220977	3015	260.0
1642048903.09	260000	15.037688	0.0	79740890	3147	260.0
1642048907.39	260000	15.891062	0.0	78574581	3618	260.0
1642048912.24	260000	16.85749	0.0	78901633	4249	260.0
1642048922.33	260000	15.9973	0.0	79414941	9600	260.0
1642048926.79	260000	16.871952	0.0	73704781	3749	260.0
1642048932.34	260000	16.994168	0.0	80783826	5039	260.0
1642048934.44	260000	18.4611	0.0	77638812	1436	260.0
1642048935.89	260000	19.829112	0.0	74749470	786	260.0
1642048937.58	260000	21.607485	0.0	75910911	1155	260.0
1642048939.5	260000	23.322562	0.0	74070687	1402	260.0
1642048941.72	260000	24.823974	0.0	73938718	1747	260.0
1642048943.81	260000	26.530712	0.0	73613985	1618	260.0
1642048945.72	260000	28.172225	0.0	69503182	1495	260.0
1642048947.91	260000	29.724665	0.0	72822670	1546	260.0
1642048949.86	260000	31.431188	0.0	70991563	1521	260.0
1642048951.88	260000	32.938402	0.0	66218671	1384	260.0
1642048953.83	260000	34.650773	0.0	71469145	1476	260.0
1642048955.65	260000	36.230128	0.0	64074874	1376	260.0
1642048957.87	260000	37.860482	0.0	65041967	1812	260.0
1642048963.37	260000	38.757715	0.0	65860507	5069	260.0
1642048970.58	260000	39.469323	0.0	60900183	6767	260.0
1642048978.66	260000	39.900819	0.0	65223805	7446	260.0
1642048987.2	260000	40.358128	0.0	61492275	8148	260.0
1642048992.05	260000	41.432171	0.0	57534179	4318	260.0
1642048993.87	260000	43.205362	0.0	64191273	1357	260.0
1642048995.27	260000	44.902128	0.0	57421190	1019	260.0
1642048996.64	260000	46.556333	0.0	60358582	887	260.0
1642048997.91	260000	48.400629	0.0	60581734	816	260.0
1642048999.2	260000	50.108872	0.0	55686462	816	260.0
1642049000.96	260000	51.786285	0.0	61687104	1310	260.0
1642049003.03	260000	53.46438	0.0	56994559	1672	260.0
1642049004.57	260000	55.033366	0.0	55162012	1151	260.0
1642049006.21	260000	56.759329	0.0	63612323	1257	260.0
1642049007.67	260000	58.25347	0.0	53712380	1068	260.0
1642049009.87	260000	59.715839	0.0	59826276	1311	260.0
1642049020.56	260000	59.783684	0.0	58861434	1227	260.0
1642049032.19	260000	59.896614	0.0	53320981	1703	260.0
1642049042.29	260000	59.871182	0.0	62494429	3937	260.0
1642049053.21	260000	59.945388	0.0	53458888	3876	260.0
1642049067.06	260000	59.344002	0.0	53798130	13407	260.0
1642049078.34	260000	59.193057	0.0	61358299	10788	260.0
1642049084.65	260000	59.804753	0.0	50406269	3383	260.0
1642049094.56	260000	59.871517	0.0	43226513	2480	260.0
1642049105.07	260000	59.887274	0.0	35938085	3653	260.0
1642049105.59	260000	59.796994	0.0	631698	337	260.0

1642049106.21	8200	1.999999	0.319	2049018	199	-82.94
1642049106.23	8200	3.999999	0.0	790650	2	8.2
1642049106.26	11700	5.976886	0.0	1111083	5	8.2
1642049106.28	11700	7.955182	0.0	1066380	3	11.7
1642049106.33	11700	9.908896	0.0	3938957	11	11.7
1642049106.53	32800	11.711345	0.0	15664097	33	11.699999999999996
1642049106.64	32800	13.59796	0.0	15560661	33	32.8
1642049106.76	32800	15.47084	0.0	15851372	43	32.8
1642049106.86	32800	17.372484	0.0	14688721	31	32.8
1642049109.62	152400	16.616997	0.0	51846012	2124	32.80000000000001
1642049112.37	152400	15.869531	0.0	57184643	2274	152.4
1642049114.78	152400	15.459643	0.0	48821461	2075	152.4
1642049116.88	152400	15.576063	0.0	44466772	1786	152.4
1642049119.39	152400	15.916588	0.0	45810515	2195	152.4
1642049123.19	260000	15.624988	0.0	77654479	3106	152.4
1642049127.23	260000	15.464915	0.0	75220977	3376	260.0
1642049131.29	260000	15.594409	0.0	79740890	3416	260.0
1642049135.05	260000	16.582237	0.0	78574581	3224	260.0
1642049138.56	260000	17.608124	0.0	78901633	3000	260.0
1642049142.27	260000	18.666067	0.0	79414941	3256	260.0
1642049146.44	260000	19.480281	0.0	73704781	3503	260.0
1642049153.11	260000	19.724818	0.0	80783826	6117	260.0
1642049162.67	260000	18.702595	0.0	77638812	8993	260.0
1642049167.39	260000	19.595789	0.0	74749470	4067	260.0
1642049170.71	260000	20.921508	0.0	75910911	2721	260.0
1642049172.12	260000	22.634473	0.0	74070687	842	260.0
1642049173.33	260000	24.491277	0.0	73938718	756	260.0
