1641958754.11	8200	1.999999	0.516	546328	415	-134.16
1641958755.58	260000	2.539732	0.0	1757078	1229	8.199999999999989
1641958756.1	260000	4.021336	0.0	1560847	338	260.0
1641958756.57	260000	5.544646	0.0	1542805	267	260.0
1641958758.19	32800	5.930371	0.0	12166782	1340	-194.39999999999998
1641958758.74	11700	7.374327	0.0	4536725	360	-9.400000000000002
1641958760.47	32800	7.64863	0.0	15560661	1473	11.699999999999996
1641958761.53	32800	8.588477	0.0	15851372	812	32.8
1641958762.62	32800	9.662575	0.0	14688721	856	32.8
1641958763.53	32800	10.929212	0.0	12381646	617	32.8
1641958764.22	32800	12.297083	0.0	10179458	475	32.8
1641958768.09	260000	11.002286	0.0	79299299	2889	32.80000000000001
1641958771.1	260000	11.061255	0.0	75092129	2474	260.0
1641958774.06	260000	11.393734	0.0	78844622	2374	260.0
1641958776.99	260000	11.526509	0.0	77654479	2205	260.0
1641958780.07	260000	11.229446	0.0	75220977	2314	260.0
1641958783.08	260000	11.783549	0.0	79740890	2472	260.0
1641958786.49	260000	13.180231	0.0	78574581	2790	260.0
1641958789.92	260000	14.536213	0.0	78901633	2749	260.0
1641958793.3	260000	15.831263	0.0	79414941	2731	260.0
1641958797.53	260000	17.094026	0.0	73704781	3722	260.0
1641958803.52	260000	17.825078	0.0	80783826	5272	260.0
1641958817.34	260000	17.099994	0.0	77638812	13116	260.0
1641958820.03	260000	18.624243	0.0	74749470	1907	260.0
1641958821.98	260000	20.281345	0.0	75910911	1235	260.0
1641958823.6	260000	21.961239	0.0	74070687	1098	260.0
1641958825.43	260000	23.565586	0.0	73938718	1261	260.0
1641958827.67	260000	25.054041	0.0	73613985	1480	260.0
1641958829.54	260000	26.684769	0.0	69503182	1354	260.0
1641958831.75	260000	28.220982	0.0	72822670	1401	260.0
1641958833.65	260000	29.848125	0.0	70991563	1373	260.0
1641958835.46	260000	31.55666	0.0	66218671	1275	260.0
1641958837.56	260000	33.182799	0.0	71469145	1364	260.0
1641958839.32	260000	34.89003	0.0	64074874	1201	260.0
1641958841.02	260000	36.409782	0.0	65041967	1196	260.0
1641958842.74	260000	38.224178	0.0	65860507	1182	260.0
1641958844.66	260000	39.777654	0.0	60900183	1437	260.0
1641958846.54	260000	41.43916	0.0	65223805	1370	260.0
1641958848.29	260000	43.086964	0.0	61492275	1210	260.0
1641958850.11	260000	44.705164	0.0	57534179	1360	260.0
1641958851.98	260000	46.452547	0.0	64191273	1367	260.0
1641958853.58	260000	48.130607	0.0	57421190	1123	260.0
1641958855.2	260000	49.834236	0.0	60358582	1112	260.0
1641958856.91	260000	51.492651	0.0	60581734	1108	260.0
1641958858.58	260000	53.18628	0.0	55686462	1206	260.0
1641958860.55	260000	54.94913	0.0	61687104	1504	260.0
1641958864.88	260000	56.174413	0.0	56994559	3848	260.0
1641958868.43	260000	57.604898	0.0	55162012	3135	260.0
1641958874.27	260000	58.486437	0.0	63612323	5322	260.0
1641958877.63	260000	59.884581	0.0	53712380	1928	260.0
1641958887.12	260000	59.793256	0.0	59826276	2509	260.0
1641958899.77	260000	59.990248	0.0	58861434	4468	260.0
1641958909.84	260000	59.87602	0.0	53320981	2533	260.0
1641958920.12	260000	59.757623	0.0	62494429	4680	260.0
1641958930.1	260000	59.90027	0.0	53458888	2387	260.0
1641958940.58	260000	59.848202	0.0	53798130	3265	260.0
1641958950.16	260000	59.997645	0.0	61358299	2803	260.0
1641958960.49	260000	59.9714	0.0	50406269	2287	260.0
1641958969.83	260000	59.822071	0.0	43226513	2409	260.0
1641958979.04	260000	59.893456	0.0	35938085	2332	260.0
1641958979.61	260000	59.92679	0.0	631698	351	260.0

1641958979.73	11700	59.92679	0.516	139786	14	-134.16
1641958979.78	260000	59.92679	0.0	631698	2	11.699999999999989
1641958980.6	8200	1.999999	0.023	2049018	424	-249.58
1641958980.7	260000	3.933776	0.0	1757078	3	8.199999999999989
1641958980.79	260000	5.844833	0.0	1560847	4	260.0
1641958980.88	260000	7.751201	0.0	1542805	4	260.0
1641958987.93	152400	2.705649	0.0	68504102	6119	44.80000000000001
1641958991.36	32800	3.471193	0.0	15664097	3195	-86.8
1641958991.54	32800	5.433852	0.0	15560661	35	32.8
1641958991.78	32800	7.3371	0.0	15851372	44	32.8
1641958991.94	32800	9.3371	0.0	14688721	28	32.8
1641958992.1	32800	11.297413	0.0	12381646	29	32.8
1641959000.24	260000	10.852745	0.0	82198417	7448	32.80000000000001
1641959004.66	260000	10.420543	0.0	79299299	3627	260.0
1641959007.57	260000	10.685451	0.0	75092129	2337	260.0
1641959010.87	260000	10.720969	0.0	78844622	2623	260.0
1641959013.77	260000	10.75248	0.0	77654479	2292	260.0
1641959016.5	260000	11.727926	0.0	75220977	2173	260.0
1641959019.58	260000	13.164014	0.0	79740890	2536	260.0
1641959023.17	260000	14.502022	0.0	78574581	2788	260.0
1641959026.4	260000	15.983076	0.0	78901633	2555	260.0
1641959030.19	260000	17.318522	0.0	79414941	3017	260.0
1641959033.72	260000	18.674762	0.0	73704781	2988	260.0
1641959036.9	260000	19.833206	0.0	80783826	1813	260.0
1641959045.1	260000	20.529506	0.0	77638812	7641	260.0
