1642049223.71	8200	1.999999	0.358	546328	252	-93.08
1642049223.91	8200	3.806135	0.0	790650	96	8.2
1642049224.1	11700	5.611242	0.0	1111083	85	8.2
1642049224.29	11700	7.428923	0.0	1066380	82	11.7
1642049224.69	11700	9.025007	0.0	3938957	281	11.7
1642049225.96	32800	9.758079	0.0	15664097	1043	11.699999999999996
1642049227.28	32800	10.43996	0.0	15560661	1152	32.8
1642049228.72	32800	11.000036	0.0	15851372	1269	32.8
1642049231.51	32800	10.211972	0.0	14688721	2591	32.8
1642049235.92	152400	8.916727	0.0	51846012	3816	32.80000000000001
1642049241.13	152400	7.874996	0.0	57184643	4774	152.4
1642049248.87	152400	5.807073	0.0	48821461	7276	152.4
1642049250.99	152400	7.338007	0.0	44466772	1704	152.4
1642049252.17	152400	8.938548	0.0	45810515	766	152.4
1642049254.06	260000	10.550092	0.0	77654479	1101	152.4
1642049255.84	260000	11.916123	0.0	75220977	1330	260.0
1642049257.83	260000	13.549835	0.0	79740890	1518	260.0
1642049260.37	260000	14.824186	0.0	78574581	2072	260.0
1642049262.74	260000	16.157525	0.0	78901633	1908	260.0
1642049268.33	260000	16.756449	0.0	79414941	5101	260.0
1642049273.71	260000	17.090515	0.0	73704781	4792	260.0
1642049280.42	260000	17.102795	0.0	80783826	5911	260.0
1642049285.25	260000	17.742901	0.0	77638812	4319	260.0
1642049289.97	260000	18.825191	0.0	74749470	4228	260.0
1642049291.29	260000	20.662614	0.0	75910911	870	260.0
1642049293.76	260000	22.220976	0.0	74070687	1853	260.0
1642049321.38	260000	19.068726	0.0	73938718	26955	260.0
1642049333.81	260000	18.770253	0.0	73613985	11897	260.0
1642049335.35	260000	20.397023	0.0	69503182	1114	260.0
1642049337.23	260000	22.111701	0.0	72822670	1265	260.0
1642049339.16	260000	23.763941	0.0	70991563	1358	260.0
1642049340.8	260000	25.43918	0.0	66218671	1197	260.0
1642049343.21	260000	26.933742	0.0	71469145	1919	260.0
1642049344.84	260000	28.651806	0.0	64074874	1210	260.0
1642049347.0	260000	30.160573	0.0	65041967	1692	260.0
1642049349.14	260000	31.738057	0.0	65860507	1694	260.0
1642049351.3	260000	33.315221	0.0	60900183	1746	260.0
1642049353.75	260000	34.787718	0.0	65223805	2034	260.0
1642049355.98	260000	36.300266	0.0	61492275	1858	260.0
1642049358.23	260000	37.805127	0.0	57534179	1703	260.0
1642049360.57	260000	39.456872	0.0	64191273	1863	260.0
1642049362.64	260000	41.026117	0.0	57421190	1604	260.0
1642049364.82	260000	42.661848	0.0	60358582	1774	260.0
1642049366.88	260000	44.226505	0.0	60581734	1693	260.0
1642049368.7	260000	45.872299	0.0	55686462	1432	260.0
1642049371.08	260000	47.439597	0.0	61687104	1938	260.0
1642049373.17	260000	48.93735	0.0	56994559	1620	260.0
1642049375.03	260000	50.662362	0.0	55162012	1525	260.0
1642049377.12	260000	52.114601	0.0	63612323	1684	260.0
1642049378.85	260000	53.787744	0.0	53712380	1406	260.0
1642049380.68	260000	55.482417	0.0	59826276	1455	260.0
1642049382.48	260000	57.07203	0.0	58861434	1387	260.0
1642049384.33	260000	58.659762	0.0	53320981	1495	260.0
1642049388.0	260000	59.874377	0.0	62494429	2231	260.0
1642049397.67	260000	59.899167	0.0	53458888	2327	260.0
1642049408.41	260000	59.772223	0.0	53798130	3781	260.0
1642049418.54	260000	59.806227	0.0	61358299	5587	260.0
1642049428.39	260000	59.806881	0.0	50406269	3912	260.0
1642049438.68	260000	59.918108	0.0	43226513	3372	260.0
1642049447.89	260000	59.911381	0.0	35938085	2842	260.0
1642049448.41	260000	59.889307	0.0	631698	341	260.0

1642049449.05	8200	1.999999	0.311	2049018	201	-80.86
1642049449.07	8200	3.999999	0.0	790650	3	8.2
1642049449.09	11700	5.988939	0.0	1111083	4	8.2
1642049449.11	11700	7.970055	0.0	1066380	4	11.7
1642049449.15	11700	9.927959	0.0	3938957	9	11.7
1642049449.32	32800	11.756926	0.0	15664097	31	11.699999999999996
1642049449.45	32800	13.636306	0.0	15560661	34	32.8
1642049449.58	32800	15.499718	0.0	15851372	48	32.8
1642049449.69	32800	17.388396	0.0	14688721	34	32.8
1642049455.23	152400	13.85708	0.0	51846012	4831	32.80000000000001
1642049461.36	152400	10.562767	0.0	57184643	5556	152.4
1642049465.18	152400	10.094662	0.0	48821461	3480	152.4
1642049470.41	152400	9.130365	0.0	44466772	4889	152.4
1642049474.41	152400	9.605255	0.0	45810515	3658	152.4
1642049481.46	260000	9.643658	0.0	77654479	6448	152.4
1642049486.9	260000	10.064137	0.0	75220977	2189	260.0
1642049488.37	260000	11.752334	0.0	79740890	890	260.0
1642049489.97	260000	13.271532	0.0	78574581	916	260.0
1642049491.37	260000	14.824209	0.0	78901633	913	260.0
1642049492.77	260000	16.349208	0.0	79414941	891	260.0
1642049494.49	260000	17.814195	0.0	73704781	1230	260.0
1642049496.98	260000	19.133248	0.0	80783826	1980	260.0
1642049498.88	260000	20.463853	0.0	77638812	1420	260.0
1642049502.89	260000	21.520153	0.0	74749470	3515	260.0
1642049509.61	260000	21.757804	0.0	75910911	6217	260.0
1642049515.87	260000	22.559697	0.0	74070687	5705	260.0
1642049520.93	260000	23.786063	0.0	73938718	4368	260.0
