1642046206.95	8200	1.999999	0.483	546328	381	-125.58
1642046207.62	8200	3.333006	0.0	790650	551	8.2
1642046208.36	8200	4.593357	0.0	911646	636	8.2
1642046209.05	8200	5.897317	0.0	844970	591	8.2
1642046210.34	8200	6.615068	0.0	2973194	1166	8.2
1642046212.65	11700	6.306997	0.0	4536725	2178	8.2
1642046223.34	11700	7.615575	0.0	1614484	564	11.7
1642046223.34	11700	7.606086	0.0	1614484	564	11.7
1642046224.73	11700	8.226392	0.0	2255191	1269	11.7
1642046225.68	11700	9.271603	0.0	2392223	837	11.7
1642046226.93	11700	10.019893	0.0	2491394	1127	11.7
1642046228.65	11700	10.303594	0.0	2629283	1608	11.7
1642046229.7	11700	11.255811	0.0	2662617	933	11.7
1642046231.04	11700	11.911665	0.0	2614451	1226	11.7
1642046232.71	11700	12.319166	0.0	2649932	1558	11.7
1642046234.13	11700	12.898473	0.0	2700523	1301	11.7
1642046246.75	11700	12.3157	0.0	1019357	1713	11.7
1642046246.76	8200	12.305594	0.0	1019357	1713	4.699999999999999
1642046246.77	4900	12.297802	0.0	1019357	1713	1.6000000000000005
1642046249.5	4900	11.565811	0.0	1039341	2632	4.9
1642046249.98	4900	13.0869	0.0	1056656	369	4.9
1642046249.99	8200	13.079142	0.0	1056656	369	4.8999999999999995
1642046250.99	8200	14.072443	0.0	1733219	897	8.2
1642046251.0	11700	14.063754	0.0	1733219	897	8.2
1642046253.55	11700	13.521361	0.0	2397182	2425	11.7
1642046254.22	11700	14.845723	0.0	2417206	563	11.7
1642046255.13	11700	15.935489	0.0	2399895	797	11.7
1642046256.11	11700	16.961639	0.0	2448718	855	11.7
1642046257.08	11700	17.985672	0.0	2478629	867	11.7
1642046257.64	11700	19.430131	0.0	2529063	441	11.7
1642046258.06	11700	21.003337	0.0	2621613	305	11.7
1642046259.32	32800	21.748594	0.0	7011028	1111	11.699999999999996
1642046260.3	32800	22.767776	0.0	7307337	852	32.8
1642046261.45	32800	23.621717	0.0	7344127	1018	32.8
1642046262.29	32800	24.782653	0.0	7064203	706	32.8
1642046263.0	32800	26.069218	0.0	7516082	588	32.8
1642046263.66	32800	27.404619	0.0	7278398	539	32.8
1642046264.31	32800	28.754508	0.0	7481760	522	32.8
1642046264.86	32800	30.202252	0.0	7871221	422	32.8
1642046265.38	32800	31.682029	0.0	7236548	391	32.8
1642046265.87	32800	33.194914	0.0	7418057	371	32.8
1642046266.37	32800	34.697633	0.0	7580084	379	32.8
1642046266.89	32800	36.181565	0.0	7306910	393	32.8
1642046267.43	32800	37.635119	0.0	7790808	419	32.8
1642046268.06	32800	39.011748	0.0	7160738	500	32.8
1642046269.01	32800	40.05571	0.0	7565820	799	32.8
1642046270.06	32800	41.011097	0.0	8064139	792	32.8
1642046270.87	32800	42.192179	0.0	7308924	694	32.8
1642046271.79	32800	43.272495	0.0	7936123	793	32.8
1642046272.71	32800	44.360814	0.0	7845705	784	32.8
1642046273.63	32800	45.4392	0.0	7682661	795	32.8
1642046274.78	32800	46.289881	0.0	8703604	1014	32.8
1642046275.92	32800	47.151343	0.0	8166986	33	32.8
