1642048541.41	8200	1.999999	0.361	546328	254	-93.86
1642048541.63	8200	3.786367	0.0	790650	106	8.2
1642048541.87	11700	5.543503	0.0	1111083	129	8.2
1642048542.16	11700	7.250338	0.0	1066380	190	11.7
1642048544.24	11700	7.177346	0.0	3938957	1948	11.7
1642048545.7	32800	7.719666	0.0	15664097	1243	11.699999999999996
1642048547.03	32800	8.388528	0.0	15560661	1177	32.8
1642048548.75	32800	8.662514	0.0	15851372	1551	32.8
1642048549.72	32800	9.695678	0.0	14688721	816	32.8
1642048552.86	152400	9.076277	0.0	51846012	2701	32.80000000000001
1642048555.49	152400	9.495542	0.0	57184643	2174	152.4
1642048557.42	152400	10.520141	0.0	48821461	1596	152.4
1642048559.24	152400	11.406802	0.0	44466772	1508	152.4
1642048561.0	152400	12.23347	0.0	45810515	1399	152.4
1642048563.84	260000	12.379057	0.0	77654479	2307	152.4
1642048566.5	260000	13.521325	0.0	75220977	2153	260.0
1642048569.47	260000	14.679575	0.0	79740890	2495	260.0
1642048572.73	260000	15.823302	0.0	78574581	2614	260.0
1642048575.98	260000	16.994068	0.0	78901633	2583	260.0
1642048579.4	260000	18.146689	0.0	79414941	2927	260.0
1642048582.3	260000	19.432721	0.0	73704781	2482	260.0
1642048586.8	260000	19.818689	0.0	80783826	3831	260.0
1642048593.86	260000	19.826678	0.0	77638812	6621	260.0
1642048605.96	260000	19.2004	0.0	74749470	11563	260.0
1642048607.34	260000	20.907436	0.0	75910911	835	260.0
1642048608.69	260000	22.662897	0.0	74070687	917	260.0
1642048610.2	260000	24.407168	0.0	73938718	941	260.0
1642048611.68	260000	26.118782	0.0	73613985	900	260.0
1642048612.88	260000	27.833498	0.0	69503182	796	260.0
1642048614.77	260000	29.479461	0.0	72822670	1414	260.0
1642048617.22	260000	30.911123	0.0	70991563	1867	260.0
1642048619.59	260000	32.640071	0.0	66218671	1948	260.0
1642048622.14	260000	34.169187	0.0	71469145	2013	260.0
1642048624.33	260000	35.771211	0.0	64074874	1773	260.0
1642048626.53	260000	37.333148	0.0	65041967	1773	260.0
1642048628.78	260000	38.93466	0.0	65860507	1696	260.0
1642048630.63	260000	40.515695	0.0	60900183	1453	260.0
1642048632.77	260000	42.176537	0.0	65223805	1766	260.0
1642048634.76	260000	43.727314	0.0	61492275	1602	260.0
1642048636.77	260000	45.427008	0.0	57534179	1614	260.0
1642048638.92	260000	47.065196	0.0	64191273	1696	260.0
1642048640.71	260000	48.71271	0.0	57421190	1450	260.0
1642048642.62	260000	50.233699	0.0	60358582	1454	260.0
1642048644.58	260000	51.900257	0.0	60581734	1520	260.0
1642048646.27	260000	53.601486	0.0	55686462	1361	260.0
1642048648.16	260000	55.254295	0.0	61687104	1420	260.0
1642048651.38	260000	56.739139	0.0	56994559	2846	260.0
1642048654.91	260000	58.137733	0.0	55162012	3157	260.0
1642048658.84	260000	59.600369	0.0	63612323	3359	260.0
1642048667.18	260000	59.950336	0.0	53712380	4524	260.0
1642048677.19	260000	59.919916	0.0	59826276	3071	260.0
1642048688.37	260000	59.794177	0.0	58861434	4192	260.0
1642048698.76	260000	59.892966	0.0	53320981	2472	260.0
1642048707.86	260000	59.763995	0.0	62494429	4587	260.0
1642048719.12	260000	59.890931	0.0	53458888	2316	260.0
1642048728.51	260000	59.911026	0.0	53798130	2888	260.0
1642048738.79	260000	59.734411	0.0	61358299	2746	260.0
1642048748.99	260000	59.586314	0.0	50406269	2299	260.0
1642048757.73	260000	59.915785	0.0	43226513	2372	260.0
1642048769.2	260000	59.876063	0.0	35938085	2634	260.0
1642048769.73	260000	59.784516	0.0	631698	345	260.0

1642048770.39	8200	1.999999	0.354	2049018	235	-92.04
1642048770.4	8200	3.999999	0.0	790650	2	8.2
1642048770.43	11700	5.992207	0.0	1111083	2	8.2
1642048770.45	11700	7.970767	0.0	1066380	3	11.7
1642048770.5	11700	9.92608	0.0	3938957	9	11.7
1642048770.66	32800	11.760236	0.0	15664097	35	11.699999999999996
1642048770.77	32800	13.652655	0.0	15560661	29	32.8
1642048770.89	32800	15.527046	0.0	15851372	39	32.8
1642048770.99	32800	17.430276	0.0	14688721	23	32.8
1642048777.19	152400	13.234102	0.0	51846012	5552	32.80000000000001
1642048785.54	152400	9.007011	0.0	57184643	7870	152.4
1642048789.13	152400	8.667139	0.0	48821461	3154	152.4
1642048791.68	152400	8.95282	0.0	44466772	2115	152.4
1642048793.65	152400	9.783267	0.0	45810515	1561	152.4
1642048796.88	260000	11.082415	0.0	77654479	2413	152.4
1642048799.85	260000	12.306166	0.0	75220977	2312	260.0
1642048802.83	260000	13.49028	0.0	79740890	2318	260.0
1642048805.83	260000	14.607413	0.0	78574581	2345	260.0
1642048808.96	260000	15.991507	0.0	78901633	2458	260.0
1642048812.34	260000	17.103878	0.0	79414941	2890	260.0
1642048815.31	260000	18.136149	0.0	73704781	2390	260.0
1642048819.01	260000	18.892252	0.0	80783826	2980	260.0
1642048823.82	260000	19.576382	0.0	77638812	4134	260.0
1642048828.56	260000	20.110266	0.0	74749470	4212	260.0
1642048838.18	260000	20.200927	0.0	75910911	9118	260.0
