1642047863.38	8200	1.999999	0.515	546328	415	-133.9
1642047864.04	8200	3.350502	0.0	790650	552	8.2
1642047864.93	11700	4.460571	0.0	1111083	778	8.2
1642047865.78	11700	5.610267	0.0	1066380	744	11.7
1642047867.75	11700	5.632976	0.0	3938957	1848	11.7
1642047875.94	32800	2.279233	2.586	15664097	7972	-660.6600000000001
1642047883.55	32800	2.362679	4.164	15560661	7365	-1049.8400000000001
1642047893.04	32800	2.401914	6.755	15851372	9237	-1723.5
1642047910.03	32800	2.396188	13.685	14688721	16752	-3525.2999999999997
1642047919.92	152400	2.267717	6.924	51846012	9436	-1767.4399999999998
1642047923.81	152400	3.091205	0.0	57184643	3501	152.4
1642047927.74	152400	3.83623	0.0	48821461	3577	152.4
1642047932.78	152400	4.861713	0.0	44466772	4695	152.4
1642047938.38	152400	5.382243	0.0	45810515	5261	152.4
1642047943.44	260000	6.059034	0.0	77654479	4333	152.4
1642047947.56	260000	6.86894	0.0	75220977	3601	260.0
1642047952.78	260000	7.147365	0.0	79740890	4612	260.0
1642047956.74	260000	8.319764	0.0	78574581	3357	260.0
1642047962.17	260000	9.350706	0.0	78901633	4988	260.0
1642047966.8	260000	10.348421	0.0	79414941	4053	260.0
1642047970.79	260000	11.822566	0.0	73704781	3444	260.0
1642047976.62	260000	12.674745	0.0	80783826	5279	260.0
1642047984.36	260000	13.168514	0.0	77638812	7325	260.0
1642047990.7	260000	13.99467	0.0	74749470	5846	260.0
1642047996.79	260000	14.816958	0.0	75910911	5678	260.0
1642048002.54	260000	15.823239	0.0	74070687	5380	260.0
1642048008.29	260000	16.627161	0.0	73938718	5379	260.0
1642048015.33	260000	17.419434	0.0	73613985	6552	260.0
1642048022.37	260000	18.14305	0.0	69503182	6459	260.0
1642048030.24	260000	18.645705	0.0	72822670	7341	260.0
1642048038.51	260000	19.016159	0.0	70991563	7802	260.0
1642048042.72	260000	20.155185	0.0	66218671	3696	260.0
1642048046.8	260000	21.428278	0.0	71469145	3695	260.0
1642048049.99	260000	22.988612	0.0	64074874	2757	260.0
1642048053.18	260000	24.389375	0.0	65041967	2767	260.0
1642048056.52	260000	25.588828	0.0	65860507	2945	260.0
1642048060.28	260000	26.958489	0.0	60900183	3393	260.0
1642048064.12	260000	28.16242	0.0	65223805	3491	260.0
1642048069.6	260000	29.210236	0.0	61492275	5160	260.0
1642048073.7	260000	30.340261	0.0	57534179	3476	260.0
1642048076.9	260000	31.740311	0.0	64191273	2874	260.0
1642048079.37	260000	33.305448	0.0	57421190	2178	260.0
1642048082.3	260000	34.658037	0.0	60358582	2400	260.0
1642048085.05	260000	36.383642	0.0	60581734	2334	260.0
1642048087.41	260000	37.79829	0.0	55686462	2041	260.0
1642048089.73	260000	39.454172	0.0	61687104	2006	260.0
1642048091.89	260000	41.191034	0.0	56994559	1813	260.0
1642048093.76	260000	42.680117	0.0	55162012	1575	260.0
1642048125.5	260000	38.4466	0.0	63612323	31301	260.0
1642048155.36	260000	34.50865	0.0	53712380	29424	260.0
1642048160.98	260000	35.226425	0.0	59826276	5120	260.0
