1642047474.73	8200	1.999999	0.359	546328	254	-93.34
1642047474.96	11700	3.775191	0.0	1102047	122	8.2
1642047475.19	32800	5.541939	0.0	1560846	121	11.699999999999996
1642047475.41	32800	7.321799	0.0	1542804	119	32.8
1642047476.55	32800	8.184193	0.0	12166782	949	32.8
1642047479.53	32800	7.21	0.0	15664097	2794	32.8
1642047480.85	32800	7.884002	0.0	15560661	1160	32.8
1642047482.24	32800	8.498289	0.0	15851372	1206	32.8
1642047483.43	32800	9.562998	0.0	14688721	1026	32.8
1642047484.36	32800	11.02433	0.0	12381646	787	32.8
1642047485.39	32800	12.352462	0.0	10179458	889	32.8
1642047486.14	32800	14.044037	0.0	7987681	621	32.8
1642047487.11	32800	15.58174	0.0	6249975	850	32.8
1642047487.77	32800	17.266254	0.0	6462926	526	32.8
1642047488.3	32800	18.933587	0.0	6930236	404	32.8
1642047489.05	32800	20.626213	0.0	7176786	613	32.8
1642047489.9	32800	22.16514	0.0	6963959	718	32.8
1642047490.68	32800	23.839712	0.0	7320305	644	32.8
1642047491.24	32800	25.56831	0.0	7420242	433	32.8
1642047491.98	32800	27.052501	0.0	7455282	607	32.8
1642047496.37	32800	26.488397	0.0	7960895	4260	32.8
1642047496.6	32800	28.341259	0.0	6396912	90	32.8
1642047496.83	32800	30.188525	0.0	7253832	104	32.8
1642047497.66	152400	31.710179	0.0	34459282	497	32.80000000000001
1642047499.98	260000	31.979304	0.0	75910911	1600	152.4
1642047501.64	260000	32.891028	0.0	74070687	1135	260.0
1642047503.08	260000	33.9511	0.0	73938718	916	260.0
1642047504.89	260000	34.707463	0.0	73613985	1398	260.0
1642047506.73	260000	35.485752	0.0	69503182	1339	260.0
1642047509.11	260000	35.323994	0.0	72822670	1811	260.0
1642047512.2	260000	34.555035	0.0	70991563	2636	260.0
1642047523.12	260000	52.291757	0.0	7236548	703	260.0
1642047523.87	32800	53.538462	0.0	7418057	625	-194.39999999999998
1642047524.58	32800	54.827599	0.0	7580084	576	32.8
1642047525.22	32800	56.19012	0.0	7306910	510	32.8
1642047526.05	32800	57.363705	0.0	7790808	701	32.8
1642047526.59	32800	58.817074	0.0	7160738	407	32.8
1642047528.13	32800	59.796575	0.0	7565820	406	32.8
1642047530.26	32800	59.961029	0.0	8064139	504	32.8
1642047532.79	32800	59.860814	0.0	7308924	398	32.8
1642047538.85	32800	59.766559	0.0	7936123	426	32.8
1642047560.78	32800	59.893478	0.0	1166010	935	32.8
1642047560.79	32800	59.893478	0.0	1166010	935	32.8
1642047581.75	32800	59.883834	0.0	1131878	496	32.8
1642047581.76	11700	59.883834	0.0	1131878	496	-9.400000000000002
1642047591.48	11700	59.897457	0.0	2998361	517	11.7
1642047601.2	11700	59.835465	0.0	3147034	512	11.7
1642047601.54	11700	59.868799	0.0	139786	165	11.7
1642047601.55	11700	59.868799	0.0	139786	1	11.7
1642047601.56	260000	59.868799	0.0	139786	1	11.699999999999989
1642047601.75	260000	59.868799	0.0	631698	88	260.0
1642047601.75	11700	59.868799	0.0	631698	88	-236.60000000000002
1642047601.76	32800	59.868799	0.0	631698	88	11.699999999999996
1642047601.86	32800	59.868799	0.0	296571	2	32.8
1642047601.86	260000	59.868799	0.0	296571	2	32.80000000000001
