1642224155.58	8200	1.999999	0.346	546328	247	-89.96
1642224155.93	260000	3.659362	0.0	1757078	168	8.199999999999989
1642224156.15	260000	5.431827	0.0	1560847	58	260.0
1642224156.38	260000	7.205169	0.0	1542805	57	260.0
1642224157.1	32800	8.484363	0.0	12166782	462	-194.39999999999998
1642224158.07	32800	9.512911	0.0	15664097	730	32.8
1642224161.63	152400	7.962911	0.0	68626847	2774	32.80000000000001
1642224165.51	152400	6.477192	0.0	72320713	3283	152.4
1642224169.34	152400	5.784238	0.0	70827999	3330	152.4
1642224171.77	152400	7.471452	0.0	51846012	2016	152.4
1642224174.8	152400	8.833804	0.0	57184643	2477	152.4
1642224177.23	152400	10.28718	0.0	48821461	1962	152.4
1642224180.83	260000	11.588406	0.0	75092129	3077	152.4
1642224184.33	260000	12.819488	0.0	78844622	2952	260.0
1642224188.17	260000	14.064643	0.0	77654479	3272	260.0
1642224192.1	260000	15.282001	0.0	75220977	3421	260.0
1642224200.26	260000	15.460682	0.0	79740890	7636	260.0
1642224207.89	260000	15.326048	0.0	78574581	6990	260.0
1642224213.18	260000	16.069049	0.0	78901633	4709	260.0
1642224215.3	260000	17.544887	0.0	79414941	1570	260.0
1642224216.66	260000	19.139037	0.0	73704781	837	260.0
1642224217.98	260000	20.685651	0.0	80783826	756	260.0
1642224219.79	260000	22.156931	0.0	77638812	1279	260.0
1642224221.77	260000	23.71929	0.0	74749470	1457	260.0
1642224223.21	260000	25.424119	0.0	75910911	910	260.0
1642224224.71	260000	27.064358	0.0	74070687	973	260.0
1642224226.25	260000	28.814134	0.0	73938718	1027	260.0
1642224227.82	260000	30.535124	0.0	73613985	1065	260.0
1642224229.28	260000	32.257148	0.0	69503182	972	260.0
1642224230.92	260000	33.81997	0.0	72822670	1132	260.0
1642224232.53	260000	35.621056	0.0	70991563	1111	260.0
1642224234.03	260000	37.340212	0.0	66218671	1022	260.0
1642224235.64	260000	39.034934	0.0	71469145	1086	260.0
1642224237.14	260000	40.661029	0.0	64074874	1056	260.0
1642224239.21	260000	42.362502	0.0	65041967	1604	260.0
1642224243.07	260000	43.574874	0.0	65860507	3372	260.0
1642224250.25	260000	44.282948	0.0	60900183	6779	260.0
1642224260.12	260000	44.368966	0.0	65223805	9442	260.0
1642224269.06	260000	44.900988	0.0	61492275	8367	260.0
1642224274.22	260000	45.826656	0.0	57534179	4554	260.0
1642224275.88	260000	47.611917	0.0	64191273	1207	260.0
1642224277.35	260000	49.386362	0.0	57421190	1066	260.0
1642224279.41	260000	51.024773	0.0	60358582	1613	260.0
1642224281.23	260000	52.490164	0.0	60581734	1397	260.0
1642224282.9	260000	54.277776	0.0	55686462	1254	260.0
1642224284.87	260000	56.045722	0.0	61687104	1526	260.0
1642224286.59	260000	57.619225	0.0	56994559	1240	260.0
1642224287.85	260000	59.331923	0.0	55162012	863	260.0
1642224295.49	260000	59.946868	0.0	63612323	1204	260.0
1642224307.18	260000	59.798156	0.0	53712380	1697	260.0
1642224315.89	260000	59.995416	0.0	59826276	2668	260.0
1642224327.08	260000	59.506649	0.0	58861434	3124	260.0
1642224338.13	260000	59.86861	0.0	53320981	4021	260.0
1642224352.21	260000	59.437373	0.0	62494429	13415	260.0
1642224361.96	260000	59.619362	0.0	53458888	9223	260.0
1642224369.55	260000	59.802552	0.0	53798130	3556	260.0
1642224381.02	260000	59.887223	0.0	61358299	2855	260.0
1642224390.26	260000	59.82144	0.0	50406269	3740	260.0
1642224399.87	260000	59.89831	0.0	43226513	2151	260.0
1642224409.37	260000	59.834194	0.0	35938085	2121	260.0
1642224409.92	260000	59.867528	0.0	631698	337	260.0

1642224410.36	8200	1.999999	0.126	385365	15	-32.76
1642224410.5	260000	3.901001	0.0	1757078	8	8.199999999999989
1642224410.6	260000	5.801227	0.0	1560847	4	260.0
1642224410.69	260000	7.704508	0.0	1542805	4	260.0
1642224415.82	260000	4.582955	0.0	83554460	3752	260.0
1642224419.99	260000	3.562481	0.0	88770741	3519	260.0
1642224424.0	260000	4.860478	0.0	84756689	3433	260.0
1642224427.93	152400	6.319022	0.0	72320713	3417	44.80000000000001
1642224432.45	152400	7.430338	0.0	70827999	3956	152.4
1642224438.27	152400	8.500382	0.0	51846012	5278	152.4
1642224445.05	152400	9.59213	0.0	57184643	6201	152.4
1642224447.79	152400	11.06124	0.0	48821461	2270	152.4
1642224450.98	152400	12.548273	0.0	44466772	2831	152.4
1642224452.74	152400	14.239658	0.0	45810515	1357	152.4
1642224453.57	152400	16.082167	0.0	42807747	470	152.4
1642224454.89	260000	17.861004	0.0	75220977	792	152.4
