1642211687.66	8200	1.999999	0.521	546328	416	-135.46
1642211689.07	260000	2.594336	0.0	1757078	1229	8.199999999999989
1642211689.8	260000	3.873531	0.0	1560847	545	260.0
1642211690.81	260000	4.856762	0.0	1542805	841	260.0
1642211692.77	11700	4.901128	0.0	3938957	1757	-236.60000000000002
1642211695.18	11700	4.491834	0.0	4536725	2221	11.7
1642211698.18	11700	3.93538	0.0	5378836	2815	11.7
1642211701.02	11700	3.176342	0.0	4892753	2642	11.7
1642211702.89	8200	3.529592	0.0	3391749	1687	4.699999999999999
1642211704.05	4900	4.394516	0.0	1576185	971	1.6000000000000005
1642211704.64	4900	5.807704	0.0	1144854	399	4.9
1642211705.15	4900	7.29712	0.0	935051	326	4.9
1642211706.12	11700	8.326468	0.0	2255191	789	4.8999999999999995
1642211709.54	32800	6.904903	0.0	6462926	3217	11.699999999999996
1642211713.16	32800	5.287491	0.0	6930236	3427	32.8
1642211721.38	32800	2.234431	2.91	7176786	8025	-723.8000000000001
1642211725.14	11700	2.272314	1.563	2662617	3242	-415.78000000000003
1642211729.63	11700	2.387049	2.561	2614451	3416	-654.16
1642211730.77	8200	3.25002	0.0	1872134	933	4.699999999999999
1642211733.25	8200	2.769588	0.0	1934696	2290	8.2
1642211733.88	8200	4.137748	0.0	1917979	447	8.2
1642211734.81	11700	5.212793	0.0	2343098	745	8.2
1642211735.61	8200	6.411398	0.0	1735653	607	4.699999999999999
1642211736.4	8200	7.624376	0.0	1737147	606	8.2
1642211737.86	32800	8.164697	0.0	7133512	1255	8.199999999999996
1642211739.19	32800	8.826431	0.0	7041401	1141	32.8
1642211740.22	32800	9.799313	0.0	7143328	831	32.8
1642211741.39	32800	10.630505	0.0	7338535	965	32.8
1642211742.26	32800	11.762101	0.0	6896645	680	32.8
1642211742.96	32800	13.058871	0.0	6714054	523	32.8
1642211745.46	152400	12.599509	0.0	33877878	2079	32.80000000000001
1642211747.54	152400	12.524187	0.0	31988631	1726	152.4
1642211750.91	152400	11.156661	0.0	34031025	3051	152.4
1642211754.45	152400	9.610215	0.0	30869167	3248	152.4
1642211758.71	152400	9.124436	0.0	31753337	3850	152.4
1642211761.0	152400	10.08903	0.0	34013525	1955	152.4
1642211763.03	152400	11.399841	0.0	30739933	1711	152.4
1642211764.95	152400	12.590685	0.0	34919429	1633	152.4
1642211766.82	152400	13.816474	0.0	34638995	1584	152.4
1642211768.58	152400	15.258857	0.0	30969970	1450	152.4
1642211772.93	260000	15.651182	0.0	64191273	3590	152.4
1642211776.3	260000	16.249695	0.0	57421190	2967	260.0
1642211779.17	260000	17.008519	0.0	60358582	2447	260.0
1642211781.9	260000	17.973475	0.0	60581734	2333	260.0
1642211784.77	260000	19.105204	0.0	55686462	2380	260.0
1642211788.04	260000	19.821447	0.0	61687104	2841	260.0
1642211791.15	260000	20.356267	0.0	56994559	2621	260.0
1642211794.46	260000	21.160105	0.0	55162012	2911	260.0
1642211799.3	260000	21.500909	0.0	63612323	4396	260.0
1642211804.81	260000	21.465028	0.0	53712380	5017	260.0
1642211810.92	260000	21.455658	0.0	59826276	5579	260.0
1642211815.35	260000	22.44563	0.0	58861434	4034	260.0
1642211819.81	260000	23.367578	0.0	53320981	4071	260.0
1642211824.82	260000	24.197102	0.0	62494429	4497	260.0
1642211829.26	260000	25.231076	0.0	53458888	3968	260.0
1642211833.86	260000	26.034651	0.0	53798130	4185	260.0
1642211839.72	260000	26.599484	0.0	61358299	5474	260.0
1642211845.31	260000	27.143002	0.0	50406269	5005	260.0
1642211850.08	260000	28.04547	0.0	43226513	4361	260.0
1642211853.53	260000	29.140798	0.0	35938085	3196	260.0
1642211853.73	260000	29.140641	0.0	631698	72	260.0

1642211853.87	11700	29.113549	7.555	139786	14	-1964.3
1642211853.93	260000	29.056455	0.0	631698	2	11.699999999999989
1642211854.7	8200	1.999999	-7.011	2049018	428	1579.26
1642211854.8	260000	3.925595	0.0	1757078	4	8.199999999999989
1642211854.89	260000	5.832728	0.0	1560847	3	260.0
1642211854.99	260000	7.738268	0.0	1542805	4	260.0
