1642451235.37	8200	1.999999	0.359	546328	255	-93.34
1642451235.82	260000	3.55527	0.0	1757078	244	8.199999999999989
1642451236.22	260000	5.154073	0.0	1560847	225	260.0
1642451236.62	260000	6.764479	0.0	1542805	216	260.0
1642451238.94	32800	6.438133	0.0	12166782	2045	-194.39999999999998
1642451241.79	32800	5.591533	0.0	15664097	2599	32.8
1642451244.2	32800	5.620975	0.0	15560661	2178	32.8
1642451246.67	32800	5.862758	0.0	15851372	2221	32.8
1642451248.5	32800	6.927967	0.0	14688721	1596	32.8
1642451250.16	32800	7.931164	0.0	12381646	1445	32.8
1642451251.62	32800	9.126986	0.0	10179458	1250	32.8
1642451252.69	32800	10.495913	0.0	7987681	874	32.8
1642451253.49	32800	12.018014	0.0	6249975	614	32.8
1642451254.27	32800	13.651824	0.0	6462926	594	32.8
1642451255.24	32800	15.036962	0.0	6930236	783	32.8
1642451259.36	152400	14.423046	0.0	40301174	3653	32.80000000000001
1642451263.37	152400	13.473649	0.0	39676104	3675	152.4
1642451267.16	152400	12.304142	0.0	40793176	3460	152.4
1642451270.29	152400	11.331898	0.0	37608977	2812	152.4
1642451272.82	152400	10.935028	0.0	35738670	2234	152.4
1642451275.61	152400	11.633794	0.0	36020729	2473	152.4
1642451278.82	152400	12.579283	0.0	36493721	2896	152.4
1642451281.86	152400	13.638698	0.0	37585290	2702	152.4
1642451284.36	152400	14.771724	0.0	34459282	2172	152.4
1642451287.51	152400	15.653544	0.0	37576374	2772	152.4
1642451290.12	152400	17.024617	0.0	34095545	2287	152.4
1642451292.91	152400	18.112509	0.0	34314045	2449	152.4
1642451295.9	152400	19.013177	0.0	34563011	2596	152.4
1642451301.46	260000	18.943257	0.0	69503182	4693	152.4
1642451309.4	260000	18.260112	0.0	72822670	7273	260.0
1642451316.43	260000	17.84947	0.0	70991563	6571	260.0
1642451321.71	260000	18.094925	0.0	66218671	4697	260.0
1642451328.77	260000	17.525269	0.0	71469145	6425	260.0
1642451334.85	260000	17.25977	0.0	64074874	5585	260.0
1642451335.67	152400	18.853687	0.0	31753337	521	44.80000000000001
1642451336.35	152400	20.644318	0.0	34013525	389	152.4
1642451336.98	152400	22.312335	0.0	30739933	304	152.4
1642451338.29	260000	23.78342	0.0	65223805	859	152.4
1642451339.7	260000	25.351879	0.0	61492275	882	260.0
1642451341.16	260000	26.836738	0.0	57534179	1071	260.0
1642451342.88	260000	28.236353	0.0	64191273	1215	260.0
1642451344.85	260000	29.37677	0.0	57421190	1376	260.0
1642451346.92	260000	30.680941	0.0	60358582	1658	260.0
1642451348.7	260000	31.770457	0.0	60581734	1359	260.0
1642451350.38	260000	33.615111	0.0	55686462	1253	260.0
1642451352.23	260000	35.204033	0.0	61687104	1367	260.0
1642451354.18	260000	36.8109	0.0	56994559	1557	260.0
1642451356.08	260000	38.442751	0.0	55162012	1444	260.0
1642451361.71	260000	39.080568	0.0	63612323	5097	260.0
1642451363.07	260000	40.7908	0.0	53712380	915	260.0
1642451364.72	260000	42.47256	0.0	59826276	1235	260.0
1642451366.3	260000	44.213636	0.0	58861434	1154	260.0
1642451367.74	260000	45.91025	0.0	53320981	889	260.0
1642451369.3	260000	47.592747	0.0	62494429	927	260.0
1642451370.62	260000	49.334436	0.0	53458888	879	260.0
1642451372.29	260000	50.939694	0.0	53798130	1098	260.0
1642451373.75	260000	52.694381	0.0	61358299	916	260.0
1642451374.93	260000	54.430797	0.0	50406269	764	260.0
1642451376.62	260000	56.095693	0.0	43226513	1243	260.0
1642451377.39	260000	57.924015	0.0	35938085	473	260.0
1642451377.52	260000	57.957349	0.0	631698	5	260.0

1642451377.91	8200	1.999999	0.109	385365	3	-28.34
1642451378.02	260000	3.939878	0.0	1757078	5	8.199999999999989
1642451378.11	260000	5.845468	0.0	1560847	4	260.0
1642451378.2	260000	7.762815	0.0	1542805	5	260.0
1642451380.65	260000	7.309226	0.0	83554460	1363	260.0
1642451383.23	260000	6.731936	0.0	88770741	1861	260.0
1642451385.08	152400	6.881471	0.0	68626847	1318	44.80000000000001
1642451386.98	152400	7.682789	0.0	72320713	1373	152.4
1642451389.22	152400	9.38623	0.0	70827999	1631	152.4
1642451391.22	152400	10.996313	0.0	51846012	1590	152.4
1642451393.38	152400	12.603139	0.0	57184643	1700	152.4
1642451395.41	152400	14.192082	0.0	48821461	1595	152.4
1642451398.38	260000	15.893102	0.0	75092129	2286	152.4
1642451401.39	260000	17.410179	0.0	78844622	2258	260.0
1642451403.94	260000	18.91084	0.0	77654479	2000	260.0
1642451406.14	260000	20.529827	0.0	75220977	1679	260.0
1642451408.33	260000	22.023632	0.0	79740890	1530	260.0
1642451410.44	260000	23.909556	0.0	78574581	1393	260.0
1642451412.16	260000	25.468565	0.0	78901633	1228	260.0
1642451413.79	260000	27.145346	0.0	79414941	1106	260.0
