1642389160.39	8200	1.999999	0.355	546328	252	-92.3
1642389160.79	260000	3.602716	0.0	1757078	217	8.199999999999989
1642389161.09	260000	5.30869	0.0	1560847	114	260.0
1642389161.36	260000	7.032425	0.0	1542805	101	260.0
1642389162.3	32800	8.096677	0.0	12166782	677	-194.39999999999998
1642389163.36	32800	9.041959	0.0	15664097	804	32.8
1642389164.47	32800	9.929646	0.0	15560661	869	32.8
1642389171.98	152400	5.585304	0.0	72320713	6532	32.80000000000001
1642389173.17	32800	6.810292	0.0	14688721	936	-86.8
1642389176.8	152400	6.56251	0.0	51846012	3201	32.80000000000001
1642389181.86	152400	7.122291	0.0	57184643	4432	152.4
1642389185.11	152400	8.51584	0.0	48821461	2756	152.4
1642389193.11	152400	7.730896	0.0	44466772	7574	152.4
1642389197.43	152400	8.558034	0.0	45810515	3644	152.4
1642389198.8	152400	10.218269	0.0	42807747	889	152.4
1642389199.87	152400	11.906899	0.0	40301174	688	152.4
1642389201.02	152400	13.758979	0.0	39676104	794	152.4
1642389202.77	152400	15.382728	0.0	40793176	1232	152.4
1642389205.65	260000	16.785968	0.0	78901633	2235	152.4
1642389208.07	260000	18.160037	0.0	79414941	1649	260.0
1642389210.03	260000	19.548688	0.0	73704781	1418	260.0
1642389213.22	260000	20.862264	0.0	80783826	2518	260.0
1642389216.64	260000	21.647887	0.0	77638812	2651	260.0
1642389223.0	260000	21.623315	0.0	74749470	5830	260.0
1642389228.91	260000	21.784627	0.0	75910911	5302	260.0
1642389234.52	260000	22.083524	0.0	74070687	5085	260.0
1642389240.49	260000	22.083077	0.0	73938718	5440	260.0
1642389249.43	260000	21.112611	0.0	73613985	8385	260.0
1642389251.82	260000	22.312136	0.0	69503182	1668	260.0
1642389253.37	260000	23.830564	0.0	72822670	884	260.0
1642389255.53	260000	25.481861	0.0	70991563	1639	260.0
1642389257.07	260000	27.34071	0.0	66218671	935	260.0
1642389260.94	260000	28.617383	0.0	71469145	3349	260.0
1642389262.35	260000	30.396404	0.0	64074874	775	260.0
1642389263.68	260000	32.087227	0.0	65041967	766	260.0
1642389264.98	260000	33.893653	0.0	65860507	821	260.0
1642389266.57	260000	35.607524	0.0	60900183	1124	260.0
1642389267.99	260000	37.304718	0.0	65223805	749	260.0
1642389269.2	260000	39.038627	0.0	61492275	657	260.0
1642389270.33	260000	40.930265	0.0	57534179	724	260.0
1642389271.55	260000	42.596062	0.0	64191273	755	260.0
1642389272.65	260000	44.478108	0.0	57421190	610	260.0
1642389274.06	260000	46.264171	0.0	60358582	929	260.0
1642389275.84	260000	47.84962	0.0	60581734	1297	260.0
1642389277.68	260000	49.550773	0.0	55686462	1367	260.0
1642389279.54	260000	51.125925	0.0	61687104	1431	260.0
1642389281.38	260000	52.778305	0.0	56994559	1352	260.0
1642389283.32	260000	54.24958	0.0	55162012	1368	260.0
1642389285.33	260000	55.810523	0.0	63612323	1532	260.0
1642389287.18	260000	57.467029	0.0	53712380	1369	260.0
1642389289.54	260000	59.03243	0.0	59826276	1664	260.0
1642389294.99	260000	59.77218	0.0	58861434	1785	260.0
1642389305.47	260000	59.858005	0.0	53320981	1520	260.0
1642389317.66	260000	59.839485	0.0	62494429	1562	260.0
1642389327.58	260000	59.887359	0.0	53458888	1369	260.0
1642389337.05	260000	59.808822	0.0	53798130	1424	260.0
