1642461774.39	8200	1.999999	0.357	546328	250	-92.82
1642461774.75	260000	3.637452	0.0	1757078	98	8.199999999999989
1642461775.02	260000	5.376448	0.0	1560847	82	260.0
1642461775.22	260000	7.174	0.0	1542805	17	260.0
1642461776.01	32800	8.384177	0.0	12166782	519	-194.39999999999998
1642461776.74	32800	9.65113	0.0	15664097	484	32.8
1642461779.99	152400	8.401038	0.0	68626847	2464	32.80000000000001
1642461782.91	152400	7.770488	0.0	72320713	2154	152.4
1642461788.98	260000	5.855543	0.0	86059829	5507	152.4
1642461797.6	152400	6.300005	0.0	51846012	8151	44.80000000000001
1642461800.19	152400	7.863636	0.0	57184643	1937	152.4
1642461810.21	152400	7.649568	0.0	48821461	9576	152.4
1642461811.44	32800	9.649568	0.0	6249975	1020	-86.8
1642461812.55	32800	11.649568	0.0	6462926	905	32.8
1642461813.5	32800	13.495797	0.0	6930236	746	32.8
1642461814.24	32800	15.327512	0.0	7176786	554	32.8
1642461814.81	32800	17.327512	0.0	6963959	374	32.8
1642461817.03	152400	18.931255	0.0	40793176	1827	32.80000000000001
1642461819.06	152400	20.539854	0.0	37608977	1645	152.4
1642461827.19	260000	20.686497	0.0	79414941	7452	152.4
1642461836.63	260000	20.574084	0.0	73704781	8858	260.0
1642461842.81	260000	20.966137	0.0	80783826	5671	260.0
1642461857.29	260000	12.020585	0.0	77638812	13936	260.0
1642461861.1	152400	12.744596	0.0	34459282	3372	44.80000000000001
1642461863.87	152400	13.833148	0.0	37576374	2430	152.4
1642461865.62	152400	15.285136	0.0	34095545	1410	152.4
1642461867.44	152400	16.731593	0.0	34314045	1522	152.4
1642461869.95	152400	17.761365	0.0	34563011	2202	152.4
1642461874.75	260000	19.008572	0.0	69503182	4159	152.4
1642461880.9	260000	19.802031	0.0	72822670	5695	260.0
1642461901.65	260000	18.1247	0.0	70991563	20185	260.0
1642461910.25	260000	18.521857	0.0	66218671	8055	260.0
1642461915.26	260000	19.358643	0.0	71469145	4339	260.0
1642461918.76	260000	20.086987	0.0	64074874	3010	260.0
1642461921.67	260000	20.977806	0.0	65041967	2468	260.0
1642461924.62	260000	21.809665	0.0	65860507	2381	260.0
1642461927.53	260000	22.722616	0.0	60900183	2439	260.0
1642461932.29	260000	22.916324	0.0	65223805	4159	260.0
1642461937.21	260000	23.137284	0.0	61492275	4442	260.0
1642461942.1	260000	23.502183	0.0	57534179	4442	260.0
1642461946.78	260000	24.6555	0.0	64191273	4196	260.0
1642461947.72	260000	26.452886	0.0	57421190	481	260.0
1642461949.38	260000	28.040797	0.0	60358582	1222	260.0
1642461952.6	260000	29.310002	0.0	60581734	2689	260.0
1642461954.25	260000	31.038206	0.0	55686462	1084	260.0
1642461955.51	260000	32.770761	0.0	61687104	797	260.0
1642461956.78	260000	34.450639	0.0	56994559	870	260.0
1642461958.24	260000	36.10132	0.0	55162012	1092	260.0
1642461960.68	260000	37.731204	0.0	63612323	1848	260.0
1642461962.81	260000	39.354096	0.0	53712380	1692	260.0
1642461965.24	260000	40.8544	0.0	59826276	1847	260.0
1642461967.65	260000	42.353126	0.0	58861434	1864	260.0
1642461969.75	260000	43.796766	0.0	53320981	1673	260.0
1642461972.05	260000	45.497547	0.0	62494429	1873	260.0
1642461974.0	260000	47.099122	0.0	53458888	1545	260.0
1642461975.82	260000	48.692106	0.0	53798130	1384	260.0
1642461977.85	260000	50.255779	0.0	61358299	1620	260.0
1642461981.33	260000	51.615574	0.0	50406269	3069	260.0
1642461982.82	260000	53.222407	0.0	43226513	1138	260.0
1642461984.08	260000	55.126572	0.0	35938085	1001	260.0
1642461987.11	260000	54.436738	0.0	631698	6	260.0

1642461987.52	8200	1.999999	0.116	385365	4	-30.16
1642461987.72	260000	3.925784	0.0	1757078	8	8.199999999999989
1642461987.81	260000	5.835371	0.0	1560847	2	260.0
1642461987.9	260000	7.745962	0.0	1542805	4	260.0
1642461990.41	260000	7.236217	0.0	83554460	1116	260.0
1642461992.35	260000	7.297446	0.0	88770741	1355	260.0
1642461995.24	260000	6.403718	0.0	84756689	2254	260.0
1642461997.81	260000	7.57799	0.0	85798884	2075	260.0
1642462000.99	260000	8.894499	0.0	86059829	2595	260.0
1642462003.41	260000	10.332702	0.0	83431241	1951	260.0
1642462005.83	260000	12.100287	0.0	82198417	1864	260.0
1642462008.2	260000	13.580237	0.0	79299299	1686	260.0
1642462010.54	260000	15.2604	0.0	75092129	1767	260.0
1642462012.82	260000	17.041925	0.0	78844622	1599	260.0
1642462014.86	260000	18.662316	0.0	77654479	1555	260.0
1642462018.37	260000	20.037113	0.0	75220977	2944	260.0
1642462021.49	260000	21.713481	0.0	79740890	2591	260.0
1642462028.82	260000	22.533162	0.0	78574581	6774	260.0
1642462036.79	260000	23.165948	0.0	78901633	7343	260.0
1642462047.28	260000	23.59954	0.0	79414941	9807	260.0
1642462054.55	260000	24.412507	0.0	73704781	6573	260.0
1642462058.77	260000	25.544833	0.0	80783826	3722	260.0
1642462067.94	260000	26.035285	0.0	77638812	8462	260.0
