1642463173.19	8200	1.999999	0.355	546328	250	-92.3
1642463173.48	260000	3.718553	0.0	1757078	98	8.199999999999989
1642463173.68	260000	5.518994	0.0	1560847	16	260.0
1642463173.9	260000	7.298947	0.0	1542805	36	260.0
1642463174.48	32800	8.718412	0.0	12166782	289	-194.39999999999998
1642463174.77	11700	10.423594	0.0	4536725	95	-9.400000000000002
1642463177.06	260000	10.134747	0.0	84756689	1341	11.699999999999989
1642463178.53	260000	10.661769	0.0	85798884	975	260.0
1642463180.5	260000	10.69877	0.0	86059829	1361	260.0
1642463182.89	260000	10.740404	0.0	83431241	1687	260.0
1642463185.3	260000	10.533403	0.0	82198417	1747	260.0
1642463187.58	260000	11.712306	0.0	79299299	1726	260.0
1642463189.65	260000	13.332357	0.0	75092129	1619	260.0
1642463194.73	260000	14.606528	0.0	78844622	4597	260.0
1642463206.05	260000	14.696354	0.0	77654479	10725	260.0
1642463217.36	260000	14.785212	0.0	75220977	10834	260.0
1642463242.4	260000	12.653634	0.0	79740890	24150	260.0
1642463244.33	32800	14.338803	0.0	7320305	1650	-194.39999999999998
1642463245.93	32800	16.056199	0.0	7420242	1395	32.8
1642463247.44	32800	18.056199	0.0	7455282	1303	32.8
1642463248.82	32800	19.673912	0.0	7960895	1170	32.8
1642463249.9	32800	21.444193	0.0	6396912	895	32.8
1642463250.83	32800	23.444193	0.0	7253832	725	32.8
1642463254.8	152400	24.526814	0.0	34459282	3626	32.80000000000001
1642463258.07	152400	25.996265	0.0	37576374	2821	152.4
1642463261.33	152400	27.581574	0.0	34095545	2933	152.4
1642463262.33	152400	29.306271	0.0	34314045	672	152.4
1642463267.11	260000	30.506697	0.0	73613985	4145	152.4
1642463268.44	260000	32.216524	0.0	69503182	801	260.0
1642463270.16	260000	33.869563	0.0	72822670	1199	260.0
1642463272.28	260000	35.493923	0.0	70991563	1610	260.0
1642463274.16	260000	37.160151	0.0	66218671	1368	260.0
1642463276.15	260000	38.787012	0.0	71469145	1448	260.0
1642463278.18	260000	40.374048	0.0	64074874	1546	260.0
1642463280.38	260000	41.872828	0.0	65041967	1694	260.0
1642463282.86	260000	43.476032	0.0	65860507	1938	260.0
1642463285.28	260000	45.065226	0.0	60900183	2021	260.0
1642463287.78	260000	46.566676	0.0	65223805	2026	260.0
1642463290.0	260000	48.114723	0.0	61492275	1786	260.0
1642463291.99	260000	49.806098	0.0	57534179	1532	260.0
1642463294.17	260000	51.320218	0.0	64191273	1595	260.0
1642463296.13	260000	53.028969	0.0	57421190	1437	260.0
1642463297.91	260000	54.693818	0.0	60358582	1286	260.0
1642463299.78	260000	56.328771	0.0	60581734	1283	260.0
1642463301.4	260000	58.031005	0.0	55686462	1174	260.0
1642463303.15	260000	59.623409	0.0	61687104	1190	260.0
1642463314.64	260000	59.588168	0.0	56994559	1034	260.0
1642463316.69	260000	59.831348	0.0	55162012	1428	260.0
1642463319.18	260000	59.835834	0.0	63612323	868	260.0
1642463321.41	260000	59.588004	0.0	53712380	820	260.0
1642463323.29	260000	59.987765	0.0	59826276	860	260.0
1642463325.72	260000	59.588008	0.0	58861434	953	260.0
1642463327.68	260000	59.807455	0.0	53320981	1032	260.0
1642463332.82	260000	59.958495	0.0	62494429	1032	260.0
1642463338.52	260000	59.966553	0.0	53458888	1242	260.0
1642463344.64	260000	59.793891	0.0	53798130	1607	260.0
1642463349.7	260000	59.779706	0.0	61358299	1531	260.0
1642463359.51	260000	59.997255	0.0	50406269	912	260.0
1642463371.25	260000	59.852914	0.0	43226513	1280	260.0
1642463380.31	260000	59.824874	0.0	35938085	1196	260.0
1642463380.84	260000	59.858208	0.0	631698	333	260.0

1642463380.95	11700	59.858208	0.355	139786	1	-92.3
1642463381.0	260000	59.858208	0.0	631698	1	11.699999999999989
1642463381.67	8200	1.999999	0.101	2049018	342	-269.86
1642463381.77	260000	3.931003	0.0	1757078	4	8.199999999999989
1642463381.87	260000	5.835865	0.0	1560847	4	260.0
1642463381.97	260000	7.739108	0.0	1542805	3	260.0
1642463384.56	260000	7.148445	0.0	83554460	1675	260.0
1642463386.57	260000	7.134993	0.0	88770741	1162	260.0
1642463388.33	260000	7.377647	0.0	84756689	1234	260.0
1642463390.55	260000	7.790083	0.0	85798884	1542	260.0
1642463393.19	260000	9.26415	0.0	86059829	1906	260.0
1642463395.83	260000	10.847801	0.0	83431241	2120	260.0
1642463398.37	260000	12.469106	0.0	82198417	1964	260.0
1642463400.89	260000	14.093685	0.0	79299299	1869	260.0
1642463403.18	260000	15.687752	0.0	75092129	1773	260.0
1642463406.25	260000	17.126357	0.0	78844622	2484	260.0
1642463409.13	260000	18.69134	0.0	77654479	2178	260.0
1642463411.58	260000	20.249469	0.0	75220977	1954	260.0
1642463414.33	260000	21.80812	0.0	79740890	2131	260.0
1642463416.93	260000	23.338798	0.0	78574581	2027	260.0
1642463419.37	260000	25.051211	0.0	78901633	1930	260.0
1642463422.44	260000	26.524469	0.0	79414941	2279	260.0
1642463425.29	260000	28.08662	0.0	73704781	2356	260.0
1642463428.42	260000	29.691446	0.0	80783826	2387	260.0
1642463437.83	260000	30.260736	0.0	77638812	8846	260.0
1642463447.45	260000	30.534405	0.0	74749470	9117	260.0
1642463461.09	260000	30.35303	0.0	75910911	13036	260.0
