1642634395.39	8200	1.999999	0.514	546328	413	-133.64
1642634397.29	11700	2.270656	0.155	1102047	1707	-32.099999999999994
1642634397.62	4900	3.941508	0.0	613681	146	-1.8999999999999995
1642634397.93	4900	5.628683	0.0	607418	141	4.9
1642634398.5	4900	7.056409	0.0	2009327	373	4.9
1642634399.18	8200	8.375538	0.0	3361033	481	4.8999999999999995
1642634403.16	11700	6.396692	0.0	5378836	3770	8.2
1642634406.78	11700	4.776387	0.0	4892753	3424	11.7
1642634410.55	8200	3.25649	0.0	3391749	3576	4.699999999999999
1642634411.55	8200	4.258077	0.0	2809333	809	8.2
1642634412.02	8200	5.781133	0.0	2063908	289	8.2
1642634413.29	11700	6.51399	0.0	2615238	1077	8.2
1642634413.55	11700	8.256749	0.0	2255191	78	11.7
1642634413.81	11700	9.993121	0.0	2392223	81	11.7
1642634414.27	32800	11.537273	0.0	6930236	242	11.699999999999996
1642634414.71	32800	13.099396	0.0	7176786	239	32.8
1642634415.13	32800	14.669581	0.0	6963959	230	32.8
1642634417.41	152400	14.394533	0.0	40793176	1777	32.80000000000001
1642634427.05	152400	7.381052	0.0	37608977	9328	152.4
1642634432.46	4900	5.385981	0.0	1126165	1931	-142.6
1642634433.54	4900	7.123233	0.0	1166756	816	4.9
1642634434.41	4900	8.834507	0.0	988609	691	4.9
1642634436.29	4900	10.107701	0.0	1009447	1708	4.9
1642634437.17	4900	11.847715	0.0	1002081	699	4.9
1642634438.09	4900	13.416961	0.0	1052991	737	4.9
1642634438.98	4900	15.234759	0.0	1019357	714	4.9
1642634439.89	4900	16.867945	0.0	1039341	727	4.9
1642634440.81	4900	18.573768	0.0	1056656	739	4.9
1642634443.8	11700	18.329689	0.0	2434805	2803	4.8999999999999995
1642634446.16	8200	17.965815	0.0	1691448	2186	4.699999999999999
1642634448.95	11700	17.17782	0.0	2417206	1691	8.2
1642634450.07	11700	18.0556	0.0	2399895	868	11.7
1642634450.83	11700	19.302656	0.0	2448718	573	11.7
1642634451.5	8200	20.628157	0.0	1750652	490	4.699999999999999
1642634452.57	11700	21.554067	0.0	2529063	883	8.2
1642634454.7	32800	21.429176	0.0	7515735	1919	11.699999999999996
1642634457.17	32800	20.960621	0.0	7011028	2268	32.8
1642634459.93	32800	20.195411	0.0	7307337	2559	32.8
1642634465.18	32800	16.947171	0.0	7344127	5023	32.8
1642634473.84	32800	10.286428	0.0	7064203	8376	32.8
1642634480.32	11700	6.21692	0.0	2591593	6203	-9.400000000000002
1642634482.46	4900	6.13837	0.0	1065448	1884	-1.8999999999999995
1642634484.45	4900	6.147099	0.0	1119674	1783	4.9
1642634485.49	4900	7.115681	0.0	1120932	783	4.9
1642634487.43	4900	7.172236	0.0	1090588	1762	4.9
1642634489.44	4900	7.160312	0.0	1155031	1809	4.9
1642634490.4	4900	8.205777	0.0	1099407	771	4.9
1642634492.34	4900	8.257318	0.0	1112117	1778	4.9
1642634494.34	4900	8.259071	0.0	1170829	1821	4.9
1642634496.27	4900	8.330399	0.0	1067155	1746	4.9
1642634497.2	4900	9.403789	0.0	1078974	752	4.9
1642634498.15	4900	10.449783	0.0	1113857	780	4.9
1642634500.05	4900	10.548945	0.0	1139906	796	4.9
1642634501.08	4900	11.517961	0.0	1218020	850	4.9
1642634503.22	11700	11.37942	0.0	2785470	1951	4.8999999999999995
1642634507.19	11700	9.413432	0.0	2752189	2925	11.7
1642634508.83	11700	9.775444	0.0	2884569	1450	11.7
1642634509.63	11700	10.973991	0.0	2854371	629	11.7
1642634510.33	11700	12.266424	0.0	2998361	543	11.7
1642634512.63	32800	11.967811	0.0	9057843	2121	11.699999999999996
1642634512.91	152400	11.7214	0.0	629903	146	32.80000000000001

1642634513.35	8200	1.999999	0.167	385365	66	-43.42
1642634513.86	260000	3.515401	0.0	1757078	307	8.199999999999989
1642634514.31	260000	5.064505	0.0	1560847	273	260.0
1642634514.76	260000	6.618436	0.0	1542805	269	260.0
1642634517.15	32800	6.226314	0.0	12166782	2129	-194.39999999999998
1642634520.15	32800	5.23087	0.0	15664097	2743	32.8
1642634520.27	11700	7.110907	0.0	5378836	12	-9.400000000000002
1642634520.39	11700	8.9909	0.0	4892753	11	11.7
1642634522.88	32800	8.85421	0.0	14688721	2257	11.699999999999996
1642634522.98	8200	10.77082	0.0	2809333	6	-16.400000000000002
1642634524.7	32800	11.529425	0.0	10179458	1509	8.199999999999996
1642634526.3	32800	12.62857	0.0	7987681	1398	32.8
1642634527.6	32800	13.89209	0.0	6249975	1095	32.8
1642634528.92	32800	14.904761	0.0	6462926	1131	32.8
1642634530.36	32800	15.659086	0.0	6930236	1213	32.8
1642634531.81	32800	16.206634	0.0	7176786	1255	32.8
1642634533.23	32800	17.098558	0.0	6963959	1218	32.8
1642634533.75	8200	18.784859	0.0	1840696	321	-16.400000000000002
1642634534.37	11700	20.312426	0.0	2649932	433	8.2
1642634535.71	32800	21.360109	0.0	7455282	1130	11.699999999999996
1642634537.31	32800	21.759787	0.0	7960895	1393	32.8
1642634538.73	32800	22.726703	0.0	6396912	1234	32.8
1642634540.54	32800	23.462049	0.0	7253832	1606	32.8
1642634542.66	32800	23.75718	0.0	7034316	1922	32.8
1642634551.46	32800	17.742046	0.0	7133512	8589	32.8
1642634555.31	11700	15.885046	0.0	2410904	2825	-9.400000000000002
1642634558.84	8200	14.433022	0.0	1757517	3349	4.699999999999999
1642634558.94	4900	16.388007	0.0	1056656	2	1.6000000000000005
1642634559.9	4900	17.651639	0.0	1061067	742	4.9
1642634561.52	4900	18.166133	0.0	1042935	1459	4.9
1642634562.06	4900	19.720696	0.0	1051931	368	4.9
1642634562.59	4900	21.192812	0.0	1030869	360	4.9
1642634563.14	4900	22.791923	0.0	1101025	384	4.9
1642634563.57	4900	24.367045	0.0	1051211	245	4.9
1642634564.17	8200	25.983142	0.0	1772983	413	4.8999999999999995
1642634565.79	32800	26.510834	0.0	7515735	1412	8.199999999999996
1642634566.36	11700	27.944644	0.0	2518225	370	-9.400000000000002
1642634567.72	32800	28.632025	0.0	7307337	1166	11.699999999999996
1642634568.27	11700	30.086472	0.0	2594029	362	-9.400000000000002
1642634569.45	32800	30.901783	0.0	7064203	987	11.699999999999996
1642634570.67	32800	31.685794	0.0	7516082	973	32.8
1642634575.67	152400	28.683579	0.0	32767078	4656	32.80000000000001
1642634579.95	152400	26.403909	0.0	34143965	3967	152.4
1642634586.22	152400	22.133931	0.0	35599566	5880	152.4
1642634601.78	152400	8.939715	0.0	31880015	15148	152.4
1642634605.46	32800	8.864297	0.0	7418057	3400	-86.8
1642634609.13	32800	9.55516	0.0	7580084	3461	32.8
1642634612.45	32800	10.450557	0.0	7306910	3120	32.8
1642634613.95	11700	12.08895	0.0	2782060	1263	-9.400000000000002
1642634615.93	11700	13.380597	0.0	2573837	1742	11.7
1642634617.13	11700	14.952535	0.0	2659966	988	11.7
1642634618.28	11700	16.482587	0.0	2747985	974	11.7
1642634618.37	4900	18.392299	0.0	1139906	2	-1.8999999999999995
1642634618.46	4900	20.333129	0.0	1218020	2	4.9
1642634627.83	32800	16.708529	0.0	7845705	9176	4.899999999999999
1642634627.93	11700	18.61468	0.0	2752189	5	-9.400000000000002
1642634628.03	11700	20.509953	0.0	2884569	8	11.7
1642634628.12	11700	22.421589	0.0	2854371	4	11.7
1642634636.03	32800	16.777208	0.0	8155312	7642	11.699999999999996
1642634640.53	32800	14.274659	0.0	9057843	4246	32.8
1642634640.58	152400	14.25613	0.0	629903	2	32.80000000000001

1642634640.8	11700	14.045511	0.167	139786	96	-43.42
1642634642.55	8200	1.999999	1.421	2049018	1467	-364.76
1642634643.03	4900	3.548722	0.0	425156	297	1.6000000000000005
1642634643.12	4900	5.460369	0.0	613681	1	4.9
1642634643.22	4900	7.363385	0.0	607418	4	4.9
1642634644.81	4900	7.767559	0.0	2009327	1405	4.9
1642634648.74	8200	5.839237	0.0	3361033	3729	4.8999999999999995
1642634649.49	4900	7.085591	0.0	2134063	560	1.6000000000000005
1642634649.99	4900	8.589683	0.0	2245725	312	4.9
1642634651.16	4900	9.419738	0.0	1894210	987	4.9
1642634651.26	8200	11.318776	0.0	2809333	7	4.8999999999999995
1642634651.7	11700	12.877056	0.0	3375218	256	8.2
1642634652.39	32800	14.187005	0.0	7987681	466	11.699999999999996
1642634652.88	32800	15.693836	0.0	6249975	292	32.8
1642634653.35	32800	17.224667	0.0	6462926	271	32.8
1642634655.96	152400	16.615278	0.0	42807747	2132	32.80000000000001
1642634677.22	152400	2.522248	0.0	40301174	20849	152.4
1642634678.4	4900	4.123494	0.0	1131748	929	-142.6
1642634680.34	4900	5.570959	0.0	1098030	1767	4.9
1642634681.29	4900	7.243745	0.0	1119258	782	4.9
1642634681.38	4900	9.225088	0.0	1126165	2	4.9
1642634681.47	4900	11.225088	0.0	1166756	2	4.9
1642634681.63	4900	13.158341	0.0	988609	2	4.9
1642634681.72	4900	15.111854	0.0	1009447	2	4.9
1642634685.75	11700	15.44027	0.0	2399571	3847	4.8999999999999995
1642634687.18	8200	16.016023	0.0	1790499	1254	4.699999999999999
1642634687.27	4900	17.918585	0.0	1019357	3	1.6000000000000005
1642634687.36	4900	19.829668	0.0	1039341	2	4.9
1642634687.45	4900	21.742141	0.0	1056656	3	4.9
1642634687.59	4900	23.600922	0.0	1061067	3	4.9
1642634689.64	32800	23.553712	0.0	6714054	1850	4.899999999999999
