1642389369.12	8200	1.999999	0.354	546328	249	-92.04
1642389369.41	260000	3.71841	0.0	1757078	98	8.199999999999989
1642389369.6	260000	5.523177	0.0	1560847	18	260.0
1642389369.8	260000	7.326368	0.0	1542805	17	260.0
1642389370.36	32800	8.766654	0.0	12166782	275	-194.39999999999998
1642389370.94	32800	10.182515	0.0	15664097	322	32.8
1642389373.34	260000	9.786897	0.0	84756689	1147	32.80000000000001
1642389378.08	260000	7.55713	0.0	85798884	3906	260.0
1642389384.27	260000	5.792242	0.0	86059829	5462	260.0
1642389387.99	260000	7.186058	0.0	83431241	3168	260.0
1642389391.28	152400	8.46366	0.0	57184643	2729	44.80000000000001
1642389392.7	152400	10.46366	0.0	48821461	911	152.4
1642389394.86	260000	12.056456	0.0	75092129	1604	152.4
1642389396.46	260000	13.864611	0.0	78844622	1027	260.0
1642389397.97	260000	15.693786	0.0	77654479	937	260.0
1642389399.73	260000	17.280122	0.0	75220977	1099	260.0
1642389405.62	260000	18.376647	0.0	79740890	1303	260.0
1642389408.82	260000	19.981749	0.0	78574581	2427	260.0
1642389411.89	260000	21.395088	0.0	78901633	2352	260.0
1642389414.46	260000	22.891008	0.0	79414941	1998	260.0
1642389416.47	260000	24.704995	0.0	73704781	1490	260.0
1642389418.43	260000	26.400798	0.0	80783826	1216	260.0
1642389419.98	260000	28.001854	0.0	77638812	989	260.0
1642389422.2	260000	29.690738	0.0	74749470	1669	260.0
1642389424.08	260000	31.444253	0.0	75910911	1356	260.0
1642389426.27	260000	33.063237	0.0	74070687	1542	260.0
1642389432.88	260000	33.697083	0.0	73938718	5913	260.0
1642389434.95	260000	35.268984	0.0	73613985	1364	260.0
1642389436.86	260000	36.941833	0.0	69503182	1266	260.0
1642389439.04	260000	38.398056	0.0	72822670	1631	260.0
1642389441.32	260000	39.883321	0.0	70991563	1615	260.0
1642389443.53	260000	41.240048	0.0	66218671	1490	260.0
1642389445.78	260000	42.630534	0.0	71469145	1506	260.0
1642389447.87	260000	43.798268	0.0	64074874	1476	260.0
1642389457.31	260000	44.228927	0.0	65041967	8951	260.0
1642389464.78	260000	44.746084	0.0	65860507	6894	260.0
1642389472.56	260000	45.344264	0.0	60900183	7091	260.0
1642389473.98	260000	47.046027	0.0	65223805	905	260.0
1642389475.49	260000	48.757419	0.0	61492275	852	260.0
1642389476.89	260000	50.565324	0.0	57534179	969	260.0
1642389478.83	260000	52.134426	0.0	64191273	1348	260.0
1642389481.37	260000	53.625785	0.0	57421190	2079	260.0
1642389482.83	260000	55.479016	0.0	60358582	905	260.0
1642389484.19	260000	57.20063	0.0	60581734	854	260.0
1642389485.34	260000	58.921505	0.0	55686462	716	260.0
1642389490.8	260000	59.848709	0.0	61687104	905	260.0
1642389502.21	260000	59.906853	0.0	56994559	897	260.0
1642389513.45	260000	59.869653	0.0	55162012	1524	260.0
1642389524.29	260000	59.85791	0.0	63612323	1599	260.0
1642389534.54	260000	59.860268	0.0	53712380	1687	260.0
1642389543.69	260000	59.814092	0.0	59826276	1461	260.0
