1642463486.53	8200	1.999999	0.352	546328	249	-91.52
1642463486.9	260000	3.637691	0.0	1757078	169	8.199999999999989
1642463487.17	260000	5.371168	0.0	1560847	82	260.0
1642463487.56	260000	6.977137	0.0	1542805	215	260.0
1642463490.42	32800	6.118192	0.0	12166782	2580	-194.39999999999998
1642463491.65	32800	6.889858	0.0	15664097	974	32.8
1642463492.12	8200	8.416642	0.0	3920262	272	-16.400000000000002
1642463493.62	32800	8.922901	0.0	15851372	1257	8.199999999999996
1642463494.17	11700	10.365216	0.0	5587559	353	-9.400000000000002
1642463495.19	32800	11.719989	0.0	12381646	787	11.699999999999996
1642463499.42	152400	10.915508	0.0	57184643	3614	32.80000000000001
1642463503.24	152400	9.926134	0.0	48821461	3436	152.4
1642463506.13	152400	10.611271	0.0	44466772	2521	152.4
1642463512.82	152400	7.818937	0.0	45810515	6346	152.4
1642463517.22	152400	8.989111	0.0	42807747	3936	152.4
1642463518.87	152400	10.437974	0.0	40301174	1256	152.4
1642463520.24	152400	12.18956	0.0	39676104	920	152.4
1642463521.49	152400	13.913875	0.0	40793176	860	152.4
1642463522.56	152400	15.618914	0.0	37608977	754	152.4
1642463524.73	260000	16.890603	0.0	79414941	1544	152.4
1642463526.79	260000	18.229064	0.0	73704781	1370	260.0
1642463528.78	260000	19.642448	0.0	80783826	1472	260.0
1642463530.84	260000	21.148425	0.0	77638812	1545	260.0
1642463533.22	260000	22.464885	0.0	74749470	1903	260.0
1642463536.74	260000	23.37086	0.0	75910911	3052	260.0
1642463540.91	260000	24.147006	0.0	74070687	3454	260.0
1642463547.75	260000	24.173565	0.0	73938718	6303	260.0
1642463552.86	260000	24.461522	0.0	73613985	4584	260.0
1642463558.9	260000	24.636703	0.0	69503182	5519	260.0
1642463564.73	260000	24.707377	0.0	72822670	5258	260.0
1642463572.2	260000	24.355721	0.0	70991563	6818	260.0
1642463573.75	260000	25.804425	0.0	66218671	1109	260.0
1642463575.78	260000	27.445676	0.0	71469145	1542	260.0
1642463577.83	260000	29.065498	0.0	64074874	1605	260.0
1642463582.0	260000	30.413948	0.0	65041967	3702	260.0
1642463583.44	260000	32.120872	0.0	65860507	990	260.0
1642463584.75	260000	33.756922	0.0	60900183	769	260.0
1642463586.19	260000	35.756922	0.0	65223805	847	260.0
1642463587.84	260000	37.430897	0.0	61492275	1177	260.0
1642463589.06	260000	39.240788	0.0	57534179	790	260.0
1642463590.41	260000	40.920013	0.0	64191273	874	260.0
1642463591.78	260000	42.493044	0.0	57421190	942	260.0
1642463593.12	260000	44.209918	0.0	60358582	808	260.0
1642463594.48	260000	45.984928	0.0	60581734	874	260.0
1642463596.12	260000	47.84233	0.0	55686462	1213	260.0
1642463598.14	260000	49.45226	0.0	61687104	1457	260.0
1642463600.2	260000	51.070738	0.0	56994559	1602	260.0
1642463602.41	260000	52.775242	0.0	55162012	1767	260.0
1642463604.78	260000	54.272321	0.0	63612323	1941	260.0
1642463607.09	260000	55.773352	0.0	53712380	1854	260.0
1642463609.6	260000	57.435085	0.0	59826276	1932	260.0
1642463611.83	260000	59.096015	0.0	58861434	1756	260.0
1642463617.16	260000	59.61065	0.0	53320981	1434	260.0
1642463629.02	260000	59.727528	0.0	62494429	1451	260.0
1642463639.96	260000	59.896285	0.0	53458888	1395	260.0
1642463651.45	260000	59.897335	0.0	53798130	1476	260.0
1642463662.16	260000	59.865687	0.0	61358299	1661	260.0
1642463674.13	260000	59.886857	0.0	50406269	5513	260.0
1642463682.91	260000	59.955527	0.0	43226513	1382	260.0
1642463693.51	260000	59.909036	0.0	35938085	1227	260.0
1642463694.06	260000	59.715103	0.0	631698	334	260.0

1642463694.18	11700	59.715103	0.352	139786	2	-91.52
1642463694.24	260000	59.715103	0.0	631698	2	11.699999999999989
1642463694.93	8200	1.999999	0.109	2049018	345	-271.94
1642463695.04	260000	3.919446	0.0	1757078	8	8.199999999999989
1642463695.13	260000	5.822344	0.0	1560847	4	260.0
1642463695.24	260000	7.717121	0.0	1542805	4	260.0
1642463697.76	260000	7.19957	0.0	83554460	1528	260.0
1642463699.45	260000	7.509777	0.0	88770741	1049	260.0
1642463701.17	260000	7.793557	0.0	84756689	1018	260.0
1642463703.32	260000	8.012626	0.0	85798884	1520	260.0
1642463705.35	260000	9.579171	0.0	86059829	1465	260.0
1642463707.39	260000	11.122622	0.0	83431241	1442	260.0
1642463709.32	260000	12.89546	0.0	82198417	1357	260.0
1642463711.73	260000	14.386756	0.0	79299299	1869	260.0
1642463718.1	260000	15.27972	0.0	75092129	5724	260.0
1642463723.44	260000	16.442317	0.0	78844622	4784	260.0
1642463730.94	260000	17.200845	0.0	77654479	6937	260.0
1642463736.15	260000	18.268352	0.0	75220977	4705	260.0
1642463742.43	260000	19.131435	0.0	79740890	5520	260.0
1642463751.78	260000	19.978183	0.0	78574581	8733	260.0
1642463756.81	260000	21.062924	0.0	78901633	4481	260.0
1642463758.31	260000	22.809346	0.0	79414941	980	260.0
1642463759.91	260000	24.629659	0.0	73704781	1030	260.0
1642463761.86	260000	26.27672	0.0	80783826	1387	260.0
1642463763.92	260000	27.796657	0.0	77638812	1281	260.0
1642463765.81	260000	29.618937	0.0	74749470	1424	260.0
1642463767.5	260000	31.304854	0.0	75910911	1166	260.0
1642463769.14	260000	33.150146	0.0	74070687	1154	260.0
1642463771.71	260000	34.598182	0.0	73938718	2111	260.0
1642463775.24	260000	36.123717	0.0	73613985	2838	260.0
1642463779.78	260000	37.317194	0.0	69503182	4053	260.0
