1642390544.45	8200	1.999999	0.359	546328	253	-93.34
1642390544.82	260000	3.641104	0.0	1757078	176	8.199999999999989
1642390545.11	260000	5.355369	0.0	1560847	108	260.0
1642390545.38	260000	7.075984	0.0	1542805	98	260.0
1642390546.45	32800	8.011252	0.0	12166782	810	-194.39999999999998
1642390547.92	32800	8.542677	0.0	15664097	1220	32.8
1642390550.46	32800	7.996196	0.0	15560661	2321	32.8
1642390552.1	32800	8.356253	0.0	15851372	1370	32.8
1642390553.55	32800	9.430527	0.0	14688721	1204	32.8
1642390554.63	32800	10.520154	0.0	12381646	866	32.8
1642390555.52	32800	11.945316	0.0	10179458	680	32.8
1642390560.2	152400	11.06415	0.0	48821461	4133	32.80000000000001
1642390564.22	152400	11.063487	0.0	44466772	3643	152.4
1642390569.14	152400	9.807303	0.0	45810515	1742	152.4
1642390570.0	152400	11.195631	0.0	42807747	512	152.4
1642390570.73	152400	12.712424	0.0	40301174	368	152.4
1642390572.17	260000	13.888742	0.0	79740890	792	152.4
1642390574.37	260000	14.159208	0.0	78574581	1556	260.0
1642390576.43	260000	15.662137	0.0	78901633	1521	260.0
1642390578.5	260000	16.952347	0.0	79414941	1545	260.0
1642390580.94	260000	18.289708	0.0	73704781	1771	260.0
1642390584.9	260000	19.270002	0.0	80783826	3453	260.0
1642390591.33	260000	19.484248	0.0	77638812	5830	260.0
1642390597.45	260000	19.688667	0.0	74749470	5534	260.0
1642390602.47	260000	20.088865	0.0	75910911	4513	260.0
1642390607.27	260000	20.719191	0.0	74070687	4232	260.0
1642390610.43	260000	21.613617	0.0	73938718	2564	260.0
1642390612.6	260000	23.465748	0.0	73613985	1508	260.0
1642390656.67	260000	17.746874	0.0	69503182	43529	260.0
1642390660.25	152400	19.194958	0.0	32834126	3080	44.80000000000001
1642390662.13	152400	20.573963	0.0	33877878	1538	152.4
1642390663.18	152400	22.573963	0.0	31988631	715	152.4
1642390664.22	152400	24.283392	0.0	34031025	670	152.4
1642390665.14	152400	26.131255	0.0	30869167	574	152.4
1642390666.79	260000	27.811111	0.0	65041967	1068	152.4
1642390668.46	260000	29.606466	0.0	65860507	1208	260.0
1642390669.95	260000	31.316368	0.0	60900183	1047	260.0
1642390671.39	260000	33.023476	0.0	65223805	950	260.0
1642390672.71	260000	34.805467	0.0	61492275	799	260.0
1642390674.19	260000	36.372505	0.0	57534179	982	260.0
1642390676.37	260000	38.110078	0.0	64191273	1562	260.0
1642390678.26	260000	39.759788	0.0	57421190	1454	260.0
1642390680.96	260000	41.386679	0.0	60358582	2090	260.0
1642390683.55	260000	42.868103	0.0	60581734	2110	260.0
1642390685.86	260000	44.439753	0.0	55686462	1864	260.0
1642390688.37	260000	45.786043	0.0	61687104	2032	260.0
1642390690.69	260000	47.470331	0.0	56994559	1840	260.0
1642390692.8	260000	49.05261	0.0	55162012	1700	260.0
1642390695.08	260000	50.505892	0.0	63612323	1777	260.0
1642390697.15	260000	52.051605	0.0	53712380	1618	260.0
1642390699.31	260000	53.726446	0.0	59826276	1573	260.0
1642390701.22	260000	55.293266	0.0	58861434	1379	260.0
1642390702.92	260000	56.934061	0.0	53320981	1276	260.0
1642390705.39	260000	58.499314	0.0	62494429	1992	260.0
1642390708.13	260000	59.88574	0.0	53458888	2278	260.0
1642390718.27	260000	59.782513	0.0	53798130	2155	260.0
