1642389950.59	8200	1.999999	0.35	546328	249	-91.0
1642389950.87	260000	3.724218	0.0	1757078	96	8.199999999999989
1642389951.07	260000	5.526214	0.0	1560847	20	260.0
1642389951.27	260000	7.32568	0.0	1542805	26	260.0
1642389951.89	32800	8.708821	0.0	12166782	339	-194.39999999999998
1642389952.52	32800	10.075603	0.0	15664097	359	32.8
1642389955.39	260000	9.209349	0.0	84756689	1702	32.80000000000001
1642389957.41	260000	9.203176	0.0	85798884	1235	260.0
1642389959.69	260000	9.431956	0.0	86059829	1671	260.0
1642389961.92	260000	9.779408	0.0	83431241	1592	260.0
1642389964.01	260000	10.551427	0.0	82198417	1461	260.0
1642389966.45	260000	11.775038	0.0	79299299	1881	260.0
1642389968.99	260000	13.305327	0.0	75092129	1794	260.0
1642389971.44	260000	14.910581	0.0	78844622	1842	260.0
1642389973.94	260000	16.261252	0.0	77654479	1775	260.0
1642389976.48	260000	18.020035	0.0	75220977	1973	260.0
1642389978.99	260000	19.557293	0.0	79740890	1958	260.0
1642389981.64	260000	21.016588	0.0	78574581	1818	260.0
1642389985.32	260000	22.390236	0.0	78901633	3074	260.0
1642389992.03	260000	23.436008	0.0	79414941	6116	260.0
1642389993.55	260000	25.202097	0.0	73704781	872	260.0
1642389995.06	260000	26.789882	0.0	80783826	924	260.0
1642389996.8	260000	28.572917	0.0	77638812	1052	260.0
1642389998.93	260000	30.269966	0.0	74749470	1407	260.0
1642390000.7	260000	31.795982	0.0	75910911	1137	260.0
1642390003.03	260000	33.609778	0.0	74070687	1605	260.0
1642390005.25	260000	35.208389	0.0	73938718	1699	260.0
1642390007.52	260000	36.762778	0.0	73613985	1613	260.0
1642390009.65	260000	38.398616	0.0	69503182	1503	260.0
1642390011.87	260000	40.083085	0.0	72822670	1534	260.0
1642390013.94	260000	41.716578	0.0	70991563	1510	260.0
1642390015.91	260000	43.31333	0.0	66218671	1462	260.0
1642390017.96	260000	45.020318	0.0	71469145	1475	260.0
1642390019.72	260000	46.6657	0.0	64074874	1267	260.0
1642390021.77	260000	48.372018	0.0	65041967	1456	260.0
1642390023.95	260000	49.930811	0.0	65860507	1542	260.0
1642390025.77	260000	51.574858	0.0	60900183	1277	260.0
1642390027.45	260000	53.195124	0.0	65223805	1209	260.0
1642390028.91	260000	55.010935	0.0	61492275	1040	260.0
1642390030.43	260000	56.79542	0.0	57534179	1046	260.0
1642390032.33	260000	58.386537	0.0	64191273	1280	260.0
1642390034.8	260000	59.766508	0.0	57421190	1542	260.0
1642390045.18	260000	59.846444	0.0	60358582	1808	260.0
1642390058.02	260000	59.893844	0.0	60581734	5738	260.0
1642390069.38	260000	59.756302	0.0	55686462	6596	260.0
1642390079.97	260000	59.875144	0.0	61687104	3013	260.0
1642390092.23	260000	59.851526	0.0	56994559	2663	260.0
1642390101.6	260000	59.996896	0.0	55162012	2781	260.0
1642390113.44	260000	59.792028	0.0	63612323	3137	260.0
1642390125.54	260000	59.872184	0.0	53712380	2584	260.0
