1642404442.3	8200	1.999999	0.352	546328	249	-91.52
1642404442.59	260000	3.712111	0.0	1757078	101	8.199999999999989
1642404442.79	260000	5.506987	0.0	1560847	27	260.0
1642404442.99	260000	7.304902	0.0	1542805	29	260.0
1642404443.63	32800	8.675249	0.0	12166782	336	-194.39999999999998
1642404444.44	32800	9.861121	0.0	15664097	565	32.8
1642404445.44	32800	10.86409	0.0	15560661	779	32.8
1642404451.11	152400	7.439975	0.0	72320713	4772	32.80000000000001
1642404454.82	32800	7.108509	0.0	14688721	2742	-86.8
1642404455.85	32800	8.587261	0.0	12381646	801	32.8
1642404456.54	32800	10.187533	0.0	10179458	475	32.8
1642404457.11	32800	11.759845	0.0	7987681	367	32.8
1642404457.58	32800	13.759845	0.0	6249975	272	32.8
1642404458.05	32800	15.421016	0.0	6462926	283	32.8
1642404459.19	32800	16.660425	0.0	6930236	950	32.8
1642404459.73	32800	18.344237	0.0	7176786	334	32.8
1642404460.3	32800	20.081184	0.0	6963959	378	32.8
1642404460.91	32800	21.78596	0.0	7320305	428	32.8
1642404461.51	32800	23.78596	0.0	7420242	400	32.8
1642404462.13	32800	25.78596	0.0	7455282	427	32.8
1642404466.37	260000	26.915209	0.0	73704781	3611	32.80000000000001
1642404470.47	260000	28.117771	0.0	80783826	3402	260.0
1642404474.49	260000	27.637719	0.0	77638812	3558	260.0
1642404478.73	260000	26.652859	0.0	74749470	3688	260.0
1642404483.87	260000	24.202992	0.0	75910911	4504	260.0
1642404486.46	260000	23.952591	0.0	74070687	1913	260.0
1642404487.89	260000	24.816449	0.0	73938718	945	260.0
1642404489.37	260000	25.719287	0.0	73613985	807	260.0
1642404491.26	260000	26.077649	0.0	69503182	1449	260.0
1642404494.25	260000	25.242182	0.0	72822670	2523	260.0
1642404496.74	260000	25.158352	0.0	70991563	1860	260.0
1642404500.76	260000	23.881389	0.0	66218671	3530	260.0
1642404504.51	260000	25.199944	0.0	71469145	3231	260.0
1642404507.81	260000	26.412987	0.0	64074874	2886	260.0
1642404511.54	260000	27.803133	0.0	65041967	3274	260.0
1642404514.43	260000	29.19322	0.0	65860507	2404	260.0
1642404517.14	260000	30.887393	0.0	60900183	2245	260.0
1642404520.41	260000	32.284843	0.0	65223805	2686	260.0
1642404523.7	260000	33.603656	0.0	61492275	2800	260.0
1642404526.66	260000	34.973141	0.0	57534179	2502	260.0
1642404529.84	260000	36.425095	0.0	64191273	2743	260.0
1642404532.33	260000	38.00947	0.0	57421190	2063	260.0
1642404535.46	260000	39.293064	0.0	60358582	2679	260.0
1642404538.25	260000	40.800805	0.0	60581734	2346	260.0
1642404541.36	260000	42.080949	0.0	55686462	2647	260.0
1642404544.24	260000	43.56779	0.0	61687104	2367	260.0
1642404548.43	260000	45.125281	0.0	56994559	3726	260.0
1642404551.8	260000	46.485119	0.0	55162012	2907	260.0
1642404555.26	260000	47.748864	0.0	63612323	2972	260.0
1642404558.3	260000	49.225844	0.0	53712380	2590	260.0
1642404561.97	260000	50.560398	0.0	59826276	3221	260.0
1642404565.97	260000	51.812864	0.0	58861434	3501	260.0
1642404569.8	260000	53.099202	0.0	53320981	3286	260.0
1642404573.02	260000	54.505178	0.0	62494429	2711	260.0
1642404573.98	260000	56.505178	0.0	53458888	508	260.0
1642404574.97	260000	58.234715	0.0	53798130	541	260.0
1642404575.99	260000	59.913897	0.0	61358299	498	260.0
1642404586.89	260000	59.91126	0.0	50406269	421	260.0
1642404597.16	260000	59.883092	0.0	43226513	1303	260.0
1642404608.29	260000	59.601037	0.0	35938085	1243	260.0
1642404608.83	260000	59.634371	0.0	631698	334	260.0

1642404609.28	8200	1.999999	0.124	385365	4	-32.24
1642404609.45	260000	3.890179	0.0	1757078	8	8.199999999999989
1642404609.55	260000	5.79759	0.0	1560847	4	260.0
1642404609.64	260000	7.704265	0.0	1542805	3	260.0
1642404609.84	32800	9.506835	0.0	12166782	24	-194.39999999999998
1642404612.48	260000	8.864121	0.0	88770741	1678	32.80000000000001
1642404614.9	260000	8.449933	0.0	84756689	1716	260.0
1642404617.0	152400	8.348213	0.0	72320713	1416	44.80000000000001
1642404619.4	152400	8.672816	0.0	70827999	1872	152.4
1642404621.34	152400	9.794394	0.0	51846012	1528	152.4
1642404621.49	32800	11.794394	0.0	10179458	22	-86.8
1642404621.66	32800	13.794394	0.0	7987681	20	32.8
