1642451047.76	8200	1.999999	0.353	546328	248	-91.78
1642451048.04	260000	3.726745	0.0	1757078	96	8.199999999999989
1642451048.24	260000	5.531454	0.0	1560847	19	260.0
1642451048.43	260000	7.33497	0.0	1542805	17	260.0
1642451049.04	32800	8.727194	0.0	12166782	303	-194.39999999999998
1642451049.69	32800	10.078658	0.0	15664097	397	32.8
1642451051.44	152400	10.327278	0.0	68626847	1035	32.80000000000001
1642451053.18	152400	10.593032	0.0	72320713	1138	152.4
1642451055.22	260000	10.549043	0.0	86059829	1389	152.4
1642451057.31	260000	10.820863	0.0	83431241	1384	260.0
1642451059.81	260000	11.394452	0.0	82198417	1774	260.0
1642451062.0	260000	11.877317	0.0	79299299	1605	260.0
1642451063.97	260000	13.65329	0.0	75092129	1451	260.0
1642451066.1	260000	15.106672	0.0	78844622	1513	260.0
1642451068.49	260000	16.588304	0.0	77654479	1850	260.0
1642451070.69	260000	18.168594	0.0	75220977	1690	260.0
1642451073.31	260000	19.758048	0.0	79740890	2091	260.0
1642451076.09	260000	21.192304	0.0	78574581	2189	260.0
1642451078.67	260000	22.844715	0.0	78901633	1957	260.0
1642451082.73	260000	24.015395	0.0	79414941	3372	260.0
1642451088.43	260000	25.061832	0.0	73704781	5014	260.0
1642451089.92	260000	26.590645	0.0	80783826	1006	260.0
1642451091.26	260000	28.590645	0.0	77638812	839	260.0
1642451092.78	260000	30.27659	0.0	74749470	876	260.0
1642451094.3	260000	31.96844	0.0	75910911	1076	260.0
1642451096.28	260000	33.817695	0.0	74070687	1381	260.0
1642451098.76	260000	35.278584	0.0	73938718	1974	260.0
1642451101.19	260000	36.906924	0.0	73613985	1945	260.0
1642451103.79	260000	38.525697	0.0	69503182	2110	260.0
1642451106.44	260000	40.122813	0.0	72822670	2125	260.0
1642451109.22	260000	41.587099	0.0	70991563	2272	260.0
1642451111.73	260000	43.201682	0.0	66218671	2040	260.0
1642451114.3	260000	44.669715	0.0	71469145	2082	260.0
1642451116.42	260000	46.362332	0.0	64074874	1678	260.0
1642451118.32	260000	47.994611	0.0	65041967	1455	260.0
1642451120.29	260000	49.691957	0.0	65860507	1500	260.0
1642451121.91	260000	51.297493	0.0	60900183	1173	260.0
1642451123.57	260000	52.991197	0.0	65223805	1146	260.0
1642451125.34	260000	54.643781	0.0	61492275	1358	260.0
1642451127.18	260000	56.365341	0.0	57534179	1368	260.0
1642451129.37	260000	57.646667	0.0	64191273	1707	260.0
1642451131.36	260000	59.646667	0.0	57421190	1532	260.0
1642451141.29	260000	59.860161	0.0	60358582	3031	260.0
1642451152.14	260000	59.571415	0.0	60581734	5736	260.0
1642451163.31	260000	59.925171	0.0	55686462	7675	260.0
1642451174.34	260000	59.901381	0.0	61687104	2829	260.0
1642451185.77	260000	59.924588	0.0	56994559	2902	260.0
1642451197.09	260000	59.889789	0.0	55162012	5265	260.0
1642451208.71	260000	59.750611	0.0	63612323	3045	260.0
1642451220.29	260000	59.856004	0.0	53712380	2583	260.0
