1642450253.91	8200	1.999999	0.355	546328	251	-92.3
1642450254.34	260000	3.579878	0.0	1757078	176	8.199999999999989
1642450254.62	260000	5.298668	0.0	1560847	92	260.0
1642450255.01	260000	6.909072	0.0	1542805	216	260.0
1642450257.82	32800	6.097658	0.0	12166782	2550	-194.39999999999998
1642450259.03	32800	6.885954	0.0	15664097	974	32.8
1642450260.53	32800	7.389044	0.0	15560661	1262	32.8
1642450261.79	32800	8.127194	0.0	15851372	1007	32.8
1642450262.93	32800	9.478897	0.0	14688721	910	32.8
1642450263.92	32800	10.883895	0.0	12381646	767	32.8
1642450264.81	32800	12.291653	0.0	10179458	666	32.8
1642450265.44	32800	13.913667	0.0	7987681	430	32.8
1642450266.11	32800	15.480903	0.0	6249975	486	32.8
1642450266.9	32800	17.030796	0.0	6462926	594	32.8
1642450267.92	32800	18.307787	0.0	6930236	759	32.8
1642450268.75	32800	19.90066	0.0	7176786	631	32.8
1642450271.27	152400	20.365071	0.0	39676104	2080	32.80000000000001
1642450274.12	152400	20.851333	0.0	40793176	2494	152.4
1642450280.45	152400	18.902869	0.0	37608977	5986	152.4
1642450284.12	152400	18.449362	0.0	35738670	3263	152.4
1642450286.28	152400	18.595364	0.0	36020729	1841	152.4
1642450287.32	152400	19.869626	0.0	36493721	703	152.4
1642450288.24	152400	21.087801	0.0	37585290	599	152.4
1642450289.09	152400	22.387751	0.0	34459282	467	152.4
1642450291.08	260000	22.816793	0.0	75910911	1173	152.4
1642450292.77	260000	23.401611	0.0	74070687	1186	260.0
1642450294.68	260000	23.613371	0.0	73938718	1265	260.0
1642450296.2	260000	24.361573	0.0	73613985	983	260.0
1642450297.63	260000	25.672733	0.0	69503182	841	260.0
1642450299.3	260000	27.170771	0.0	72822670	1206	260.0
1642450302.66	260000	28.201708	0.0	70991563	2788	260.0
1642450305.22	260000	29.386464	0.0	66218671	2047	260.0
1642450311.19	260000	29.245892	0.0	71469145	5366	260.0
1642450316.18	260000	29.498353	0.0	64074874	4526	260.0
1642450320.87	260000	29.868638	0.0	65041967	4197	260.0
1642450326.62	260000	29.90798	0.0	65860507	5287	260.0
1642450329.14	152400	30.98778	0.0	30739933	2151	44.80000000000001
1642450332.21	152400	31.800097	0.0	34919429	2757	152.4
1642450338.74	152400	31.427726	0.0	34638995	6209	152.4
1642450340.3	152400	32.733946	0.0	30969970	1195	152.4
1642450341.2	152400	34.335911	0.0	35313058	547	152.4
1642450341.92	152400	35.984429	0.0	32767078	443	152.4
1642450342.7	152400	37.772703	0.0	34143965	471	152.4
1642450344.22	260000	39.612327	0.0	60581734	994	152.4
1642450345.81	260000	41.327962	0.0	55686462	1026	260.0
1642450349.96	260000	42.572365	0.0	61687104	3658	260.0
1642450351.13	260000	44.28731	0.0	56994559	789	260.0
1642450352.21	260000	46.091178	0.0	55162012	707	260.0
1642450353.45	260000	47.806517	0.0	63612323	804	260.0
1642450355.06	260000	49.490991	0.0	53712380	1130	260.0
1642450356.26	260000	51.332726	0.0	59826276	734	260.0
1642450357.42	260000	53.032927	0.0	58861434	729	260.0
1642450358.59	260000	54.793322	0.0	53320981	681	260.0
1642450359.91	260000	56.443449	0.0	62494429	825	260.0
1642450361.07	260000	58.178844	0.0	53458888	646	260.0
1642450363.08	260000	59.907552	0.0	53798130	615	260.0
1642450373.46	260000	59.885512	0.0	61358299	853	260.0
1642450383.95	260000	59.87999	0.0	50406269	1539	260.0
1642450393.17	260000	59.968397	0.0	43226513	1271	260.0
1642450404.26	260000	59.837869	0.0	35938085	1205	260.0
1642450404.8	260000	59.871203	0.0	631698	336	260.0

1642450405.27	8200	1.999999	0.108	385365	5	-28.08
1642450405.37	260000	3.917135	0.0	1757078	3	8.199999999999989
1642450405.5	260000	5.794181	0.0	1560847	5	260.0
1642450405.65	260000	7.645584	0.0	1542805	4	260.0
1642450405.85	32800	9.44459	0.0	12166782	22	-194.39999999999998
1642450408.67	260000	8.625685	0.0	88770741	2063	32.80000000000001
1642450410.77	260000	8.519368	0.0	84756689	1456	260.0
1642450412.77	152400	8.524168	0.0	72320713	1546	44.80000000000001
1642450415.0	152400	8.923103	0.0	70827999	1700	152.4
1642450415.16	32800	10.775555	0.0	12381646	21	-86.8
1642450416.76	152400	11.74862	0.0	57184643	1116	32.80000000000001
1642450419.25	260000	13.579195	0.0	79299299	1796	152.4
1642450421.42	260000	15.170921	0.0	75092129	1617	260.0
1642450423.85	260000	16.754994	0.0	78844622	1877	260.0
1642450426.31	260000	18.524556	0.0	77654479	1940	260.0
1642450428.71	260000	19.969432	0.0	75220977	1771	260.0
