1642449872.31	8200	1.999999	0.358	546328	255	-93.08
1642449872.8	260000	3.516106	0.0	1757078	305	8.199999999999989
1642449873.46	260000	4.857103	0.0	1560847	482	260.0
1642449874.11	260000	6.208617	0.0	1542805	470	260.0
1642449876.63	32800	5.693088	0.0	12166782	2255	-194.39999999999998
1642449879.52	11700	4.794455	0.0	4536725	2707	-9.400000000000002
1642449881.08	4900	5.689475	0.0	2134063	1375	-1.8999999999999995
1642449881.65	4900	7.333966	0.0	2245725	393	4.9
1642449882.29	4900	9.129257	0.0	1894210	454	4.9
1642449883.16	8200	10.412248	0.0	2809333	687	4.8999999999999995
1642449883.44	4900	12.192179	0.0	1144854	112	1.6000000000000005
1642449884.34	32800	13.58016	0.0	7987681	682	4.899999999999999
1642449884.97	32800	15.115813	0.0	6249975	437	32.8
1642449886.06	32800	16.121909	0.0	6462926	903	32.8
1642449886.96	32800	17.221926	0.0	6930236	693	32.8
1642449887.88	32800	18.303562	0.0	7176786	717	32.8
1642449888.81	32800	19.382931	0.0	6963959	697	32.8
1642449889.49	32800	20.689662	0.0	7320305	487	32.8
1642449892.19	152400	19.997725	0.0	37608977	2123	32.80000000000001
1642449895.83	152400	18.349918	0.0	35738670	3306	152.4
1642449899.25	152400	17.563529	0.0	36020729	3096	152.4
1642449902.13	152400	17.090307	0.0	36493721	2470	152.4
1642449905.48	152400	16.330869	0.0	37585290	3019	152.4
1642449907.63	152400	16.712802	0.0	34459282	1853	152.4
1642449912.59	152400	14.960365	0.0	37576374	4649	152.4
1642449916.0	152400	15.257205	0.0	34095545	3088	152.4
1642449919.29	152400	16.110855	0.0	34314045	2955	152.4
1642449923.97	152400	16.578384	0.0	34563011	4357	152.4
1642449926.74	152400	17.701082	0.0	31292175	2453	152.4
1642449928.88	152400	18.958965	0.0	32834126	1833	152.4
1642449931.42	152400	20.023547	0.0	33877878	2214	152.4
1642449932.38	152400	21.688886	0.0	31988631	637	152.4
1642449933.38	152400	23.395458	0.0	34031025	674	152.4
1642449938.8	260000	23.634851	0.0	64074874	4699	152.4
1642449942.17	260000	24.386596	0.0	65041967	2718	260.0
1642449945.65	260000	25.127948	0.0	65860507	2979	260.0
1642449949.16	260000	25.806179	0.0	60900183	3102	260.0
1642449951.86	260000	26.843164	0.0	65223805	2236	260.0
1642449953.74	260000	28.084032	0.0	61492275	1405	260.0
1642449955.01	260000	29.747818	0.0	57534179	825	260.0
1642449956.72	260000	30.997432	0.0	64191273	1282	260.0
1642449958.46	260000	32.368068	0.0	57421190	1330	260.0
1642449960.4	260000	33.719004	0.0	60358582	1496	260.0
1642449962.26	260000	35.01634	0.0	60581734	1436	260.0
1642449963.97	260000	36.444561	0.0	55686462	1291	260.0
1642449965.9	260000	37.6827	0.0	61687104	1435	260.0
1642449967.87	260000	39.03648	0.0	56994559	1424	260.0
1642449969.72	260000	40.286284	0.0	55162012	1473	260.0
1642449971.81	260000	41.412258	0.0	63612323	1592	260.0
1642449973.56	260000	42.725657	0.0	53712380	1249	260.0
1642449975.36	260000	43.816364	0.0	59826276	1284	260.0
1642449977.35	260000	45.234803	0.0	58861434	1592	260.0
1642449981.37	260000	45.528568	0.0	53320981	3596	260.0
1642449984.39	260000	46.612559	0.0	62494429	2486	260.0
1642449986.92	260000	47.53964	0.0	53458888	2109	260.0
1642449989.2	260000	48.853949	0.0	53798130	1741	260.0
1642449991.94	260000	49.846497	0.0	61358299	2257	260.0
1642449994.19	260000	50.998373	0.0	50406269	1858	260.0
1642449997.41	260000	51.823756	0.0	43226513	2872	260.0
1642449999.29	260000	53.357107	0.0	35938085	1533	260.0
1642449999.44	260000	53.390441	0.0	631698	26	260.0

1642449999.57	11700	53.382031	0.358	139786	4	-93.08
1642449999.62	260000	53.326018	0.0	631698	1	11.699999999999989
1642450000.38	8200	1.999999	0.131	2049018	373	-277.66
1642450000.5	260000	3.912906	0.0	1757078	4	8.199999999999989
1642450000.59	260000	5.825179	0.0	1560847	4	260.0
1642450000.68	260000	7.732367	0.0	1542805	4	260.0
1642450000.88	32800	9.535085	0.0	12166782	23	-194.39999999999998
1642450001.84	32800	10.569754	0.0	15664097	705	32.8
1642450009.3	260000	5.599415	0.0	84756689	6443	32.80000000000001
1642450009.76	32800	7.349754	0.0	15851372	214	-194.39999999999998
1642450010.22	32800	9.123569	0.0	14688721	223	32.8
1642450010.56	32800	10.922647	0.0	12381646	122	32.8
1642450010.87	32800	12.649131	0.0	10179458	94	32.8
1642450011.01	32800	14.507297	0.0	7987681	14	32.8
1642450012.2	260000	15.864118	0.0	75092129	639	32.80000000000001
1642450013.81	260000	16.783809	0.0	78844622	1128	260.0
1642450016.11	260000	17.783781	0.0	77654479	1684	260.0
1642450018.23	260000	19.426463	0.0	75220977	1626	260.0
1642450020.4	260000	21.050143	0.0	79740890	1697	260.0
1642450022.78	260000	22.651769	0.0	78574581	1622	260.0
1642450024.88	260000	24.250202	0.0	78901633	1617	260.0
1642450027.15	260000	25.686453	0.0	79414941	1616	260.0
1642450029.16	260000	26.761586	0.0	73704781	1451	260.0
1642450033.12	260000	26.47676	0.0	80783826	3377	260.0
1642450038.39	260000	24.988428	0.0	77638812	4732	260.0
1642450041.64	260000	24.160268	0.0	74749470	2633	260.0
1642450044.26	260000	25.538544	0.0	75910911	1927	260.0
1642450049.28	260000	26.65372	0.0	74070687	4434	260.0
