1642404824.96	8200	1.999999	0.52	546328	415	-135.2
1642404827.09	260000	2.267978	0.399	1757078	1937	-95.54000000000002
1642404827.41	4900	3.944784	0.0	613681	143	-250.2
1642404827.72	4900	5.633167	0.0	607418	139	4.9
1642404828.22	4900	7.134887	0.0	2009327	310	4.9
1642404829.13	8200	8.225049	0.0	3361033	713	4.8999999999999995
1642404833.11	11700	6.23944	0.0	5378836	3768	8.2
1642404836.73	11700	4.619861	0.0	4892753	3427	11.7
1642404840.2	8200	3.157913	0.0	3391749	2377	4.699999999999999
1642404840.94	4900	4.412725	0.0	1576185	574	1.6000000000000005
1642404841.27	4900	6.081488	0.0	1144854	158	4.9
1642404841.69	8200	7.667643	0.0	1614484	225	4.8999999999999995
1642404842.85	11700	8.505372	0.0	2255191	974	8.2
1642404843.11	11700	10.240037	0.0	2392223	81	11.7
1642404843.56	32800	11.790363	0.0	6930236	241	11.699999999999996
1642404844.01	32800	13.347762	0.0	7176786	241	32.8
1642404844.45	32800	14.906105	0.0	6963959	232	32.8
1642404844.9	32800	16.452226	0.0	7320305	256	32.8
1642404856.35	260000	7.486664	0.0	78901633	10511	32.80000000000001
1642404882.99	152400	2.351061	10.833	35738670	26278	-2771.7799999999997
1642404883.77	4900	3.813799	0.0	1166756	513	-142.6
1642404884.16	4900	5.651426	0.0	988609	229	4.9
1642404884.58	4900	7.579393	0.0	1009447	234	4.9
1642404885.08	4900	9.478038	0.0	1002081	323	4.9
1642404885.62	4900	11.283399	0.0	1052991	369	4.9
1642404886.16	4900	12.990231	0.0	1019357	356	4.9
1642404888.86	32800	14.162149	0.0	7143328	2501	4.899999999999999
1642404893.43	32800	11.621973	0.0	7338535	4368	32.8
1642404901.16	32800	5.902679	0.0	6896645	7512	32.8
1642404904.98	8200	4.751855	0.0	1691448	3559	-16.400000000000002
1642404907.95	4900	3.924572	0.0	1051931	2734	1.6000000000000005
1642404909.85	4900	4.017497	0.0	1030869	1721	4.9
1642404911.81	4900	4.057443	0.0	1101025	1771	4.9
1642404912.73	4900	5.141553	0.0	1051211	735	4.9
1642404914.54	4900	5.326309	0.0	1049474	733	4.9
1642404915.48	4900	6.385396	0.0	1092432	765	4.9
1642404917.42	4900	6.445049	0.0	1071090	1749	4.9
1642404919.39	4900	6.483899	0.0	1110252	1776	4.9
1642404920.32	4900	7.550881	0.0	1062576	744	4.9
1642404922.75	8200	7.119989	0.0	1751990	2227	4.8999999999999995
1642404926.12	8200	5.754989	0.0	1841735	2288	8.2
1642404927.54	8200	6.327577	0.0	1783207	1249	8.2
1642404930.03	8200	5.834748	0.0	1863991	2305	8.2
1642404931.55	8200	6.320925	0.0	1884811	1319	8.2
1642404934.01	8200	5.854632	0.0	1821440	2275	8.2
1642404936.53	8200	5.33601	0.0	1906912	2334	8.2
1642404937.92	8200	5.952467	0.0	1861730	1200	8.2
1642404938.75	8200	7.117818	0.0	1854838	649	8.2
1642404939.28	8200	8.589464	0.0	1928522	336	8.2
1642404939.77	8200	10.096484	0.0	1771314	309	8.2
1642404940.58	11700	11.29219	0.0	2659966	620	8.2
1642404941.02	4900	12.850373	0.0	1113857	260	-1.8999999999999995
1642404942.9	32800	12.969307	0.0	7308924	1684	4.899999999999999
1642404944.49	32800	13.383167	0.0	7936123	1389	32.8
1642404946.12	32800	13.750367	0.0	7845705	1372	32.8
1642404947.66	32800	14.211243	0.0	7682661	1345	32.8
1642404949.39	32800	14.482322	0.0	8703604	1523	32.8
1642404950.78	32800	15.089224	0.0	8166986	1193	32.8
1642404956.62	152400	11.314672	0.0	34267546	5498	32.80000000000001
1642404963.57	260000	7.822815	0.0	35938085	6556	152.4
1642404963.8	260000	7.66086	0.0	631698	109	260.0

1642404963.94	11700	7.517381	11.752	139786	18	-3055.52
1642404964.0	260000	7.462012	0.0	631698	1	11.699999999999989
1642404964.79	8200	1.999999	-11.171	2049018	467	2660.8599999999997
1642404964.89	260000	3.928071	0.0	1757078	4	8.199999999999989
1642404965.34	260000	5.47964	0.0	1560847	272	260.0
1642404965.78	260000	7.035053	0.0	1542805	269	260.0
1642404968.27	32800	6.544973	0.0	12166782	2225	-194.39999999999998
1642404972.32	32800	4.496788	0.0	15664097	3802	32.8
1642404974.7	4900	4.819821	0.0	2134063	2186	-23.0
1642404978.39	4900	4.498547	0.0	2245725	2575	4.9
1642404980.9	4900	4.112132	0.0	1894210	2326	4.9
1642404980.99	4900	6.015205	0.0	1576185	2	4.9
1642404981.14	4900	7.866526	0.0	1144854	3	4.9
1642404981.97	4900	9.03565	0.0	935051	653	4.9
1642404982.84	4900	10.165929	0.0	935377	654	4.9
1642404982.96	11700	12.052995	0.0	2392223	7	4.8999999999999995
1642404983.09	32800	13.915178	0.0	6930236	13	11.699999999999996
1642404991.69	32800	7.317557	0.0	7176786	8391	32.8
1642404992.82	8200	8.19244	0.0	1883924	850	-16.400000000000002
1642404993.43	8200	9.579877	0.0	1840696	429	8.2
1642404994.04	8200	10.967553	0.0	1872134	437	8.2
1642404994.67	8200	12.340972	0.0	1934696	450	8.2
1642404995.11	8200	13.895445	0.0	1917979	273	8.2
1642404996.3	32800	14.718437	0.0	6396912	988	8.199999999999996
1642404997.58	32800	15.544827	0.0	7253832	1083	32.8
1642404998.76	32800	16.472075	0.0	7034316	985	32.8
1642404999.93	32800	17.448794	0.0	7133512	977	32.8
1642405001.01	32800	18.372769	0.0	7041401	880	32.8
1642405002.46	32800	18.927264	0.0	7143328	1250	32.8
1642405003.73	32800	19.657396	0.0	7338535	1061	32.8
