1642388691.56	8200	1.999999	0.384	546328	281	-99.84
1642388692.34	260000	3.223241	0.0	1757078	585	8.199999999999989
1642388692.79	260000	4.774847	0.0	1560847	274	260.0
1642388693.23	260000	6.329813	0.0	1542805	269	260.0
1642388697.41	32800	4.151564	0.0	12166782	3879	-194.39999999999998
1642388699.48	8200	4.087496	0.0	3361033	1862	-16.400000000000002
1642388700.96	11700	5.237591	0.0	5378836	1260	8.2
1642388701.48	4900	6.810694	0.0	2245725	338	-1.8999999999999995
1642388702.95	32800	7.688385	0.0	14688721	1218	4.899999999999999
1642388704.63	32800	8.006715	0.0	12381646	1450	32.8
1642388705.87	32800	8.768314	0.0	10179458	1018	32.8
1642388706.31	11700	10.323892	0.0	2615238	260	-9.400000000000002
1642388707.14	32800	11.494195	0.0	6249975	625	11.699999999999996
1642388710.46	152400	11.110729	0.0	45810515	2642	32.80000000000001
1642388714.54	152400	10.233036	0.0	42807747	3684	152.4
1642388718.03	152400	9.597256	0.0	40301174	3129	152.4
1642388721.82	152400	8.310195	0.0	39676104	3410	152.4
1642388724.59	152400	9.37641	0.0	40793176	2378	152.4
1642388728.32	152400	10.315781	0.0	37608977	3238	152.4
1642388733.01	152400	10.905244	0.0	35738670	4251	152.4
1642388736.21	152400	11.843572	0.0	36020729	2789	152.4
1642388741.25	152400	12.347318	0.0	36493721	4673	152.4
1642388745.37	152400	13.089345	0.0	37585290	3624	152.4
1642388747.71	152400	14.217033	0.0	34459282	1985	152.4
1642388750.04	152400	15.531704	0.0	37576374	1953	152.4
1642388751.19	152400	17.026619	0.0	34095545	761	152.4
1642388756.18	260000	17.352638	0.0	73938718	4244	152.4
1642388759.62	260000	18.020836	0.0	73613985	2680	260.0
1642388763.19	260000	18.881046	0.0	69503182	2978	260.0
1642388767.42	260000	19.296599	0.0	72822670	3648	260.0
1642388770.41	260000	20.101567	0.0	70991563	2294	260.0
1642388772.13	260000	21.745948	0.0	66218671	1163	260.0
1642388773.87	260000	23.071165	0.0	71469145	1050	260.0
1642388775.8	260000	24.245003	0.0	64074874	1354	260.0
1642388778.07	260000	25.413771	0.0	65041967	1706	260.0
1642388780.38	260000	26.62067	0.0	65860507	1624	260.0
1642388782.7	260000	27.806	0.0	60900183	1767	260.0
1642388785.07	260000	28.783555	0.0	65223805	1815	260.0
1642388787.3	260000	29.793496	0.0	61492275	1625	260.0
1642388789.28	260000	31.295105	0.0	57534179	1494	260.0
1642388791.57	260000	32.284617	0.0	64191273	1590	260.0
1642388793.35	260000	33.777543	0.0	57421190	1301	260.0
1642388795.55	260000	34.872995	0.0	60358582	1508	260.0
1642388799.94	260000	35.598733	0.0	60581734	3876	260.0
1642388802.69	260000	37.055129	0.0	55686462	2219	260.0
1642388805.66	260000	38.505971	0.0	61687104	2431	260.0
1642388808.05	260000	40.166093	0.0	56994559	1926	260.0
1642388810.64	260000	41.61325	0.0	55162012	2080	260.0
1642388813.52	260000	43.062081	0.0	63612323	2393	260.0
1642388817.86	260000	44.116488	0.0	53712380	3865	260.0
1642388820.9	260000	45.487145	0.0	59826276	2558	260.0
1642388826.79	260000	46.164309	0.0	58861434	5410	260.0
1642388828.94	260000	47.639233	0.0	53320981	1618	260.0
1642388830.85	260000	49.181527	0.0	62494429	1364	260.0
1642388832.51	260000	50.900204	0.0	53458888	1259	260.0
1642388834.47	260000	52.487475	0.0	53798130	1465	260.0
1642388836.51	260000	54.127735	0.0	61358299	1581	260.0
1642388838.31	260000	55.619636	0.0	50406269	1276	260.0
1642388839.76	260000	57.451492	0.0	43226513	1090	260.0
1642388840.92	260000	59.16292	0.0	35938085	860	260.0
1642388841.06	260000	59.097694	0.0	631698	8	260.0

1642388841.19	11700	59.097694	0.384	139786	2	-99.84
1642388841.26	260000	59.097694	0.0	631698	2	11.699999999999989
1642388842.04	8200	1.999999	0.085	2049018	349	-265.7
1642388842.23	260000	3.856685	0.0	1757078	4	8.199999999999989
1642388842.33	260000	5.757261	0.0	1560847	5	260.0
1642388842.43	260000	7.658618	0.0	1542805	3	260.0
1642388845.48	260000	6.607057	0.0	83554460	1703	260.0
1642388848.22	260000	5.862093	0.0	88770741	1774	260.0
1642388854.27	260000	5.2784	0.0	84756689	5321	260.0
1642388859.86	260000	6.36415	0.0	85798884	4823	260.0
1642388863.02	260000	7.949667	0.0	86059829	2557	260.0
1642388869.13	260000	8.998322	0.0	83431241	5318	260.0
