1642450448.28	8200	1.999999	0.355	546328	250	-92.3
1642450448.55	260000	3.73338	0.0	1757078	97	8.199999999999989
1642450448.74	260000	5.546481	0.0	1560847	15	260.0
1642450448.93	260000	7.358619	0.0	1542805	14	260.0
1642450449.55	32800	8.742431	0.0	12166782	319	-194.39999999999998
1642450449.85	11700	10.441557	0.0	4536725	98	-9.400000000000002
1642450451.85	32800	10.432022	0.0	15560661	1762	11.699999999999996
1642450452.64	32800	11.643832	0.0	15851372	554	32.8
1642450453.38	32800	12.912053	0.0	14688721	513	32.8
1642450454.09	32800	14.201571	0.0	12381646	465	32.8
1642450454.89	32800	15.401261	0.0	10179458	593	32.8
1642450455.51	32800	16.781878	0.0	7987681	372	32.8
1642450461.23	260000	13.880326	0.0	75092129	4824	32.80000000000001
1642450464.83	260000	13.66432	0.0	78844622	3069	260.0
1642450468.39	260000	13.302811	0.0	77654479	3058	260.0
1642450470.26	260000	14.15847	0.0	75220977	1157	260.0
1642450471.91	260000	15.046564	0.0	79740890	1180	260.0
1642450473.99	260000	15.641286	0.0	78574581	1511	260.0
1642450476.26	260000	15.84259	0.0	78901633	1629	260.0
1642450482.41	260000	15.299854	0.0	79414941	5631	260.0
1642450485.32	260000	16.643443	0.0	73704781	2323	260.0
1642450488.14	260000	18.29216	0.0	80783826	2295	260.0
1642450489.44	152400	20.012054	0.0	37585290	965	44.80000000000001
1642450490.71	152400	21.720405	0.0	34459282	957	152.4
1642450491.72	152400	23.507709	0.0	37576374	659	152.4
1642450493.74	260000	25.086151	0.0	74070687	1486	152.4
1642450495.36	260000	26.795965	0.0	73938718	1094	260.0
1642450496.75	260000	28.512064	0.0	73613985	897	260.0
1642450498.74	260000	30.14493	0.0	69503182	1434	260.0
1642450500.31	260000	31.871022	0.0	72822670	1064	260.0
1642450502.35	260000	33.426556	0.0	70991563	1381	260.0
1642450508.87	260000	34.231315	0.0	66218671	6080	260.0
1642450511.35	260000	35.719046	0.0	71469145	1864	260.0
1642450513.03	260000	37.431027	0.0	64074874	1185	260.0
1642450514.59	260000	39.077817	0.0	65041967	1020	260.0
1642450515.96	260000	40.790019	0.0	65860507	880	260.0
1642450517.34	260000	42.515132	0.0	60900183	778	260.0
1642450519.22	260000	44.133717	0.0	65223805	1377	260.0
1642450521.33	260000	45.839754	0.0	61492275	1676	260.0
1642450523.29	260000	47.470551	0.0	57534179	1502	260.0
1642450526.07	260000	48.989146	0.0	64191273	2318	260.0
1642450536.16	260000	49.292546	0.0	57421190	9644	260.0
1642450542.3	260000	50.123789	0.0	60358582	5702	260.0
1642450549.4	260000	51.021152	0.0	60581734	6699	260.0
1642450551.51	260000	52.604491	0.0	55686462	1502	260.0
1642450552.39	152400	54.389355	0.0	35467287	530	44.80000000000001
1642450553.25	152400	56.243759	0.0	35220717	518	152.4
1642450554.27	260000	58.099045	0.0	55162012	653	152.4
1642450555.44	260000	59.801008	0.0	63612323	727	260.0
1642450566.3	260000	59.870645	0.0	53712380	910	260.0
1642450576.41	260000	59.837505	0.0	59826276	1515	260.0
1642450587.6	260000	59.806009	0.0	58861434	1575	260.0
1642450593.06	260000	59.808425	0.0	53320981	1459	260.0
1642450598.76	260000	59.892658	0.0	62494429	1159	260.0
1642450604.36	260000	59.905729	0.0	53458888	680	260.0
1642450615.35	260000	59.876386	0.0	53798130	1429	260.0
1642450625.01	260000	59.890305	0.0	61358299	1593	260.0
