1642626076.19	8200	1.999999	1.518	546328	1414	-394.68
1642626076.66	4900	3.539543	0.0	425156	295	1.6000000000000005
1642626077.26	4900	4.940269	0.0	613681	427	4.9
1642626077.86	4900	6.339725	0.0	607418	423	4.9
1642626079.53	4900	6.670702	0.0	2009327	1479	4.9
1642626080.33	8200	7.865232	0.0	3361033	606	4.8999999999999995
1642626082.13	11700	8.068332	0.0	5378836	1593	8.2
1642626085.75	11700	6.442846	0.0	4892753	3430	11.7
1642626090.86	11700	3.856628	0.0	5587559	4915	11.7
1642626093.08	8200	3.851238	0.0	2809333	2022	4.699999999999999
1642626093.44	4900	5.485451	0.0	1144854	190	1.6000000000000005
1642626094.03	11700	6.898402	0.0	2615238	382	4.8999999999999995
1642626095.58	32800	7.347415	0.0	6249975	1336	11.699999999999996
1642626096.24	32800	8.687417	0.0	6462926	461	32.8
1642626096.82	32800	10.113194	0.0	6930236	376	32.8
1642626097.35	32800	11.584525	0.0	7176786	335	32.8
1642626099.86	152400	11.070098	0.0	39676104	2087	32.80000000000001
1642626122.13	152400	2.479095	6.119	40793176	21863	-1438.54
1642626131.04	32800	2.479175	3.833	7420242	8609	-1083.38
1642626132.14	8200	3.653122	0.0	1934696	834	-16.400000000000002
1642626132.96	11700	4.853337	0.0	2697360	629	8.2
1642626134.02	11700	5.798952	0.0	2343098	819	11.7
1642626135.06	11700	6.761246	0.0	2430789	851	11.7
1642626135.8	11700	8.014779	0.0	2399571	559	11.7
1642626137.99	32800	7.882017	0.0	7133512	1969	11.699999999999996
1642626140.66	32800	7.211676	0.0	7041401	2466	32.8
1642626143.64	32800	6.23507	0.0	7143328	2780	32.8
1642626153.14	32800	2.351553	3.635	7338535	9300	-912.3000000000001
1642626155.39	8200	2.291526	0.0	1733219	1983	-16.400000000000002
1642626160.42	11700	2.261653	2.997	2397182	4682	-771.02
1642626164.3	8200	2.378413	1.88	1734337	3553	-484.1
1642626166.2	4900	2.473931	0.0	1030869	1722	1.6000000000000005
1642626167.16	4900	3.523985	0.0	1101025	771	4.9
1642626169.07	4900	3.607334	0.0	1051211	1735	4.9
1642626169.99	4900	4.692858	0.0	1049474	734	4.9
1642626171.82	4900	4.855745	0.0	1092432	769	4.9
1642626172.75	4900	5.925966	0.0	1071090	749	4.9
1642626176.82	11700	3.859124	0.0	2654985	3864	4.8999999999999995
1642626179.82	11700	2.854825	0.0	2594029	2816	11.7
1642626182.24	8200	2.439811	0.0	1751990	2226	4.699999999999999
1642626183.71	8200	2.968844	0.0	1841735	1288	8.2
1642626186.14	8200	2.541894	0.0	1783207	2248	8.2
1642626188.09	4900	2.586611	0.0	1119674	1783	1.6000000000000005
1642626189.05	4900	3.628447	0.0	1120932	785	4.9
1642626189.99	4900	4.684571	0.0	1090588	762	4.9
1642626190.85	8200	5.828818	0.0	1906912	666	4.8999999999999995
1642626191.53	11700	7.150879	0.0	2718244	486	8.2
1642626192.23	11700	8.450026	0.0	2695178	513	11.7
1642626193.06	11700	9.614843	0.0	2782060	648	11.7
1642626194.93	32800	9.745172	0.0	7160738	1671	11.699999999999996
1642626196.46	32800	10.216845	0.0	7565820	1323	32.8
1642626197.18	11700	11.49788	0.0	2747985	478	-9.400000000000002
1642626197.56	4900	13.123149	0.0	1139906	199	-1.8999999999999995
1642626199.15	32800	13.531511	0.0	7936123	1389	4.899999999999999
1642626200.74	32800	13.945529	0.0	7845705	1381	32.8
1642626202.24	32800	14.433029	0.0	7682661	1302	32.8
1642626202.83	11700	15.848449	0.0	2884569	403	-9.400000000000002
1642626203.5	11700	17.177225	0.0	2854371	486	11.7
1642626210.95	260000	11.990681	0.0	43226513	7070	11.699999999999989
1642626217.63	260000	8.014062	0.0	35938085	6307	260.0
1642626217.86	260000	7.847884	0.0	631698	111	260.0

1642626218.29	8200	1.999999	0.163	385365	67	-42.38000000000001
1642626218.78	260000	3.529694	0.0	1757078	306	8.199999999999989
1642626219.22	260000	5.087028	0.0	1560847	272	260.0
1642626219.67	260000	6.641157	0.0	1542805	269	260.0
1642626222.57	32800	5.736823	0.0	12166782	2630	-194.39999999999998
1642626237.58	32800	2.369378	8.971	15664097	14770	-2299.66
1642626237.7	11700	4.243225	0.0	5378836	13	-9.400000000000002
1642626237.82	11700	6.123852	0.0	4892753	13	11.7
1642626246.6	32800	2.341615	2.068	14688721	8540	-525.9799999999999
1642626247.86	11700	3.390902	0.0	4371099	992	-9.400000000000002
1642626248.63	11700	4.983874	0.0	3375218	584	11.7
1642626250.0	32800	6.212564	0.0	7987681	1168	11.699999999999996
1642626251.07	32800	7.239121	0.0	6249975	873	32.8
1642626252.15	32800	8.15893	0.0	6462926	888	32.8
1642626253.19	32800	9.115819	0.0	6930236	843	32.8
1642626253.83	11700	10.471512	0.0	2629283	460	-9.400000000000002
1642626255.22	32800	11.11193	0.0	6963959	1181	11.699999999999996
1642626256.38	32800	12.04012	0.0	7320305	962	32.8
1642626257.45	32800	13.051283	0.0	7420242	865	32.8
1642626257.97	11700	14.76046	0.0	2700523	313	-9.400000000000002
1642626259.29	32800	15.760323	0.0	7960895	1073	11.699999999999996
1642626263.8	152400	13.383458	0.0	36493721	3996	32.80000000000001
1642626275.2	152400	4.811668	0.0	37585290	11047	152.4
1642626275.31	11700	6.70329	0.0	2399571	5	-129.0
1642626276.45	4900	7.826377	0.0	1052991	874	-1.8999999999999995
1642626279.83	32800	9.086893	0.0	7041401	3177	4.899999999999999
1642626283.53	32800	9.779752	0.0	7143328	3502	32.8
1642626286.8	32800	10.605868	0.0	7338535	3071	32.8
1642626290.42	32800	9.874791	0.0	6896645	3415	32.8
1642626293.47	32800	9.007592	0.0	6714054	2849	32.8
1642626297.3	32800	7.779314	0.0	7018701	3569	32.8
1642626300.29	32800	6.87232	0.0	6838204	2788	32.8
1642626303.19	11700	5.975877	0.0	2448718	2712	-9.400000000000002
1642626306.1	11700	5.237556	0.0	2478629	2734	11.7
1642626309.05	11700	4.288363	0.0	2529063	2769	11.7
1642626312.06	11700	3.273915	0.0	2621613	2835	11.7
1642626314.46	8200	2.87294	0.0	1754228	2227	4.699999999999999
1642626316.0	8200	3.332139	0.0	1871666	1308	8.2
1642626317.47	8200	3.864282	0.0	1799999	418	8.2
1642626318.17	11700	5.166804	0.0	2522793	512	8.2
1642626318.72	11700	6.621636	0.0	2591593	363	11.7
1642626320.12	11700	7.216711	0.0	2642305	1217	11.7
1642626325.57	32800	3.771097	0.0	7481760	5239	11.699999999999996
1642626329.61	11700	2.360259	0.634	2765120	3351	-174.24
1642626331.17	11700	2.79483	0.0	2628469	1388	11.7
1642626331.74	11700	4.225954	0.0	2728942	380	11.7
1642626331.85	11700	6.117696	0.0	2718244	5	11.7
1642626331.95	11700	8.016097	0.0	2695178	5	11.7
1642626333.74	32800	8.222743	0.0	7790808	1562	11.699999999999996
1642626334.11	11700	9.856409	0.0	2573837	185	-9.400000000000002
1642626336.24	152400	9.722911	0.0	36845834	1779	11.700000000000017
1642626339.71	152400	8.255655	0.0	38920703	3116	152.4
1642626370.2	152400	2.316658	14.925	33588969	30174	-3728.1
1642626371.56	11700	3.523076	0.0	2864046	1097	-129.0
1642626372.72	11700	5.154858	0.0	2785470	975	11.7
1642626373.39	8200	6.909916	0.0	1880988	489	4.699999999999999
1642626373.49	11700	8.909916	0.0	2884569	9	8.2
1642626373.95	4900	10.796163	0.0	1131878	261	-1.8999999999999995
1642626374.35	4900	12.606524	0.0	1076547	250	4.9
