1642449308.99	8200	1.999999	0.352	546328	250	-91.52
1642449309.28	260000	3.722757	0.0	1757078	99	8.199999999999989
1642449309.47	260000	5.532402	0.0	1560847	20	260.0
1642449309.67	260000	7.333037	0.0	1542805	26	260.0
1642449310.19	32800	8.812234	0.0	12166782	246	-194.39999999999998
1642449310.44	11700	10.56008	0.0	4536725	57	-9.400000000000002
1642449311.0	32800	12.003849	0.0	15560661	305	11.699999999999996
1642449311.53	32800	13.474032	0.0	15851372	295	32.8
1642449312.09	32800	14.910957	0.0	14688721	342	32.8
1642449313.8	152400	15.207255	0.0	51846012	1209	32.80000000000001
1642449317.41	260000	13.918382	0.0	82198417	2851	152.4
1642449320.83	260000	13.655619	0.0	79299299	2758	260.0
1642449331.24	260000	9.122307	0.0	75092129	9848	260.0
1642449333.24	32800	9.818456	0.0	6462926	1717	-194.39999999999998
1642449333.65	32800	11.801968	0.0	6930236	219	32.8
1642449333.98	32800	13.801968	0.0	7176786	139	32.8
1642449334.3	32800	15.712452	0.0	6963959	135	32.8
1642449334.64	32800	17.587555	0.0	7320305	143	32.8
1642449335.04	32800	19.587555	0.0	7420242	198	32.8
1642449348.61	260000	18.409955	0.0	79414941	13019	32.80000000000001
1642449351.41	152400	20.140495	0.0	36020729	2364	44.80000000000001
1642449353.29	152400	22.00145	0.0	36493721	1537	152.4
1642449355.37	152400	23.557772	0.0	37585290	1711	152.4
1642449358.2	152400	25.041043	0.0	34459282	2502	152.4
1642449359.19	32800	26.739452	0.0	7133512	788	-86.8
1642449360.47	32800	28.52888	0.0	7041401	1090	32.8
1642449362.0	32800	30.481415	0.0	7143328	1332	32.8
1642449363.05	32800	32.237502	0.0	7338535	856	32.8
1642449363.89	32800	34.078328	0.0	6896645	652	32.8
1642449364.56	32800	36.078328	0.0	6714054	470	32.8
1642449365.36	32800	37.758581	0.0	7018701	614	32.8
1642449370.26	152400	38.962653	0.0	31988631	4596	32.80000000000001
1642449373.22	152400	40.407294	0.0	34031025	2628	152.4
1642449378.59	260000	38.518337	0.0	64074874	4826	152.4
1642449391.79	260000	31.527525	0.0	65041967	12603	260.0
1642449398.35	260000	32.648475	0.0	65860507	5983	260.0
1642449401.7	260000	34.131875	0.0	60900183	2786	260.0
1642449405.86	260000	34.414401	0.0	65223805	3716	260.0
1642449410.08	260000	35.034723	0.0	61492275	3752	260.0
1642449414.36	260000	35.642521	0.0	57534179	3835	260.0
1642449434.84	260000	25.548892	0.0	64191273	19845	260.0
1642449440.31	152400	22.212612	0.0	32767078	5038	44.80000000000001
1642449441.38	32800	23.709068	0.0	7481760	869	-86.8
1642449442.54	32800	25.23539	0.0	7871221	917	32.8
1642449443.75	32800	26.906784	0.0	7236548	983	32.8
1642449444.74	32800	28.561884	0.0	7418057	791	32.8
1642449447.58	152400	29.532046	0.0	35220717	2510	32.80000000000001
1642449449.81	152400	30.724653	0.0	32694645	1906	152.4
1642449452.28	152400	31.826452	0.0	39805936	2146	152.4
1642449454.04	152400	33.507633	0.0	33801477	1472	152.4
1642449456.83	260000	34.900602	0.0	59826276	2306	152.4
1642449459.39	260000	36.374197	0.0	58861434	2116	260.0
1642449461.86	260000	37.778109	0.0	53320981	2018	260.0
1642449465.36	260000	38.956615	0.0	62494429	2869	260.0
1642449469.63	260000	40.171419	0.0	53458888	3863	260.0
1642449473.98	260000	41.218794	0.0	53798130	3875	260.0
1642449480.76	260000	41.903997	0.0	61358299	6280	260.0
1642449485.35	260000	43.013605	0.0	50406269	4106	260.0
1642449488.09	260000	44.226752	0.0	43226513	2338	260.0
