1642403848.64	8200	1.999999	0.263	546328	166	-68.38
1642403848.94	260000	3.702507	0.0	1757078	124	8.199999999999989
1642403849.17	260000	5.471575	0.0	1560847	63	260.0
1642403849.42	260000	7.232065	0.0	1542805	63	260.0
1642403850.15	32800	8.490689	0.0	12166782	472	-194.39999999999998
1642403851.02	32800	9.621909	0.0	15664097	636	32.8
1642403851.88	32800	10.767473	0.0	15560661	620	32.8
1642403852.71	32800	11.931309	0.0	15851372	606	32.8
1642403856.56	152400	10.084189	0.0	70827999	2968	32.80000000000001
1642403859.19	152400	10.213132	0.0	51846012	2231	152.4
1642403862.01	152400	10.707354	0.0	57184643	2376	152.4
1642403864.66	152400	11.248509	0.0	48821461	2207	152.4
1642403868.36	260000	11.183759	0.0	75092129	3100	152.4
1642403872.45	260000	11.644223	0.0	78844622	3401	260.0
1642403876.28	260000	12.870274	0.0	77654479	3198	260.0
1642403879.66	260000	14.120807	0.0	75220977	2817	260.0
1642403883.49	260000	15.315208	0.0	79740890	3284	260.0
1642403887.7	260000	16.328505	0.0	78574581	3581	260.0
1642403895.17	260000	16.508197	0.0	78901633	6986	260.0
1642403903.8	260000	16.307732	0.0	79414941	7911	260.0
1642403905.81	152400	17.771233	0.0	36020729	1672	44.80000000000001
1642403908.89	152400	19.191618	0.0	36493721	2755	152.4
1642403910.8	152400	20.815356	0.0	37585290	1553	152.4
1642403911.48	152400	22.764938	0.0	34459282	365	152.4
1642403912.39	152400	24.578002	0.0	37576374	517	152.4
1642403913.66	260000	26.274741	0.0	74070687	733	152.4
1642403914.97	260000	27.982268	0.0	73938718	824	260.0
1642403916.44	260000	29.698533	0.0	73613985	967	260.0
1642403918.34	260000	31.49429	0.0	69503182	1303	260.0
1642403920.22	260000	33.184112	0.0	72822670	1298	260.0
1642403922.28	260000	34.655525	0.0	70991563	1461	260.0
1642403924.13	260000	36.496445	0.0	66218671	1313	260.0
1642403926.03	260000	38.131846	0.0	71469145	1395	260.0
1642403927.8	260000	39.746813	0.0	64074874	1250	260.0
1642403929.53	260000	41.222207	0.0	65041967	1267	260.0
1642403931.46	260000	43.093192	0.0	65860507	1302	260.0
1642403933.11	260000	44.766733	0.0	60900183	1173	260.0
1642403935.22	260000	46.514752	0.0	65223805	1626	260.0
1642403938.67	260000	47.871671	0.0	61492275	2983	260.0
1642403944.39	260000	48.821452	0.0	57534179	5296	260.0
1642403955.94	260000	48.659039	0.0	64191273	10996	260.0
1642403957.24	152400	50.449738	0.0	32767078	908	44.80000000000001
1642403958.42	152400	52.23304	0.0	34143965	881	152.4
1642403968.07	152400	52.361375	0.0	35599566	9287	152.4
1642403970.6	152400	53.929607	0.0	31880015	2160	152.4
1642403971.69	152400	55.733266	0.0	35467287	783	152.4
1642403972.57	152400	57.593576	0.0	35220717	541	152.4
1642403973.37	152400	59.275147	0.0	32694645	481	152.4
1642403981.53	152400	59.882155	0.0	39805936	804	152.4
1642403992.01	260000	59.796634	0.0	53712380	1488	152.4
1642403997.85	260000	59.799853	0.0	59826276	1803	260.0
1642404004.12	260000	59.880331	0.0	58861434	1800	260.0
1642404009.89	260000	59.792564	0.0	53320981	1842	260.0
1642404015.59	260000	59.817757	0.0	62494429	4236	260.0
1642404022.34	260000	59.791728	0.0	53458888	2318	260.0
