1642403048.84	8200	1.999999	0.348	546328	248	-90.48
1642403049.12	260000	3.724634	0.0	1757078	97	8.199999999999989
1642403049.31	260000	5.529856	0.0	1560847	20	260.0
1642403049.51	260000	7.342383	0.0	1542805	16	260.0
1642403050.0	32800	8.844764	0.0	12166782	227	-194.39999999999998
1642403050.6	32800	10.243575	0.0	15664097	297	32.8
1642403051.23	32800	11.615867	0.0	15560661	404	32.8
1642403053.14	260000	11.704987	0.0	85798884	918	32.80000000000001
1642403054.6	260000	12.248251	0.0	86059829	911	260.0
1642403056.02	260000	12.826915	0.0	83431241	906	260.0
1642403057.83	260000	13.271139	0.0	82198417	1140	260.0
1642403059.77	260000	13.717211	0.0	79299299	1304	260.0
1642403061.61	260000	14.507208	0.0	75092129	1301	260.0
1642403064.04	260000	15.328738	0.0	78844622	1710	260.0
1642403066.27	260000	16.217567	0.0	77654479	1591	260.0
1642403068.79	260000	17.733275	0.0	75220977	1907	260.0
1642403071.36	260000	19.175785	0.0	79740890	2026	260.0
1642403081.31	260000	19.627085	0.0	78574581	9417	260.0
1642403092.5	260000	19.929033	0.0	78901633	10574	260.0
1642403098.11	152400	21.011975	0.0	35738670	5267	44.80000000000001
1642403100.06	32800	22.540093	0.0	7960895	1665	-86.8
1642403101.63	32800	24.436021	0.0	6396912	1364	32.8
1642403104.26	32800	26.062985	0.0	7253832	2428	32.8
1642403108.01	32800	27.250814	0.0	7034316	3567	32.8
1642403110.93	32800	28.805362	0.0	7133512	2722	32.8
1642403112.6	32800	30.438433	0.0	7041401	1467	32.8
1642403116.94	32800	31.562159	0.0	7143328	4145	32.8
1642403119.78	32800	33.054593	0.0	7338535	2634	32.8
1642403121.01	32800	34.777538	0.0	6896645	1037	32.8
1642403122.24	32800	36.502371	0.0	6714054	1030	32.8
1642403123.6	32800	38.234404	0.0	7018701	1172	32.8
1642403125.11	32800	39.910483	0.0	6838204	1311	32.8
1642403126.6	32800	41.673673	0.0	6922846	1300	32.8
1642403131.35	152400	42.684895	0.0	30869167	4457	32.80000000000001
1642403135.06	152400	43.813832	0.0	31753337	3418	152.4
1642403138.02	152400	45.327938	0.0	34013525	2663	152.4
1642403141.58	152400	46.647945	0.0	30739933	3257	152.4
1642403142.78	152400	48.497249	0.0	34919429	873	152.4
1642403143.72	152400	50.272908	0.0	34638995	516	152.4
1642403148.97	260000	51.474516	0.0	57534179	2105	152.4
1642403151.28	260000	52.954273	0.0	64191273	1726	260.0
1642403153.08	260000	54.658761	0.0	57421190	1364	260.0
1642403154.82	260000	56.215267	0.0	60358582	1276	260.0
1642403156.81	260000	57.886274	0.0	60581734	1555	260.0
1642403158.76	260000	59.442013	0.0	55686462	1539	260.0
1642403168.3	260000	59.872686	0.0	61687104	1616	260.0
1642403177.36	260000	59.948952	0.0	56994559	1568	260.0
1642403189.48	260000	59.89267	0.0	55162012	1618	260.0
1642403201.8	260000	59.900131	0.0	63612323	1608	260.0
1642403207.38	260000	59.980039	0.0	53712380	1432	260.0
1642403209.85	260000	59.668861	0.0	59826276	911	260.0
1642403211.88	260000	59.897316	0.0	58861434	1110	260.0
1642403213.63	260000	59.93823	0.0	53320981	1296	260.0
1642403215.9	260000	59.875196	0.0	62494429	1811	260.0
1642403218.21	260000	59.565183	0.0	53458888	1844	260.0
1642403220.45	260000	59.566081	0.0	53798130	1844	260.0
1642403222.9	260000	59.552335	0.0	61358299	2030	260.0
1642403224.92	260000	59.926707	0.0	50406269	1665	260.0
1642403227.14	260000	59.787175	0.0	43226513	1362	260.0
