1642390158.48	8200	1.999999	0.359	546328	254	-93.34
1642390158.93	260000	3.553062	0.0	1757078	245	8.199999999999989
1642390159.33	260000	5.157767	0.0	1560847	217	260.0
1642390159.72	260000	6.761288	0.0	1542805	215	260.0
1642390162.05	32800	6.434048	0.0	12166782	2040	-194.39999999999998
1642390163.05	11700	7.432945	0.0	4536725	792	-9.400000000000002
1642390165.65	32800	6.838578	0.0	15560661	2325	11.699999999999996
1642390168.23	32800	6.914668	0.0	15851372	2332	32.8
1642390168.9	8200	8.358853	0.0	3391749	474	-16.400000000000002
1642390170.71	32800	8.651489	0.0	12381646	1577	8.199999999999996
1642390172.06	32800	9.619921	0.0	10179458	1124	32.8
1642390173.19	32800	11.184173	0.0	7987681	931	32.8
1642390173.59	8200	12.924715	0.0	1563332	218	-16.400000000000002
1642390174.58	32800	14.262401	0.0	6462926	785	8.199999999999996
1642390179.44	152400	13.446161	0.0	42807747	4310	32.80000000000001
1642390183.59	152400	12.375106	0.0	40301174	3776	152.4
1642390187.61	152400	11.825077	0.0	39676104	3613	152.4
1642390191.26	152400	10.694387	0.0	40793176	3281	152.4
1642390194.25	152400	9.888948	0.0	37608977	2634	152.4
1642390196.88	152400	10.943212	0.0	35738670	2289	152.4
1642390199.77	152400	12.220569	0.0	36020729	2552	152.4
1642390203.05	152400	13.220622	0.0	36493721	2933	152.4
1642390205.9	152400	14.189457	0.0	37585290	2491	152.4
1642390208.32	152400	15.374272	0.0	34459282	2071	152.4
1642390211.47	152400	16.213338	0.0	37576374	2785	152.4
1642390214.22	152400	17.336917	0.0	34095545	2404	152.4
1642390220.27	260000	17.502073	0.0	73938718	5135	152.4
1642390226.2	260000	17.416659	0.0	73613985	5222	260.0
1642390233.91	260000	16.772874	0.0	69503182	7018	260.0
1642390241.05	260000	16.110371	0.0	72822670	6577	260.0
1642390247.4	260000	16.19656	0.0	70991563	5627	260.0
1642390253.91	260000	15.818232	0.0	66218671	5913	260.0
1642390258.82	260000	15.791404	0.0	71469145	4234	260.0
1642390260.34	260000	17.330321	0.0	64074874	885	260.0
1642390262.35	260000	18.42047	0.0	65041967	1359	260.0
1642390264.83	260000	19.755533	0.0	65860507	1954	260.0
1642390267.3	260000	21.365355	0.0	60900183	1870	260.0
1642390269.96	260000	22.847654	0.0	65223805	1994	260.0
1642390272.28	260000	24.573962	0.0	61492275	1799	260.0
1642390274.41	260000	26.133049	0.0	57534179	1661	260.0
1642390276.83	260000	27.617762	0.0	64191273	1784	260.0
1642390278.91	260000	29.20148	0.0	57421190	1460	260.0
1642390284.58	260000	29.804885	0.0	60358582	5181	260.0
1642390287.16	260000	31.441586	0.0	60581734	1940	260.0
1642390288.85	260000	33.187391	0.0	55686462	1151	260.0
1642390290.43	260000	34.805472	0.0	61687104	1131	260.0
1642390291.84	260000	36.446503	0.0	56994559	921	260.0
1642390293.27	260000	38.175899	0.0	55162012	869	260.0
1642390295.09	260000	39.822165	0.0	63612323	1287	260.0
1642390296.43	260000	41.528106	0.0	53712380	877	260.0
1642390297.75	260000	43.183773	0.0	59826276	807	260.0
1642390298.97	260000	45.0416	0.0	58861434	762	260.0
1642390300.13	260000	46.762208	0.0	53320981	686	260.0
1642390301.88	260000	48.516771	0.0	62494429	1114	260.0
1642390302.87	260000	50.2923	0.0	53458888	553	260.0
1642390303.94	260000	52.144366	0.0	53798130	591	260.0
1642390305.18	260000	53.976021	0.0	61358299	686	260.0
1642390306.3	260000	55.753477	0.0	50406269	703	260.0
1642390307.3	260000	57.456087	0.0	43226513	612	260.0
1642390308.13	260000	59.323138	0.0	35938085	492	260.0
1642390308.27	260000	59.356472	0.0	631698	7	260.0

1642390308.38	11700	59.356472	0.359	139786	1	-93.34
1642390308.44	260000	59.316742	0.0	631698	2	11.699999999999989
1642390309.18	8200	1.999999	0.106	2049018	346	-271.16
1642390309.3	260000	3.920867	0.0	1757078	3	8.199999999999989
1642390309.39	260000	5.823533	0.0	1560847	8	260.0
1642390309.49	260000	7.724638	0.0	1542805	4	260.0
1642390312.86	260000	6.359557	0.0	83554460	2073	260.0
1642390314.42	152400	6.79345	0.0	56494032	1102	44.80000000000001
1642390317.1	260000	6.121452	0.0	84756689	2032	152.4
1642390319.7	260000	7.457451	0.0	85798884	1946	260.0
1642390322.15	260000	9.167609	0.0	86059829	1866	260.0
1642390325.05	260000	10.621753	0.0	83431241	2101	260.0
1642390327.69	260000	12.096276	0.0	82198417	1973	260.0
1642390330.15	260000	13.659099	0.0	79299299	1869	260.0
1642390332.44	260000	15.078959	0.0	75092129	1696	260.0
1642390334.82	260000	16.500862	0.0	78844622	1695	260.0
1642390337.0	260000	17.601617	0.0	77654479	1483	260.0
