1642404630.84	8200	1.999999	0.36	546328	254	-93.6
1642404631.27	260000	3.574392	0.0	1757078	245	8.199999999999989
1642404631.59	260000	5.249715	0.0	1560847	138	260.0
1642404631.9	260000	6.942169	0.0	1542805	134	260.0
1642404633.23	32800	7.612195	0.0	12166782	1064	-194.39999999999998
1642404633.78	11700	9.060479	0.0	4536725	358	-9.400000000000002
1642404635.17	32800	9.674966	0.0	15560661	1137	11.699999999999996
1642404636.42	32800	10.418114	0.0	15851372	1020	32.8
1642404637.79	32800	11.051128	0.0	14688721	1142	32.8
1642404639.04	32800	11.898219	0.0	12381646	1020	32.8
1642404641.52	32800	11.895154	0.0	10179458	2283	32.8
1642404642.28	32800	13.380454	0.0	7987681	559	32.8
1642404643.01	32800	14.760497	0.0	6249975	542	32.8
1642404643.71	32800	16.117454	0.0	6462926	506	32.8
1642404644.39	32800	17.708325	0.0	6930236	484	32.8
1642404645.67	32800	18.862745	0.0	7176786	1086	32.8
1642404649.91	152400	18.582666	0.0	39676104	3617	32.80000000000001
1642404653.48	152400	18.64023	0.0	40793176	3215	152.4
1642404659.13	152400	16.551498	0.0	37608977	5316	152.4
1642404660.09	32800	17.868055	0.0	7455282	682	-86.8
1642404660.42	32800	19.683527	0.0	7960895	120	32.8
1642404661.39	152400	20.798518	0.0	36493721	644	32.80000000000001
1642404662.27	152400	21.991707	0.0	37585290	530	152.4
1642404663.23	152400	23.056368	0.0	34459282	661	152.4
1642404665.45	260000	22.957704	0.0	75910911	1489	152.4
1642404667.38	260000	23.468156	0.0	74070687	1473	260.0
1642404669.8	260000	23.223517	0.0	73938718	1791	260.0
1642404671.83	260000	23.845389	0.0	73613985	1396	260.0
1642404675.42	260000	24.580074	0.0	69503182	3131	260.0
1642404681.46	260000	24.726018	0.0	72822670	5536	260.0
1642404687.26	260000	25.126793	0.0	70991563	5272	260.0
1642404691.81	260000	24.97993	0.0	66218671	3953	260.0
1642404696.38	260000	23.776477	0.0	71469145	3921	260.0
1642404700.67	260000	24.346972	0.0	64074874	3782	260.0
1642404702.96	260000	25.627734	0.0	65041967	1650	260.0
1642404728.7	260000	21.281932	0.0	65860507	25177	260.0
1642404730.27	32800	23.093638	0.0	7011028	1289	-194.39999999999998
1642404731.7	32800	24.807721	0.0	7307337	1223	32.8
1642404733.22	32800	26.511715	0.0	7344127	1319	32.8
1642404734.64	32800	28.224837	0.0	7064203	1217	32.8
1642404735.98	32800	30.04564	0.0	7516082	1152	32.8
1642404737.49	32800	31.753097	0.0	7278398	1271	32.8
1642404743.38	152400	32.490582	0.0	34143965	5535	32.80000000000001
1642404744.71	152400	34.193833	0.0	35599566	1005	152.4
1642404745.38	152400	36.193833	0.0	31880015	380	152.4
1642404746.1	152400	38.193833	0.0	35467287	389	152.4
1642404747.54	152400	39.884132	0.0	35220717	1100	152.4
1642404748.79	260000	41.620324	0.0	55162012	880	152.4
1642404750.42	260000	43.214667	0.0	63612323	1155	260.0
1642404752.69	260000	44.780155	0.0	53712380	1780	260.0
1642404754.47	260000	46.501916	0.0	59826276	1289	260.0
1642404756.39	260000	48.170715	0.0	58861434	1465	260.0
1642404758.35	260000	49.895484	0.0	53320981	1452	260.0
1642404760.6	260000	51.329115	0.0	62494429	1778	260.0
1642404762.54	260000	52.929184	0.0	53458888	1522	260.0
1642404764.47	260000	54.417356	0.0	53798130	1516	260.0
1642404766.71	260000	56.066518	0.0	61358299	1692	260.0
1642404768.7	260000	57.681961	0.0	50406269	1517	260.0
1642404770.4	260000	59.329114	0.0	43226513	1356	260.0
1642404777.73	260000	59.805537	0.0	35938085	1023	260.0
1642404778.27	260000	59.838871	0.0	631698	336	260.0

1642404778.39	11700	59.838871	0.36	139786	2	-93.6
1642404778.45	260000	59.838871	0.0	631698	1	11.699999999999989
1642404779.19	8200	1.999999	0.1	2049018	342	-269.6
1642404779.37	11700	3.841239	0.0	1102047	12	8.2
1642404779.56	11700	5.656878	0.0	1111083	11	11.7
1642404779.75	11700	7.467182	0.0	1066380	12	11.7
1642404780.04	11700	9.177219	0.0	3938957	92	11.7
1642404780.26	8200	10.954655	0.0	3361033	31	4.699999999999999
1642404782.75	260000	10.467876	0.0	84756689	1387	8.199999999999989
1642404784.88	260000	10.339008	0.0	85798884	1546	260.0
1642404786.86	260000	10.354741	0.0	86059829	1298	260.0
1642404788.85	260000	10.398414	0.0	83431241	1329	260.0
1642404790.63	260000	10.697683	0.0	82198417	1221	260.0
1642404792.54	260000	11.704538	0.0	79299299	1201	260.0
1642404795.33	260000	13.477403	0.0	75092129	2176	260.0
1642404799.92	260000	14.519525	0.0	78844622	4030	260.0
1642404803.46	260000	16.047112	0.0	77654479	3035	260.0
