1642451429.66	8200	1.999999	0.355	546328	250	-92.3
1642451430.02	260000	3.64486	0.0	1757078	170	8.199999999999989
1642451430.27	260000	5.395009	0.0	1560847	78	260.0
1642451430.58	260000	7.086988	0.0	1542805	134	260.0
1642451431.79	32800	7.873969	0.0	12166782	942	-194.39999999999998
1642451433.03	32800	8.631871	0.0	15664097	997	32.8
1642451434.19	32800	9.470679	0.0	15560661	921	32.8
1642451437.61	32800	8.059366	0.0	15851372	3172	32.8
1642451438.19	8200	9.678418	0.0	3391749	394	-16.400000000000002
1642451439.75	32800	10.445208	0.0	12381646	1338	8.199999999999996
1642451440.55	32800	11.938194	0.0	10179458	596	32.8
1642451441.13	32800	13.566121	0.0	7987681	371	32.8
1642451441.6	32800	15.313693	0.0	6249975	278	32.8
1642451444.22	152400	15.642068	0.0	45810515	2032	32.80000000000001
1642451447.13	152400	15.904452	0.0	42807747	2560	152.4
1642451449.41	152400	16.649808	0.0	40301174	1912	152.4
1642451451.34	152400	17.236959	0.0	39676104	1586	152.4
1642451453.34	152400	17.666801	0.0	40793176	1634	152.4
1642451458.0	260000	16.850393	0.0	78901633	3872	152.4
1642451462.43	260000	15.277067	0.0	79414941	3733	260.0
1642451467.19	260000	15.100476	0.0	73704781	4257	260.0
1642451471.52	260000	15.950601	0.0	80783826	3754	260.0
1642451473.37	260000	17.38595	0.0	77638812	1336	260.0
1642451475.21	260000	18.881995	0.0	74749470	1222	260.0
1642451478.43	260000	19.943539	0.0	75910911	2724	260.0
1642451480.82	260000	21.230149	0.0	74070687	1899	260.0
1642451485.28	260000	21.75883	0.0	73938718	3947	260.0
1642451489.01	260000	22.689954	0.0	73613985	3287	260.0
1642451492.71	260000	23.722641	0.0	69503182	3142	260.0
1642451496.79	260000	24.464392	0.0	72822670	3426	260.0
1642451500.03	260000	25.613903	0.0	70991563	2689	260.0
1642451503.02	260000	27.146846	0.0	66218671	2492	260.0
1642451506.72	260000	28.372025	0.0	71469145	3087	260.0
1642451509.88	260000	29.747648	0.0	64074874	2739	260.0
1642451513.21	260000	31.138032	0.0	65041967	2839	260.0
1642451516.1	260000	32.69721	0.0	65860507	2375	260.0
1642451519.03	260000	34.174643	0.0	60900183	2481	260.0
1642451522.15	260000	35.576583	0.0	65223805	2651	260.0
1642451525.37	260000	37.085639	0.0	61492275	2745	260.0
1642451528.26	260000	38.413086	0.0	57534179	2304	260.0
1642451532.76	260000	39.77575	0.0	64191273	4023	260.0
1642451536.22	260000	41.147308	0.0	57421190	3019	260.0
1642451539.5	260000	42.527505	0.0	60358582	2827	260.0
1642451542.8	260000	44.020107	0.0	60581734	2827	260.0
1642451546.22	260000	45.297835	0.0	55686462	2998	260.0
1642451550.27	260000	46.498296	0.0	61687104	3655	260.0
1642451554.18	260000	47.863754	0.0	56994559	3519	260.0
1642451556.84	260000	49.350796	0.0	55162012	2232	260.0
1642451557.83	260000	51.215653	0.0	63612323	549	260.0
1642451558.8	260000	52.932676	0.0	53712380	556	260.0
1642451559.77	260000	54.764163	0.0	59826276	521	260.0
1642451561.22	260000	56.502001	0.0	58861434	994	260.0
1642451562.45	260000	58.274463	0.0	53320981	832	260.0
1642451564.23	260000	59.996891	0.0	62494429	1216	260.0
1642451576.21	260000	59.977636	0.0	53458888	1036	260.0
1642451586.15	260000	59.887759	0.0	53798130	1451	260.0
1642451595.16	260000	59.925987	0.0	61358299	1484	260.0
1642451606.68	260000	59.992299	0.0	50406269	1436	260.0
