1642451617.02	8200	1.999999	0.354	546328	251	-92.04
1642451617.41	260000	3.614353	0.0	1757078	200	8.199999999999989
1642451617.75	260000	5.274433	0.0	1560847	155	260.0
1642451618.14	260000	6.881007	0.0	1542805	215	260.0
1642451619.64	32800	7.384918	0.0	12166782	1225	-194.39999999999998
1642451621.21	32800	7.814465	0.0	15664097	1322	32.8
1642451622.57	32800	8.454105	0.0	15560661	1124	32.8
1642451623.81	32800	9.209559	0.0	15851372	1009	32.8
1642451625.18	32800	9.949255	0.0	14688721	1143	32.8
1642451626.42	32800	11.387996	0.0	12381646	1032	32.8
1642451628.84	32800	11.585793	0.0	10179458	2205	32.8
1642451629.61	32800	13.105501	0.0	7987681	559	32.8
1642451630.35	32800	14.739683	0.0	6249975	546	32.8
1642451631.04	32800	16.414026	0.0	6462926	498	32.8
1642451631.73	32800	17.930173	0.0	6930236	484	32.8
1642451632.44	32800	19.594011	0.0	7176786	504	32.8
1642451633.09	32800	21.152036	0.0	6963959	455	32.8
1642451633.76	32800	22.671913	0.0	7320305	466	32.8
1642451634.61	32800	24.070632	0.0	7420242	648	32.8
1642451635.39	32800	25.692316	0.0	7455282	580	32.8
1642451646.19	260000	21.288541	0.0	73704781	9627	32.80000000000001
1642451647.84	152400	22.143151	0.0	36493721	1214	44.80000000000001
1642451648.63	152400	23.48292	0.0	37585290	460	152.4
1642451649.39	152400	24.811113	0.0	34459282	438	152.4
1642451650.24	152400	26.018717	0.0	37576374	462	152.4
1642451651.71	260000	26.574855	0.0	74070687	840	152.4
1642451653.24	260000	27.167356	0.0	73938718	991	260.0
1642451655.12	260000	27.283924	0.0	73613985	1315	260.0
1642451657.38	260000	27.030959	0.0	69503182	1802	260.0
1642451659.34	260000	27.062441	0.0	72822670	1272	260.0
1642451663.36	260000	25.752612	0.0	70991563	3348	260.0
1642451669.17	260000	23.813612	0.0	66218671	5277	260.0
1642451675.34	260000	24.638992	0.0	71469145	5632	260.0
1642451679.58	260000	25.549608	0.0	64074874	3823	260.0
1642451681.65	152400	26.75601	0.0	31753337	1710	44.80000000000001
1642451683.89	152400	27.814693	0.0	34013525	1908	152.4
1642451686.95	152400	28.713062	0.0	30739933	2672	152.4
1642451687.62	152400	30.461797	0.0	34919429	334	152.4
1642451689.16	260000	31.808853	0.0	61492275	1119	152.4
1642451696.64	260000	31.383745	0.0	57534179	6968	260.0
1642451717.72	260000	28.694789	0.0	64191273	16902	260.0
1642451723.55	152400	29.611722	0.0	32767078	5487	44.80000000000001
1642451729.71	152400	30.49829	0.0	34143965	5812	152.4
1642451731.88	152400	32.141013	0.0	35599566	1846	152.4
1642451732.21	32800	34.008311	0.0	7236548	108	-86.8
1642451732.52	32800	36.008311	0.0	7418057	110	32.8
1642451732.84	32800	37.970601	0.0	7580084	128	32.8
1642451734.05	260000	39.709794	0.0	55162012	721	32.80000000000001
1642451735.31	260000	41.422066	0.0	63612323	773	260.0
1642451736.42	260000	43.200025	0.0	53712380	701	260.0
1642451738.07	260000	44.701784	0.0	59826276	1101	260.0
1642451740.28	260000	46.503078	0.0	58861434	1784	260.0
1642451741.83	260000	48.071459	0.0	53320981	1110	260.0
1642451743.59	260000	49.715091	0.0	62494429	1267	260.0
1642451745.07	260000	51.317196	0.0	53458888	1041	260.0
1642451746.76	260000	53.042868	0.0	53798130	1265	260.0
1642451748.68	260000	54.604345	0.0	61358299	1372	260.0
1642451750.27	260000	56.249552	0.0	50406269	1216	260.0
1642451751.65	260000	57.823613	0.0	43226513	1022	260.0
1642451752.8	260000	59.566189	0.0	35938085	864	260.0
1642451752.94	260000	59.480256	0.0	631698	9	260.0

1642451753.34	8200	1.999999	0.112	385365	3	-29.12
1642451753.45	260000	3.92665	0.0	1757078	6	8.199999999999989
1642451753.53	260000	5.83936	0.0	1560847	3	260.0
1642451753.63	260000	7.747311	0.0	1542805	4	260.0
1642451756.66	260000	6.713406	0.0	83554460	2005	260.0
1642451759.26	260000	6.112329	0.0	88770741	2046	260.0
1642451761.98	260000	5.768222	0.0	84756689	2117	260.0
1642451764.35	152400	7.452425	0.0	72320713	1877	44.80000000000001
1642451766.73	152400	9.138316	0.0	70827999	1894	152.4
1642451768.56	152400	10.735979	0.0	51846012	1359	152.4
1642451770.39	152400	12.591855	0.0	57184643	1359	152.4
1642451771.91	152400	14.336535	0.0	48821461	1045	152.4
1642451773.92	260000	15.984929	0.0	75092129	1502	152.4
1642451776.25	260000	17.587484	0.0	78844622	1672	260.0
1642451778.89	260000	19.209962	0.0	77654479	1909	260.0
1642451781.33	260000	20.725182	0.0	75220977	1963	260.0
1642451784.63	260000	22.222519	0.0	79740890	2808	260.0
1642451789.01	260000	23.582383	0.0	78574581	3843	260.0
1642451793.81	260000	24.759369	0.0	78901633	4158	260.0
