1642390734.15	8200	1.999999	0.52	546328	414	-135.2
1642390736.34	11700	2.276558	0.459	1102047	1994	-111.14
1642390738.3	11700	2.485667	0.17	1111083	1782	-32.5
1642390738.92	4900	3.869746	0.0	607418	423	-1.8999999999999995
1642390740.95	4900	3.829376	0.0	2009327	1841	4.9
1642390741.76	4900	5.023914	0.0	2133335	433	4.9
1642390742.24	4900	6.543642	0.0	2134063	299	4.9
1642390744.22	8200	6.569734	0.0	3861716	1768	4.8999999999999995
1642390746.78	8200	6.003194	0.0	3391749	2376	8.2
1642390750.04	11700	4.744124	0.0	4371099	3062	8.2
1642390753.59	11700	3.194404	0.0	3375218	3363	11.7
1642390754.88	11700	3.902449	0.0	2615238	976	11.7
1642390755.38	11700	5.40453	0.0	2255191	315	11.7
1642390756.68	11700	6.102452	0.0	2392223	1118	11.7
1642390756.93	8200	7.854601	0.0	1775648	60	4.699999999999999
1642390757.4	32800	9.387463	0.0	7176786	252	8.199999999999996
1642390757.65	8200	11.132192	0.0	1883924	64	-16.400000000000002
1642390758.12	32800	12.666682	0.0	7320305	245	8.199999999999996
1642390758.58	32800	14.204917	0.0	7420242	260	32.8
1642390767.67	260000	7.471754	0.0	79414941	8167	32.80000000000001
1642390815.31	260000	2.231201	32.906	73704781	46934	-8295.56
1642390826.2	32800	2.389008	2.686	6396912	10604	-892.76
1642390829.41	11700	2.363454	1.079	2430789	2938	-289.94000000000005
1642390833.28	11700	2.428458	1.954	2399571	3694	-496.34000000000003
1642390835.73	8200	2.37888	0.395	1790499	2255	-98.0
1642390836.63	4900	3.475983	0.0	1019357	713	1.6000000000000005
1642390839.9	8200	2.274475	0.071	1757517	2234	-13.560000000000002
1642390841.31	8200	2.929335	0.0	1761101	1232	8.2
1642390843.71	8200	2.531459	0.0	1733219	2215	8.2
1642390845.07	8200	3.166822	0.0	1691448	1183	8.2
1642390846.46	8200	3.781553	0.0	1734337	1214	8.2
1642390850.33	11700	2.398244	0.501	2399895	3682	-122.05999999999999
1642390851.71	8200	3.019606	0.0	1759635	1183	4.699999999999999
1642390852.51	8200	4.219531	0.0	1750652	612	8.2
1642390853.19	11700	5.543055	0.0	2529063	442	8.2
1642390853.9	11700	6.828973	0.0	2621613	518	11.7
1642390854.67	11700	8.060867	0.0	2518225	586	11.7
1642390856.59	32800	8.141316	0.0	7307337	1705	11.699999999999996
1642390858.07	32800	8.656608	0.0	7344127	1285	32.8
1642390858.71	11700	10.017645	0.0	2522793	441	-9.400000000000002
1642390859.35	11700	11.381745	0.0	2591593	452	11.7
1642390860.83	32800	11.901841	0.0	7278398	1280	11.699999999999996
1642390862.34	32800	12.388986	0.0	7481760	1308	32.8
1642390863.02	11700	13.713654	0.0	2765120	484	-9.400000000000002
1642390864.36	32800	14.492381	0.0	7236548	1098	11.699999999999996
1642390865.8	32800	15.139889	0.0	7418057	1242	32.8
1642390867.07	32800	16.059215	0.0	7580084	1062	32.8
1642390867.51	8200	17.603304	0.0	1854838	257	-16.400000000000002
1642390869.12	32800	17.992318	0.0	7790808	1362	8.199999999999996
1642390870.59	32800	18.530937	0.0	7160738	1253	32.8
1642390872.12	32800	19.047076	0.0	7565820	1324	32.8
1642390873.74	32800	19.50435	0.0	8064139	1410	32.8
1642390875.22	32800	20.026642	0.0	7308924	1279	32.8
1642390876.81	32800	20.434466	0.0	7936123	1389	32.8
1642390878.24	32800	21.127464	0.0	7845705	1234	32.8
1642390879.72	32800	21.645725	0.0	7682661	1284	32.8
1642390881.45	32800	22.053761	0.0	8703604	1522	32.8
1642390907.73	152400	2.469572	2.272	37213320	25858	-557.9200000000001
1642390908.81	11700	3.878117	0.0	2998361	830	-129.0
1642390910.39	32800	5.352079	0.0	9057843	1409	11.699999999999996
1642390910.64	152400	5.313353	0.0	629903	109	32.80000000000001

1642390911.11	8200	1.999999	0.149	385365	53	-38.74
1642390911.54	260000	3.590323	0.0	1757078	246	8.199999999999989
1642390911.94	260000	5.195952	0.0	1560847	218	260.0
1642390912.33	260000	6.804936	0.0	1542805	215	260.0
