1642464134.77	8200	1.999999	0.517	546328	415	-134.42
1642464135.42	11700	3.359762	0.0	1102047	453	8.2
1642464135.79	11700	4.99165	0.0	1111083	195	11.7
1642464136.14	11700	6.637626	0.0	1066380	181	11.7
1642464136.88	11700	7.896218	0.0	3938957	540	11.7
1642464137.62	11700	9.155376	0.0	4536725	470	11.7
1642464139.47	32800	9.312577	0.0	15560661	1567	11.699999999999996
1642464140.04	11700	10.740928	0.0	4892753	379	-9.400000000000002
1642464141.03	32800	11.74481	0.0	14688721	770	11.699999999999996
1642464141.96	32800	12.816471	0.0	12381646	704	32.8
1642464145.34	152400	11.602191	0.0	57184643	2733	32.80000000000001
1642464147.26	152400	11.841161	0.0	48821461	1524	152.4
1642464149.16	152400	12.780231	0.0	44466772	1419	152.4
1642464152.43	260000	11.835596	0.0	78844622	2625	152.4
1642464155.18	260000	12.295122	0.0	77654479	2295	260.0
1642464157.82	260000	12.585874	0.0	75220977	2155	260.0
1642464160.8	260000	13.639654	0.0	79740890	2509	260.0
1642464164.02	260000	14.811343	0.0	78574581	2666	260.0
1642464167.23	260000	15.920912	0.0	78901633	2561	260.0
1642464170.85	260000	16.893657	0.0	79414941	2940	260.0
1642464173.9	260000	17.805227	0.0	73704781	2552	260.0
1642464177.89	260000	18.503169	0.0	80783826	3459	260.0
1642464184.82	260000	19.306836	0.0	77638812	6450	260.0
1642464197.28	260000	18.923229	0.0	74749470	11705	260.0
1642464198.88	260000	20.515035	0.0	75910911	1100	260.0
1642464200.75	260000	22.230223	0.0	74070687	1307	260.0
1642464202.66	260000	23.802312	0.0	73938718	1269	260.0
1642464204.39	260000	25.441843	0.0	73613985	1200	260.0
1642464205.93	260000	27.102634	0.0	69503182	1113	260.0
1642464207.94	260000	28.670332	0.0	72822670	1485	260.0
1642464209.78	260000	30.37048	0.0	70991563	1401	260.0
1642464211.65	260000	31.854801	0.0	66218671	1445	260.0
1642464213.75	260000	33.53454	0.0	71469145	1611	260.0
1642464215.64	260000	35.233246	0.0	64074874	1380	260.0
1642464217.52	260000	36.922332	0.0	65041967	1370	260.0
1642464219.68	260000	38.619448	0.0	65860507	1619	260.0
1642464221.52	260000	40.261933	0.0	60900183	1438	260.0
1642464223.78	260000	41.957955	0.0	65223805	1747	260.0
1642464225.76	260000	43.602145	0.0	61492275	1578	260.0
1642464227.91	260000	45.25634	0.0	57534179	1695	260.0
1642464230.4	260000	46.803845	0.0	64191273	2030	260.0
1642464232.4	260000	48.46166	0.0	57421190	1600	260.0
1642464234.34	260000	50.015239	0.0	60358582	1458	260.0
1642464236.13	260000	51.67639	0.0	60581734	1356	260.0
1642464237.61	260000	53.463945	0.0	55686462	1105	260.0
1642464239.28	260000	55.180502	0.0	61687104	1258	260.0
1642464242.27	260000	56.655503	0.0	56994559	2582	260.0
1642464245.88	260000	58.090237	0.0	55162012	3238	260.0
1642464249.76	260000	59.420558	0.0	63612323	3311	260.0
1642464257.22	260000	59.811162	0.0	53712380	4612	260.0
1642464268.4	260000	59.842177	0.0	59826276	3092	260.0
1642464280.74	260000	59.858758	0.0	58861434	4167	260.0
1642464292.37	260000	59.866174	0.0	53320981	2121	260.0
1642464301.52	260000	59.994798	0.0	62494429	5042	260.0
1642464313.12	260000	59.970487	0.0	53458888	2477	260.0
1642464324.74	260000	59.963105	0.0	53798130	2587	260.0
1642464336.22	260000	59.901076	0.0	61358299	2907	260.0
1642464346.31	260000	59.787787	0.0	50406269	5135	260.0
1642464357.05	260000	59.886749	0.0	43226513	3797	260.0
1642464367.74	260000	59.767169	0.0	35938085	2814	260.0
1642464368.36	260000	59.800503	0.0	631698	400	260.0

1642464368.53	11700	59.800503	0.517	139786	47	-134.42
1642464369.58	8200	1.999999	0.284	2049018	685	-69.14
1642464370.17	260000	3.437508	0.0	1757078	409	8.199999999999989
1642464370.55	260000	5.061493	0.0	1560847	190	260.0
1642464370.91	260000	6.69854	0.0	1542805	180	260.0
1642464371.04	11700	8.568549	0.0	3938957	8	-236.60000000000002
1642464374.48	32800	7.132769	0.0	15664097	3132	11.699999999999996
1642464374.67	32800	8.934975	0.0	15560661	46	32.8
1642464376.12	32800	9.485039	0.0	15851372	1211	32.8
1642464376.3	32800	11.311196	0.0	14688721	35	32.8
1642464380.3	152400	9.748443	0.0	51846012	3531	32.80000000000001
1642464383.38	152400	9.983972	0.0	57184643	2670	152.4
1642464386.56	260000	10.216953	0.0	79299299	2537	152.4
1642464389.75	260000	10.778406	0.0	75092129	2492	260.0
1642464392.8	260000	10.966495	0.0	78844622	2342	260.0
1642464395.63	260000	11.761787	0.0	77654479	2218	260.0
1642464398.56	260000	13.080003	0.0	75220977	2356	260.0
1642464401.76	260000	14.192132	0.0	79740890	2645	260.0
1642464404.92	260000	15.471336	0.0	78574581	2595	260.0
1642464408.35	260000	16.834629	0.0	78901633	2884	260.0
1642464411.69	260000	18.059363	0.0	79414941	2679	260.0
1642464415.78	260000	19.179748	0.0	73704781	3422	260.0
1642464422.83	260000	20.027079	0.0	80783826	6494	260.0
