1642464756.23	8200	1.999999	0.351	546328	249	-91.26
1642464756.52	260000	3.720637	0.0	1757078	95	8.199999999999989
1642464756.72	260000	5.524041	0.0	1560847	18	260.0
1642464756.91	260000	7.329726	0.0	1542805	16	260.0
1642464757.43	32800	8.811672	0.0	12166782	244	-194.39999999999998
1642464757.67	11700	10.573122	0.0	4536725	43	-9.400000000000002
1642464760.1	260000	10.138515	0.0	84756689	1456	11.699999999999989
1642464761.82	260000	10.428017	0.0	85798884	1222	260.0
1642464763.84	260000	10.407443	0.0	86059829	1465	260.0
1642464765.84	260000	10.818879	0.0	83431241	1501	260.0
1642464768.31	260000	10.663324	0.0	82198417	1958	260.0
1642464770.82	260000	11.726816	0.0	79299299	1781	260.0
1642464773.01	260000	13.206061	0.0	75092129	1623	260.0
1642464775.41	260000	14.76509	0.0	78844622	1697	260.0
1642464777.69	260000	16.386448	0.0	77654479	1678	260.0
1642464779.79	260000	18.012501	0.0	75220977	1565	260.0
1642464782.17	260000	19.704332	0.0	79740890	1786	260.0
1642464784.31	260000	21.234155	0.0	78574581	1620	260.0
1642464788.2	260000	22.360126	0.0	78901633	3336	260.0
1642464794.06	260000	23.520465	0.0	79414941	5248	260.0
1642464795.44	260000	25.520465	0.0	73704781	872	260.0
1642464796.99	260000	27.344113	0.0	80783826	1012	260.0
1642464798.81	260000	28.936949	0.0	77638812	1329	260.0
1642464800.66	260000	30.784619	0.0	74749470	1356	260.0
1642464802.47	260000	32.564168	0.0	75910911	1286	260.0
1642464804.15	260000	34.258989	0.0	74070687	1215	260.0
1642464806.06	260000	35.866133	0.0	73938718	1460	260.0
1642464808.02	260000	37.554438	0.0	73613985	1387	260.0
1642464809.8	260000	39.287804	0.0	69503182	1288	260.0
1642464812.16	260000	40.919593	0.0	72822670	1784	260.0
1642464814.22	260000	42.54244	0.0	70991563	1614	260.0
1642464816.2	260000	44.210379	0.0	66218671	1461	260.0
1642464818.23	260000	45.711796	0.0	71469145	1547	260.0
1642464820.01	260000	47.521451	0.0	64074874	1291	260.0
1642464821.72	260000	49.192432	0.0	65041967	1276	260.0
1642464823.76	260000	50.750229	0.0	65860507	1518	260.0
1642464825.58	260000	52.495895	0.0	60900183	1289	260.0
1642464827.67	260000	54.246481	0.0	65223805	1597	260.0
1642464829.75	260000	55.80754	0.0	61492275	1618	260.0
1642464831.66	260000	57.574906	0.0	57534179	1332	260.0
1642464833.64	260000	59.220727	0.0	64191273	1502	260.0
1642464840.42	260000	59.832425	0.0	57421190	1358	260.0
1642464851.21	260000	59.842529	0.0	60358582	5620	260.0
1642464862.47	260000	59.883484	0.0	60581734	6686	260.0
1642464873.54	260000	59.863434	0.0	55686462	5081	260.0
1642464883.48	260000	59.825509	0.0	61687104	2943	260.0
1642464894.71	260000	59.972979	0.0	56994559	2716	260.0
1642464906.06	260000	59.820996	0.0	55162012	2737	260.0
1642464917.65	260000	59.929308	0.0	63612323	2995	260.0
1642464929.79	260000	59.885187	0.0	53712380	2614	260.0
1642464939.24	260000	59.788262	0.0	59826276	3407	260.0
1642464950.56	260000	59.998854	0.0	58861434	3234	260.0
1642464961.77	260000	59.873942	0.0	53320981	2219	260.0
1642464972.17	260000	59.845055	0.0	62494429	3458	260.0
1642464983.22	260000	59.978077	0.0	53458888	1141	260.0
1642464993.6	260000	59.795961	0.0	53798130	1373	260.0
1642465005.22	260000	59.86745	0.0	61358299	1539	260.0
1642465015.06	260000	59.954831	0.0	50406269	1355	260.0
1642465026.36	260000	59.890812	0.0	43226513	1389	260.0
1642465038.22	260000	59.841154	0.0	35938085	4479	260.0
1642465038.77	260000	59.744634	0.0	631698	334	260.0

1642465038.9	11700	59.744634	0.351	139786	3	-91.26
1642465038.95	260000	59.744634	0.0	631698	2	11.699999999999989
1642465039.73	8200	1.999999	0.108	2049018	343	-271.68
1642465039.84	260000	3.919193	0.0	1757078	10	8.199999999999989
1642465039.95	260000	5.804255	0.0	1560847	6	260.0
1642465040.05	260000	7.708759	0.0	1542805	4	260.0
1642465042.25	260000	7.504467	0.0	83554460	1325	260.0
1642465044.0	260000	7.759497	0.0	88770741	1052	260.0
1642465046.12	260000	7.64563	0.0	84756689	1414	260.0
1642465048.26	260000	7.927759	0.0	85798884	1633	260.0
1642465050.22	260000	9.440135	0.0	86059829	1362	260.0
1642465052.34	260000	11.022844	0.0	83431241	1533	260.0
1642465054.3	260000	12.853614	0.0	82198417	1470	260.0
