1642462527.9	8200	1.999999	0.354	546328	249	-92.04
1642462528.18	260000	3.729572	0.0	1757078	97	8.199999999999989
1642462528.36	260000	5.548131	0.0	1560847	15	260.0
1642462528.58	260000	7.324562	0.0	1542805	12	260.0
1642462529.12	32800	8.789638	0.0	12166782	273	-194.39999999999998
1642462529.37	11700	10.544351	0.0	4536725	46	-9.400000000000002
1642462531.65	260000	10.261185	0.0	84756689	1352	11.699999999999989
1642462533.74	260000	10.166141	0.0	85798884	1389	260.0
1642462536.23	260000	9.873776	0.0	86059829	1769	260.0
1642462538.35	260000	10.466566	0.0	83431241	1549	260.0
1642462540.37	260000	10.747162	0.0	82198417	1466	260.0
1642462542.43	260000	11.85601	0.0	79299299	1523	260.0
1642462544.7	260000	13.427915	0.0	75092129	1600	260.0
1642462547.1	260000	15.058568	0.0	78844622	1855	260.0
1642462549.62	260000	16.588509	0.0	77654479	1876	260.0
1642462552.05	260000	18.097671	0.0	75220977	1856	260.0
1642462554.6	260000	19.696131	0.0	79740890	1938	260.0
1642462557.08	260000	21.326485	0.0	78574581	1866	260.0
1642462559.68	260000	22.714526	0.0	78901633	1971	260.0
1642462562.4	260000	24.475459	0.0	79414941	2205	260.0
1642462564.91	260000	25.879484	0.0	73704781	2006	260.0
1642462567.65	260000	27.467792	0.0	80783826	2091	260.0
1642462570.3	260000	28.90788	0.0	77638812	1937	260.0
1642462572.71	260000	30.540434	0.0	74749470	1777	260.0
1642462574.88	260000	32.117362	0.0	75910911	1677	260.0
1642462576.83	260000	33.796219	0.0	74070687	1457	260.0
1642462578.71	260000	35.609681	0.0	73938718	1285	260.0
1642462580.71	260000	37.154138	0.0	73613985	1434	260.0
1642462582.68	260000	38.813898	0.0	69503182	1386	260.0
1642462585.38	260000	40.240042	0.0	72822670	2006	260.0
1642462587.9	260000	41.995296	0.0	70991563	2008	260.0
1642462590.31	260000	43.579518	0.0	66218671	1927	260.0
1642462592.85	260000	45.234166	0.0	71469145	2027	260.0
1642462595.22	260000	46.754636	0.0	64074874	1770	260.0
1642462597.42	260000	48.364176	0.0	65041967	1696	260.0
1642462599.45	260000	50.009006	0.0	65860507	1542	260.0
1642462601.19	260000	51.606913	0.0	60900183	1303	260.0
1642462603.17	260000	53.281384	0.0	65223805	1375	260.0
1642462605.19	260000	54.916457	0.0	61492275	1432	260.0
1642462607.23	260000	56.576091	0.0	57534179	1588	260.0
1642462609.25	260000	58.208734	0.0	64191273	1617	260.0
1642462611.57	260000	59.882837	0.0	57421190	1368	260.0
1642462620.02	260000	59.965447	0.0	60358582	1436	260.0
1642462633.6	260000	59.82456	0.0	60581734	1475	260.0
1642462644.56	260000	59.812578	0.0	55686462	1482	260.0
1642462654.16	260000	59.94354	0.0	61687104	1478	260.0
1642462665.21	260000	59.997037	0.0	56994559	1541	260.0
1642462678.14	260000	59.870479	0.0	55162012	1412	260.0
1642462689.77	260000	59.78859	0.0	63612323	1600	260.0
1642462701.35	260000	59.777146	0.0	53712380	3513	260.0
1642462710.22	260000	59.990239	0.0	59826276	2773	260.0
1642462724.17	260000	59.9036	0.0	58861434	1473	260.0
1642462735.66	260000	59.779067	0.0	53320981	1376	260.0
1642462745.5	260000	59.803229	0.0	62494429	1793	260.0
1642462756.73	260000	59.987834	0.0	53458888	1629	260.0
1642462768.09	260000	59.879021	0.0	53798130	1405	260.0
1642462777.7	260000	59.991311	0.0	61358299	1536	260.0
1642462789.16	260000	59.627805	0.0	50406269	1373	260.0
1642462799.25	260000	59.885219	0.0	43226513	1200	260.0
1642462808.78	260000	59.90169	0.0	35938085	1162	260.0
1642462809.33	260000	59.63602	0.0	631698	336	260.0

1642462809.44	11700	59.63602	0.354	139786	1	-92.04
1642462809.49	260000	59.63602	0.0	631698	1	11.699999999999989
1642462810.3	8200	1.999999	0.105	2049018	344	-270.90000000000003
1642462810.41	260000	3.918459	0.0	1757078	8	8.199999999999989
1642462810.5	260000	5.821675	0.0	1560847	5	260.0
1642462810.6	260000	7.726681	0.0	1542805	5	260.0
1642462813.19	260000	7.132011	0.0	83554460	1894	260.0
1642462815.35	260000	6.981354	0.0	88770741	1393	260.0
1642462817.11	260000	7.216118	0.0	84756689	1063	260.0
1642462818.92	260000	7.761865	0.0	85798884	1104	260.0
1642462821.05	260000	9.417455	0.0	86059829	1513	260.0
1642462823.25	260000	11.122315	0.0	83431241	1630	260.0
1642462825.38	260000	12.747243	0.0	82198417	1616	260.0
