1642465416.91	8200	1.999999	0.355	546328	251	-92.3
1642465417.22	260000	3.68897	0.0	1757078	119	8.199999999999989
1642465417.46	260000	5.455798	0.0	1560847	48	260.0
1642465417.67	260000	7.238106	0.0	1542805	38	260.0
1642465418.26	32800	8.658667	0.0	12166782	315	-194.39999999999998
1642465418.83	32800	10.080725	0.0	15664097	329	32.8
1642465420.86	152400	10.056586	0.0	68626847	1210	32.80000000000001
1642465425.86	260000	7.560358	0.0	85798884	4363	152.4
1642465434.73	260000	5.368801	0.0	86059829	8368	260.0
1642465440.01	260000	6.29777	0.0	83431241	4597	260.0
1642465444.35	260000	7.580581	0.0	82198417	3783	260.0
1642465446.71	152400	8.985996	0.0	48821461	1953	44.80000000000001
1642465449.41	152400	10.800847	0.0	44466772	2321	152.4
1642465451.84	152400	12.371075	0.0	45810515	2006	152.4
1642465456.4	260000	13.562274	0.0	77654479	3805	152.4
1642465461.46	260000	14.750429	0.0	75220977	4517	260.0
1642465463.86	260000	16.569707	0.0	79740890	1884	260.0
1642465465.52	260000	18.266886	0.0	78574581	1090	260.0
1642465467.14	260000	19.625059	0.0	78901633	993	260.0
1642465470.03	260000	21.472425	0.0	79414941	2348	260.0
1642465472.92	260000	22.77543	0.0	73704781	2377	260.0
1642465477.39	260000	24.095698	0.0	80783826	3943	260.0
1642465481.36	260000	25.441699	0.0	77638812	3459	260.0
1642465485.37	260000	26.685864	0.0	74749470	3271	260.0
1642465489.68	260000	28.219559	0.0	75910911	3632	260.0
1642465493.05	260000	29.475063	0.0	74070687	2820	260.0
1642465496.33	260000	30.493394	0.0	73938718	2776	260.0
1642465500.17	260000	31.357075	0.0	73613985	3228	260.0
1642465503.73	260000	32.178618	0.0	69503182	2945	260.0
1642465507.3	260000	33.204372	0.0	72822670	3088	260.0
1642465510.3	260000	34.167534	0.0	70991563	2563	260.0
1642465513.69	260000	35.562864	0.0	66218671	2941	260.0
1642465516.8	260000	37.05799	0.0	71469145	2671	260.0
1642465520.36	260000	38.410091	0.0	64074874	3096	260.0
1642465524.14	260000	39.73641	0.0	65041967	3340	260.0
1642465528.74	260000	40.947558	0.0	65860507	4012	260.0
1642465532.15	260000	42.255802	0.0	60900183	2852	260.0
1642465535.76	260000	43.594626	0.0	65223805	3013	260.0
1642465539.6	260000	45.01551	0.0	61492275	3295	260.0
1642465543.49	260000	46.219093	0.0	57534179	3420	260.0
1642465547.92	260000	47.564091	0.0	64191273	3955	260.0
1642465549.94	260000	49.287603	0.0	57421190	1567	260.0
1642465551.06	260000	51.080852	0.0	60358582	653	260.0
1642465552.3	260000	52.794416	0.0	60581734	753	260.0
1642465553.38	260000	54.566907	0.0	55686462	641	260.0
1642465555.43	260000	56.254629	0.0	61687104	1541	260.0
1642465556.88	260000	57.726448	0.0	56994559	948	260.0
1642465558.46	260000	59.726448	0.0	55162012	1038	260.0
1642465569.53	260000	59.883806	0.0	63612323	1603	260.0
1642465582.1	260000	59.906099	0.0	53712380	1544	260.0
1642465591.24	260000	59.987073	0.0	59826276	1680	260.0
1642465604.19	260000	59.877404	0.0	58861434	1050	260.0
1642465614.73	260000	59.894901	0.0	53320981	1494	260.0
1642465625.5	260000	59.850072	0.0	62494429	1624	260.0
1642465635.92	260000	59.61855	0.0	53458888	1430	260.0
1642465647.31	260000	59.895172	0.0	53798130	1425	260.0
1642465657.91	260000	59.720582	0.0	61358299	1523	260.0
1642465668.05	260000	59.886969	0.0	50406269	2104	260.0
1642465677.88	260000	59.757508	0.0	43226513	3846	260.0
1642465688.37	260000	59.884061	0.0	35938085	2108	260.0
1642465688.94	260000	59.917395	0.0	631698	340	260.0

1642465689.41	8200	1.999999	0.112	385365	15	-29.12
1642465689.52	260000	3.918003	0.0	1757078	3	8.199999999999989
1642465689.61	260000	5.824718	0.0	1560847	2	260.0
1642465689.7	260000	7.734716	0.0	1542805	3	260.0
1642465694.91	260000	4.529962	0.0	83554460	4236	260.0
1642465701.36	260000	3.314853	0.0	88770741	5709	260.0
1642465703.15	152400	5.002465	0.0	68626847	1215	44.80000000000001
1642465704.55	152400	6.735588	0.0	72320713	805	152.4
1642465706.18	152400	8.474188	0.0	70827999	1048	152.4
1642465709.71	260000	9.871847	0.0	83431241	2945	152.4
1642465712.92	260000	11.700838	0.0	82198417	2482	260.0
