1642449685.92	8200	1.999999	0.351	546328	249	-91.26
1642449686.21	260000	3.715724	0.0	1757078	97	8.199999999999989
1642449686.4	260000	5.521671	0.0	1560847	16	260.0
1642449686.64	260000	7.281635	0.0	1542805	7	260.0
1642449687.17	32800	8.751923	0.0	12166782	274	-194.39999999999998
1642449687.76	32800	10.167314	0.0	15664097	331	32.8
1642449688.2	32800	11.725919	0.0	15560661	209	32.8
1642449690.19	260000	11.739322	0.0	85798884	1200	32.80000000000001
1642449692.35	260000	11.575824	0.0	86059829	1584	260.0
1642449694.96	260000	11.325763	0.0	83431241	1867	260.0
1642449697.46	260000	11.655714	0.0	82198417	1744	260.0
1642449699.79	260000	12.372845	0.0	79299299	1781	260.0
1642449701.99	260000	13.326684	0.0	75092129	1638	260.0
1642449704.21	260000	13.740892	0.0	78844622	1687	260.0
1642449706.87	260000	15.582211	0.0	77654479	2118	260.0
1642449709.23	260000	17.194004	0.0	75220977	1903	260.0
1642449711.38	260000	18.795306	0.0	79740890	1691	260.0
1642449713.3	260000	20.390269	0.0	78574581	1438	260.0
1642449715.28	260000	22.121409	0.0	78901633	1462	260.0
1642449717.24	260000	23.839074	0.0	79414941	1439	260.0
1642449719.2	260000	25.409861	0.0	73704781	1461	260.0
1642449721.98	260000	27.054793	0.0	80783826	2180	260.0
1642449724.94	260000	28.423331	0.0	77638812	2419	260.0
1642449727.92	260000	29.531094	0.0	74749470	2200	260.0
1642449730.68	260000	31.495365	0.0	75910911	2204	260.0
1642449733.74	260000	33.025964	0.0	74070687	2607	260.0
1642449736.69	260000	34.502041	0.0	73938718	2283	260.0
1642449739.27	260000	36.003565	0.0	73613985	1880	260.0
1642449741.25	260000	37.593194	0.0	69503182	1460	260.0
1642449743.37	260000	39.178986	0.0	72822670	1659	260.0
1642449745.54	260000	40.750583	0.0	70991563	1718	260.0
1642449747.37	260000	42.492677	0.0	66218671	1363	260.0
1642449749.3	260000	44.197802	0.0	71469145	1278	260.0
1642449751.15	260000	45.930039	0.0	64074874	1373	260.0
1642449753.23	260000	47.58683	0.0	65041967	1461	260.0
1642449755.2	260000	49.081351	0.0	65860507	1540	260.0
1642449757.32	260000	50.77419	0.0	60900183	1542	260.0
1642449759.35	260000	52.364138	0.0	65223805	1537	260.0
1642449761.19	260000	54.00449	0.0	61492275	1370	260.0
1642449763.25	260000	55.570975	0.0	57534179	1620	260.0
1642449765.34	260000	57.17665	0.0	64191273	1624	260.0
1642449767.22	260000	58.72739	0.0	57421190	1433	260.0
1642449771.76	260000	59.764564	0.0	60358582	1458	260.0
1642449783.83	260000	59.826474	0.0	60581734	1456	260.0
1642449795.87	260000	59.911387	0.0	55686462	1482	260.0
1642449807.04	260000	59.824612	0.0	61687104	1519	260.0
1642449818.7	260000	59.879835	0.0	56994559	1499	260.0
1642449829.95	260000	59.826177	0.0	55162012	5720	260.0
1642449842.18	260000	59.782679	0.0	63612323	1652	260.0
1642449853.71	260000	59.899999	0.0	53712380	1477	260.0
1642449863.94	260000	59.629256	0.0	59826276	3156	260.0
