1642448888.16	8200	1.999999	0.349	546328	247	-90.74
1642448888.44	260000	3.727233	0.0	1757078	98	8.199999999999989
1642448888.63	260000	5.541373	0.0	1560847	18	260.0
1642448888.82	260000	7.352538	0.0	1542805	17	260.0
1642448889.36	32800	8.813068	0.0	12166782	281	-194.39999999999998
1642448889.96	32800	10.212089	0.0	15664097	356	32.8
1642448890.4	32800	11.765959	0.0	15560661	238	32.8
1642448893.08	260000	11.090372	0.0	85798884	1631	32.80000000000001
1642448896.35	260000	9.898702	0.0	86059829	2528	260.0
1642448899.37	260000	9.712842	0.0	83431241	2281	260.0
1642448902.85	260000	9.539743	0.0	82198417	2956	260.0
1642448906.0	260000	9.759567	0.0	79299299	2642	260.0
1642448908.88	260000	11.452623	0.0	75092129	2355	260.0
1642448911.67	260000	13.13146	0.0	78844622	2199	260.0
1642448914.01	260000	14.662123	0.0	77654479	1812	260.0
1642448916.03	260000	16.353639	0.0	75220977	1454	260.0
1642448917.82	260000	17.986392	0.0	79740890	1292	260.0
1642448919.71	260000	19.79677	0.0	78574581	1395	260.0
1642448921.88	260000	21.225113	0.0	78901633	1695	260.0
1642448923.95	260000	22.92881	0.0	79414941	1535	260.0
1642448926.13	260000	24.655712	0.0	73704781	1699	260.0
1642448928.5	260000	26.395158	0.0	80783826	1789	260.0
1642448931.31	260000	28.000288	0.0	77638812	2120	260.0
1642448933.92	260000	29.551853	0.0	74749470	1945	260.0
1642448940.16	260000	30.572654	0.0	75910911	5775	260.0
1642448941.94	260000	32.112702	0.0	74070687	1217	260.0
1642448944.09	260000	33.802198	0.0	73938718	1555	260.0
1642448946.37	260000	35.314426	0.0	73613985	1790	260.0
1642448948.82	260000	36.950653	0.0	69503182	1956	260.0
1642448951.26	260000	38.498488	0.0	72822670	1943	260.0
1642448953.67	260000	40.127943	0.0	70991563	1861	260.0
1642448955.8	260000	41.582494	0.0	66218671	1701	260.0
1642448958.04	260000	43.299737	0.0	71469145	1779	260.0
1642448960.13	260000	44.925621	0.0	64074874	1529	260.0
1642448962.08	260000	46.514582	0.0	65041967	1430	260.0
1642448963.78	260000	48.108432	0.0	65860507	1276	260.0
1642448965.55	260000	49.796808	0.0	60900183	1283	260.0
1642448967.27	260000	51.490655	0.0	65223805	1200	260.0
1642448968.91	260000	53.202132	0.0	61492275	1173	260.0
1642448970.47	260000	54.840128	0.0	57534179	1025	260.0
1642448972.06	260000	56.554471	0.0	64191273	1051	260.0
1642448973.64	260000	58.270146	0.0	57421190	1124	260.0
1642448975.32	260000	59.685087	0.0	60358582	1197	260.0
1642448985.51	260000	59.821893	0.0	60581734	1187	260.0
1642448997.12	260000	59.722683	0.0	55686462	1519	260.0
1642449007.18	260000	59.999255	0.0	61687104	1561	260.0
1642449018.77	260000	59.997968	0.0	56994559	1550	260.0
1642449030.31	260000	59.985317	0.0	55162012	1494	260.0
1642449043.47	260000	59.923796	0.0	63612323	1557	260.0
1642449055.89	260000	59.698591	0.0	53712380	1431	260.0
1642449067.14	260000	59.851524	0.0	59826276	1624	260.0
