1642388886.02	8200	1.999999	0.356	546328	251	-92.56
1642388886.43	260000	3.595573	0.0	1757078	167	8.199999999999989
1642388886.62	260000	5.409617	0.0	1560847	18	260.0
1642388886.81	260000	7.220629	0.0	1542805	14	260.0
1642388887.35	32800	8.676304	0.0	12166782	274	-194.39999999999998
1642388887.58	8200	10.44718	0.0	3361033	34	-16.400000000000002
1642388890.02	260000	10.008285	0.0	84756689	1319	8.199999999999989
1642388892.56	260000	9.469329	0.0	85798884	1696	260.0
1642388895.66	260000	9.104769	0.0	86059829	2325	260.0
1642388898.57	260000	8.484375	0.0	83431241	2113	260.0
1642388901.3	260000	9.579938	0.0	82198417	2042	260.0
1642388904.49	260000	11.059542	0.0	79299299	2381	260.0
1642388914.74	260000	11.121531	0.0	75092129	9681	260.0
1642388926.01	260000	11.196127	0.0	78844622	10681	260.0
1642388947.81	260000	9.728859	0.0	77654479	21033	260.0
1642388957.21	152400	9.998583	0.0	40301174	8882	44.80000000000001
1642388963.59	152400	10.799405	0.0	39676104	6015	152.4
1642388968.13	152400	12.096966	0.0	40793176	4163	152.4
1642388971.49	152400	13.476389	0.0	37608977	3016	152.4
1642388974.35	152400	14.822698	0.0	35738670	2497	152.4
1642388975.34	152400	16.648317	0.0	36020729	664	152.4
1642388979.47	152400	17.827271	0.0	36493721	3758	152.4
1642388980.34	152400	19.635535	0.0	37585290	427	152.4
1642388981.97	260000	21.309001	0.0	74749470	904	152.4
1642388983.82	260000	22.946967	0.0	75910911	1186	260.0
1642388986.03	260000	24.513168	0.0	74070687	1666	260.0
1642388988.27	260000	26.020639	0.0	73938718	1605	260.0
1642388990.96	260000	27.731912	0.0	73613985	1967	260.0
1642388993.5	260000	29.361957	0.0	69503182	2027	260.0
1642388996.19	260000	30.751865	0.0	72822670	2029	260.0
1642388999.02	260000	32.200736	0.0	70991563	2100	260.0
1642389001.45	260000	33.563569	0.0	66218671	1830	260.0
1642389003.89	260000	34.625062	0.0	71469145	1850	260.0
1642389005.89	260000	36.064644	0.0	64074874	1526	260.0
1642389007.91	260000	37.287547	0.0	65041967	1441	260.0
1642389009.84	260000	38.658975	0.0	65860507	1287	260.0
1642389011.4	260000	40.124833	0.0	60900183	1107	260.0
1642389013.23	260000	41.550866	0.0	65223805	1286	260.0
1642389015.12	260000	42.87812	0.0	61492275	1349	260.0
1642389016.9	260000	44.331618	0.0	57534179	1293	260.0
1642389018.84	260000	45.619431	0.0	64191273	1444	260.0
1642389020.51	260000	47.000035	0.0	57421190	1208	260.0
1642389022.42	260000	48.412107	0.0	60358582	1262	260.0
1642389024.42	260000	49.825729	0.0	60581734	1528	260.0
1642389026.33	260000	51.02974	0.0	55686462	1463	260.0
1642389028.88	260000	51.961766	0.0	61687104	2044	260.0
1642389031.33	260000	53.205108	0.0	56994559	1866	260.0
1642389033.88	260000	54.184032	0.0	55162012	2085	260.0
1642389036.76	260000	55.388188	0.0	63612323	2272	260.0
1642389039.35	260000	56.332424	0.0	53712380	2012	260.0
1642389041.9	260000	57.478342	0.0	59826276	2040	260.0
1642389044.33	260000	58.701715	0.0	58861434	1857	260.0
1642389046.45	260000	59.738856	0.0	53320981	1514	260.0
1642389056.45	260000	59.985476	0.0	62494429	2008	260.0
