1642404039.11	8200	1.999999	0.353	546328	248	-91.78
1642404039.38	260000	3.732009	0.0	1757078	99	8.199999999999989
1642404039.57	260000	5.546755	0.0	1560847	17	260.0
1642404039.75	260000	7.360762	0.0	1542805	15	260.0
1642404040.3	32800	8.821575	0.0	12166782	282	-194.39999999999998
1642404040.88	32800	10.23302	0.0	15664097	347	32.8
1642404041.38	32800	11.735271	0.0	15560661	257	32.8
1642404043.33	260000	11.785037	0.0	85798884	1058	32.80000000000001
1642404045.04	260000	12.078826	0.0	86059829	1163	260.0
1642404046.92	260000	12.199535	0.0	83431241	1287	260.0
1642404049.07	260000	12.773296	0.0	82198417	1425	260.0
1642404051.45	260000	13.317747	0.0	79299299	1672	260.0
1642404053.49	260000	14.172258	0.0	75092129	1555	260.0
1642404056.01	260000	14.566382	0.0	78844622	2006	260.0
1642404058.37	260000	15.773559	0.0	77654479	1870	260.0
1642404060.92	260000	17.425374	0.0	75220977	2038	260.0
1642404063.52	260000	18.921864	0.0	79740890	2048	260.0
1642404066.0	260000	20.531609	0.0	78574581	1955	260.0
1642404068.49	260000	22.081361	0.0	78901633	1951	260.0
1642404071.97	260000	23.45029	0.0	79414941	2748	260.0
1642404077.73	260000	24.431993	0.0	73704781	5186	260.0
1642404080.08	260000	26.116802	0.0	80783826	1812	260.0
1642404081.51	260000	27.796216	0.0	77638812	931	260.0
1642404083.02	260000	29.619072	0.0	74749470	834	260.0
1642404084.36	260000	31.462368	0.0	75910911	850	260.0
1642404086.07	260000	33.133377	0.0	74070687	1176	260.0
1642404087.93	260000	34.758876	0.0	73938718	1370	260.0
1642404090.31	260000	36.39632	0.0	73613985	1716	260.0
1642404092.51	260000	38.022305	0.0	69503182	1537	260.0
1642404094.69	260000	39.744763	0.0	72822670	1588	260.0
1642404096.86	260000	41.353338	0.0	70991563	1529	260.0
1642404098.88	260000	43.019518	0.0	66218671	1547	260.0
1642404100.98	260000	44.670217	0.0	71469145	1614	260.0
1642404102.84	260000	46.363471	0.0	64074874	1405	260.0
1642404105.15	260000	47.817374	0.0	65041967	1795	260.0
1642404107.27	260000	49.589453	0.0	65860507	1690	260.0
1642404109.53	260000	51.074115	0.0	60900183	1803	260.0
1642404111.84	260000	52.707044	0.0	65223805	1850	260.0
1642404114.01	260000	54.29647	0.0	61492275	1778	260.0
1642404116.17	260000	55.869274	0.0	57534179	1763	260.0
1642404118.4	260000	57.452156	0.0	64191273	1771	260.0
1642404120.56	260000	58.94845	0.0	57421190	1691	260.0
1642404125.48	260000	59.843842	0.0	60358582	2010	260.0
1642404136.76	260000	59.877658	0.0	60581734	4309	260.0
1642404147.36	260000	59.999475	0.0	55686462	6075	260.0
1642404159.18	260000	59.876843	0.0	61687104	5670	260.0
1642404169.94	260000	59.996346	0.0	56994559	2727	260.0
1642404180.68	260000	59.812686	0.0	55162012	2657	260.0
1642404191.79	260000	59.806703	0.0	63612323	3062	260.0
1642404203.47	260000	59.868528	0.0	53712380	2649	260.0
1642404212.36	260000	59.998238	0.0	59826276	2888	260.0
