1642403467.86	8200	1.999999	0.35	546328	247	-91.0
1642403468.15	260000	3.723618	0.0	1757078	97	8.199999999999989
1642403468.34	260000	5.524982	0.0	1560847	23	260.0
1642403468.55	260000	7.324093	0.0	1542805	24	260.0
1642403469.11	32800	8.758024	0.0	12166782	311	-194.39999999999998
1642403469.72	32800	10.151546	0.0	15664097	352	32.8
1642403471.51	152400	10.363844	0.0	68626847	1186	32.80000000000001
1642403475.64	152400	8.233591	0.0	72320713	3445	152.4
1642403480.06	152400	7.54689	0.0	70827999	3876	152.4
1642403481.53	32800	8.545431	0.0	12381646	1248	-86.8
1642403482.57	32800	9.908546	0.0	10179458	839	32.8
1642403483.33	32800	11.772491	0.0	7987681	559	32.8
1642403483.75	32800	13.772491	0.0	6249975	219	32.8
1642403484.16	32800	15.772491	0.0	6462926	227	32.8
1642403484.6	32800	17.612481	0.0	6930236	254	32.8
1642403485.05	32800	19.612481	0.0	7176786	265	32.8
1642403488.4	260000	20.894337	0.0	79740890	2622	32.80000000000001
1642403490.5	260000	22.429692	0.0	78574581	1583	260.0
1642403492.39	260000	24.058304	0.0	78901633	1297	260.0
1642403494.43	260000	25.754702	0.0	79414941	1508	260.0
1642403496.43	260000	27.35852	0.0	73704781	1334	260.0
1642403502.88	260000	28.030477	0.0	80783826	5757	260.0
1642403506.13	260000	29.399184	0.0	77638812	2631	260.0
1642403508.57	260000	30.86906	0.0	74749470	1928	260.0
1642403511.32	260000	32.17692	0.0	75910911	2082	260.0
1642403513.45	260000	33.290845	0.0	74070687	1621	260.0
1642403515.54	260000	33.846963	0.0	73938718	1386	260.0
1642403517.01	260000	34.932061	0.0	73613985	972	260.0
1642403518.42	260000	35.770715	0.0	69503182	913	260.0
1642403520.3	260000	36.357149	0.0	72822670	1259	260.0
1642403521.9	260000	36.871682	0.0	70991563	1086	260.0
1642403523.52	260000	37.305438	0.0	66218671	1149	260.0
1642403529.58	260000	34.389808	0.0	71469145	5530	260.0
1642403532.32	260000	35.596398	0.0	64074874	2093	260.0
1642403533.94	260000	37.325244	0.0	65041967	997	260.0
1642403535.72	260000	38.820295	0.0	65860507	1211	260.0
1642403537.81	260000	40.49786	0.0	60900183	1625	260.0
1642403539.92	260000	42.134095	0.0	65223805	1620	260.0
1642403541.86	260000	43.845316	0.0	61492275	1496	260.0
1642403543.85	260000	45.384193	0.0	57534179	1531	260.0
1642403546.26	260000	46.970798	0.0	64191273	1813	260.0
1642403553.36	260000	47.727671	0.0	57421190	6697	260.0
1642403561.41	260000	48.449541	0.0	60358582	7606	260.0
1642403568.87	260000	49.067434	0.0	60581734	6905	260.0
1642403573.0	260000	50.332887	0.0	55686462	3623	260.0
1642403574.85	260000	52.02773	0.0	61687104	1375	260.0
1642403575.83	152400	53.865155	0.0	35220717	628	44.80000000000001
1642403576.69	152400	55.588182	0.0	32694645	526	152.4
1642403577.99	260000	57.432854	0.0	63612323	861	152.4
1642403580.02	260000	58.933116	0.0	53712380	1653	260.0
1642403583.98	260000	59.995342	0.0	59826276	554	260.0
1642403596.42	260000	59.868017	0.0	58861434	857	260.0
1642403605.95	260000	59.807084	0.0	53320981	1537	260.0
1642403615.62	260000	59.822286	0.0	62494429	1652	260.0
1642403626.32	260000	59.992702	0.0	53458888	1610	260.0
1642403636.25	260000	59.79529	0.0	53798130	1422	260.0
1642403646.34	260000	59.991993	0.0	61358299	1583	260.0
